1.767,30,53,33
B0,mixamorig_Hips,-1,0.7837533354759216,0.018391190096735954,0.6204901337623596,0,-0.06368400156497955,0.9966351985931396,0.05066701024770737,0,-0.6174493432044983,-0.07933783531188965,0.7823377847671509,0,-0.1306241899728775,5.340240001678467,-0.18874280154705048,1
B1,mixamorig_Spine,0,0.9972487092018127,-0.07229644805192947,-0.013962209224700928,0,0.07283275574445724,0.941341757774353,0.3293542265892029,0,-0.010713495314121246,-0.32945525646209717,0.9440848231315613,0,0,0.6598849892616272,0.01105200033634901,1
B2,mixamorig_Spine1,1,0.9871640801429749,-0.13685342669487,-0.0823216587305069,0,0.1441776305437088,0.9853762984275818,0.0908004567027092,0,0.06869190186262131,-0.10150345414876938,0.9924596548080444,0,0,0.7699729800224304,0,1
B3,mixamorig_Spine2,2,0.9887423515319824,-0.12679438292980194,-0.07944457232952118,0,0.11784492433071136,0.9870638251304626,-0.1087106317281723,0,0.09220100939273834,0.0981249213218689,0.990893542766571,0,0,0.8799690008163452,0,1
B4,mixamorig_Neck,3,0.9345035552978516,-0.15773259103298187,-0.31907013058662415,0,0.037007544189691544,0.9346097111701965,-0.3537047505378723,0,0.3539993464946747,0.31873196363449097,0.8792322874069214,0,0,0.98996502161026,0,1
B5,mixamorig_Head,4,0.9579856991767883,0.08428075909614563,-0.27414435148239136,0,-0.024421926587820053,0.9763426780700684,0.2148345410823822,0,0.2857651114463806,-0.19911248981952667,0.9373807311058044,0,0,0.3413110077381134,0.08715499937534332,1
B6,mixamorig_HeadTop_End,5,1,0,0,0,0,1,0,0,0,0,1,0,0,2.428844928741455,0.6202170252799988,1
B7,mixamorig_LeftShoulder,3,0.1027970016002655,-0.004099397920072079,-0.9946918487548828,0,0.9294072389602661,-0.3559001386165619,0.09751684963703156,0,-0.35441356897354126,-0.9345022439956665,-0.03276633471250534,0,0.6129699945449829,0.8749449849128723,0.0022690000478178263,1
B8,mixamorig_LeftArm,7,0.9780570864677429,0.004240586422383785,0.20826932787895203,0,-0.09805477410554886,0.8914743661880493,0.44232338666915894,0,-0.18379294872283936,-0.4530395269393921,0.8723375201225281,0,0,1.2662559747695923,0,1
B9,mixamorig_LeftForeArm,8,0.8135115504264832,0.5719215869903564,-0.10372789949178696,0,-0.5704233050346375,0.8199975490570068,0.047047849744558334,0,0.11195680499076843,0.020910417661070824,0.9933164715766907,0,0,1.4578490257263184,0,1
B10,mixamorig_LeftHand,9,0.9574824571609497,-0.2881948947906494,-0.012520325370132923,0,0.2762061059474945,0.928196907043457,-0.24827204644680023,0,0.08322227001190186,0.23425009846687317,0.9683352708816528,0,0,1.7718620300292969,0,1
B11,mixamorig_LeftHandIndex1,10,0.9986909627914429,-0.04223872348666191,-0.0286109559237957,0,0.048590611666440964,0.9585211873054504,0.28073835372924805,0,0.01554117351770401,-0.28176671266555786,0.959330677986145,0,0,0.5459910035133362,0,1
B12,mixamorig_LeftHandIndex2,11,0.9292619228363037,0.33369046449661255,0.15846052765846252,0,-0.36937835812568665,0.8457843065261841,0.38485077023506165,0,-0.0055962358601391315,-0.4161592721939087,0.9092138409614563,0,0,0.20895400643348694,0,1
B13,mixamorig_LeftHandIndex3,12,0.7855710387229919,-0.5808919072151184,-0.21315717697143555,0,0.299795925617218,0.05594682693481445,0.9523388147354126,0,-0.5412898659706116,-0.8120296001434326,0.21809841692447662,0,0.09659499675035477,0.2691200077533722,0.02335299924015999,1
B14,mixamorig_LeftHandIndex4,13,1,0,0,0,0,1,0,0,0,0,1,0,-0.017209000885486603,0.026936000213027,-0.03339599817991257,1
B15,mixamorig_RightShoulder,3,0.2281574010848999,0.02500319853425026,0.9732719659805298,0,-0.9440444111824036,-0.238718643784523,0.2274385392665863,0,0.23804251849651337,-0.9707626104354858,-0.03084634803235531,0,-0.6129699945449829,0.8749340176582336,0.0015839999541640282,1
B16,mixamorig_RightArm,15,0.7508584260940552,0.46925339102745056,-0.4644032418727875,0,-0.029029110446572304,0.7261718511581421,0.6868780255317688,0,0.6595661640167236,-0.5022166967391968,0.5589584112167358,0,0,1.2662559747695923,0,1
B17,mixamorig_RightForeArm,16,0.6037845015525818,-0.771000862121582,-0.20127303898334503,0,0.7864197492599487,0.5356932878494263,0.30668261647224426,0,-0.12894238531589508,-0.3435325622558594,0.9301571846008301,0,0,1.457880973815918,0,1
B18,mixamorig_RightHand,17,0.8791690468788147,-0.47279974818229675,0.052296098321676254,0,0.4724988341331482,0.8540819883346558,-0.21681293845176697,0,0.057580046355724335,0.21514946222305298,0.9745116829872131,0,0,1.7720019817352295,0,1
B19,mixamorig_RightHandIndex1,18,0.9839370250701904,-0.1470963954925537,0.10114900022745132,0,0.05626700073480606,0.7932680249214172,0.6062673926353455,0,-0.16941800713539124,-0.5908374190330505,0.7888020277023315,0,0,0.780538022518158,0,1
B20,mixamorig_RightHandIndex2,19,0.8493279814720154,0.12577299773693085,0.5126630067825317,0,-0.5203350186347961,0.3629460036754608,0.7729949951171875,0,-0.08884699642658234,-0.9232829809188843,0.3737049996852875,0,0,0.1600950062274933,0,1
B21,mixamorig_RightHandIndex3,20,0.9512590169906616,-0.2016810029745102,-0.2333039939403534,0,0.13800300657749176,0.9549279808998108,-0.2628083825111389,0,0.2757920026779175,0.2178020030260086,0.9362159967422485,0,0.06565500050783157,0.09985899925231934,0.0016589999431744218,1
B22,mixamorig_RightHandIndex4,21,1,0,0,0,0,1,0,0,0,0,1,0,-0.0006259999936446548,0.010700000450015068,0.07341200113296509,1
B23,mixamorig_LeftUpLeg,0,-0.6780874729156494,0.055425502359867096,0.732852578163147,0,0.5593101382255554,-0.6079579591751099,0.5634923577308655,0,0.476778507232666,0.7920318245887756,0.38124924898147583,0,0.7412170171737671,-0.36634698510169983,0.0497560016810894,1
B24,mixamorig_LeftLeg,23,0.9554307460784912,-0.16255097091197968,-0.24588611721992493,0,-0.0708780437707901,0.6832015514373779,-0.7267611026763916,0,0.2861115634441376,0.7118410468101501,0.641202986240387,0,0,3.067483901977539,0,1
B25,mixamorig_LeftFoot,24,0.994999885559082,-0.09757392108440399,0.020393839105963707,0,0.06933844834566116,0.8244585990905762,0.5616217851638794,0,-0.07160744071006775,-0.5574229955673218,0.8271334171295166,0,0,2.7296791076660156,0,1
B26,mixamorig_LeftToeBase,25,0.9959489703178406,-0.0714862123131752,-0.05454539135098457,0,0.0857049971818924,0.5711364150047302,0.816368579864502,0,-0.027206214144825935,-0.8177366256713867,0.5749493837356567,0,0,0.35755500197410583,0,1
B27,mixamorig_LeftToe_End,26,1,0,0,0,0,1,0,0,0,0,1,0,0,0.17919300496578217,0,1
B28,mixamorig_RightUpLeg,0,-0.894282341003418,0.3236997723579407,-0.30864381790161133,0,-0.42127805948257446,-0.8403773903846741,0.34014591574668884,0,-0.14941345155239105,0.434391051530838,0.8878726959228516,0,-0.7412170171737671,-0.36634698510169983,0.06183899939060211,1
B29,mixamorig_RightLeg,28,0.9933446645736694,-0.11441264301538467,-0.011554374359548092,0,0.045495063066482544,0.4831664562225342,-0.8743008971214294,0,0.1056571826338768,0.8679909110069275,0.4851618707180023,0,0,3.067497968673706,0,1
B30,mixamorig_RightFoot,29,0.9045248031616211,0.29497745633125305,0.3078964650630951,0,-0.3840658366680145,0.24997128546237946,0.888813853263855,0,0.1852205991744995,-0.9222257137298584,0.33939218521118164,0,0,2.729706048965454,0,1
B31,mixamorig_RightToeBase,30,0.9976410269737244,0.04990600049495697,-0.04714199900627136,0,0.012357000261545181,0.5449439883232117,0.8383809924125671,0,0.06752999871969223,-0.8369860053062439,0.543042004108429,0,0,0.3452860116958618,0,1
B32,mixamorig_RightToe_End,31,1,0,0,0,0,1,0,0,0,0,1,0,0,0.17244300246238708,0,1
@28,0,1,2,3,4,5,7,8,9,10,11,12,13,15,16,17,18,19,20,21,23,24,25,26,28,29,30,31
K0.000,0.6383299827575684,0.04059800133109093,0.7686920166015625,0,-0.12704400718212128,0.9904699921607971,0.05318700149655342,0,-0.759207010269165,-0.1316079944372177,0.6374040246009827,0,0.03704100102186203,5.4261932373046875,0.00165200000628829,1,0.9982330203056335,-0.02550699934363365,-0.05367099866271019,0,0.03601200133562088,0.9781100153923035,0.2049500048160553,0,0.047269001603126526,-0.20652000606060028,0.9772999882698059,0,0,0.6598849892616272,0.01105200033634901,1,0.9925029873847961,-0.06574299931526184,-0.10303600132465363,0,0.0759740024805069,0.9922099709510803,0.09872999787330627,0,0.09574300050735474,-0.1058180034160614,0.989766001701355,0,0,0.7699729800224304,0,1,0.9925029873847961,-0.06570299714803696,-0.10306199640035629,0,0.05465500056743622,0.9928010106086731,-0.10657999664545059,0,0.10932300239801407,0.10014799982309341,0.9889479875564575,0,0,0.8799690008163452,0,1,0.9866660237312317,-0.000770999991800636,-0.1627569943666458,0,0.004569999873638153,0.9997259974479675,0.022967999801039696,0,0.1626950055360794,-0.023405000567436218,0.9863989949226379,0,0,0.98996502161026,0,1,0.9176589846611023,-0.08968400210142136,-0.3871150016784668,0,0.056501999497413635,0.9937490224838257,-0.09628599882125854,0,0.39333099126815796,0.06648500263690948,0.9169899821281433,0,0,0.3413110077381134,0.08715499937534332,1,0.2826550006866455,-0.030798999592661858,-0.9587270021438599,0,0.9382839798927307,-0.19881099462509155,0.28301501274108887,0,-0.19932200014591217,-0.9795539975166321,-0.027296999469399452,0,0.6129699945449829,0.8749449849128723,0.0022690000478178263,1,0.9814910292625427,0.0025510000996291637,0.1914920061826706,0,-0.11529800295829773,0.8062589764595032,0.5802170038223267,0,-0.15291200578212738,-0.5915570259094238,0.7916300296783447,0,0,1.2662559747695923,0,1,0.8283529877662659,0.4392949938774109,0.34763699769973755,0,-0.4932810068130493,0.866096019744873,0.0809440016746521,0,-0.26552900671958923,-0.23853300511837006,0.934128999710083,0,0,1.4578490257263184,0,1,0.9980660080909729,0.04133699834346771,-0.04642700031399727,0,-0.04658300057053566,0.9918860197067261,-0.11828900128602982,0,0.04116100072860718,0.12022300064563751,0.9918929934501648,0,0,1.7718620300292969,0,1,0.99481201171875,0.10062199831008911,0.01497699972242117,0,-0.10062000155448914,0.9949250221252441,-0.0008999999845400453,0,-0.014991000294685364,-0.0006120000034570694,0.9998869895935059,0,0,0.5459910035133362,0,1,0.9396089911460876,0.3420819938182831,0.010734999552369118,0,-0.3420419991016388,0.9396690130233765,-0.005386999808251858,0,-0.01193000003695488,0.0013899999903514981,0.9999279975891113,0,0,0.20895400643348694,0,1,0.7590299844741821,-0.6389099955558777,-0.12516699731349945,0,0.391414999961853,0.294187992811203,0.8719210028648376,0,-0.5202569961547852,-0.7108070254325867,0.473376989364624,0,0.09659499675035477,0.2691200077533722,0.02335299924015999,1,0.4145910143852234,0.07898999750614166,0.9065729975700378,0,-0.894914984703064,-0.14529700577259064,0.42191898822784424,0,0.16504999995231628,-0.9862300157546997,0.010449999943375587,0,-0.6129699945449829,0.8749340176582336,0.0015839999541640282,1,0.823531985282898,0.5672680139541626,-0.0016589999431744218,0,-0.3882580101490021,0.5657820105552673,0.7274240255355835,0,0.41358301043510437,-0.5984119772911072,0.6861860156059265,0,0,1.2662559747695923,0,1,0.6599050164222717,-0.7095649838447571,-0.24706999957561493,0,0.7423170208930969,0.666549026966095,0.06840000301599503,0,0.11614999920129776,-0.2285420000553131,0.9665809869766235,0,0,1.457880973815918,0,1,0.8117709755897522,-0.5839759707450867,0.0002500000118743628,0,0.5798649787902832,0.8061059713363647,0.11810900270938873,0,-0.06917399913072586,-0.09573200345039368,0.9930009841918945,0,0,1.7720019817352295,0,1,0.9839370250701904,-0.14709599316120148,0.10114900022745132,0,0.05626700073480606,0.7932680249214172,0.606266975402832,0,-0.16941800713539124,-0.5908370018005371,0.7888020277023315,0,0,0.780538022518158,0,1,0.8493279814720154,0.12577399611473083,0.5126630067825317,0,-0.5203350186347961,0.3629460036754608,0.7729949951171875,0,-0.08884599804878235,-0.9232829809188843,0.3737039864063263,0,0,0.1600950062274933,0,1,0.9512590169906616,-0.20168200135231018,-0.2333029955625534,0,0.13800300657749176,0.9549270272254944,-0.26280900835990906,0,0.2757920026779175,0.2178030014038086,0.9362159967422485,0,0.06565500050783157,0.09985899925231934,0.0016589999431744218,1,-0.6448450088500977,0.012520000338554382,0.7642109990119934,0,0.578773021697998,-0.6450449824333191,0.49893900752067566,0,0.49919700622558594,0.7640420198440552,0.40870699286460876,0,0.7412170171737671,-0.36634698510169983,0.0497560016810894,1,0.9329670071601868,-0.2277660071849823,-0.27873799204826355,0,-0.05245000123977661,0.6800739765167236,-0.7312650084495544,0,0.3561190068721771,0.696865975856781,0.6225399971008301,0,0,3.067483901977539,0,1,0.9876019954681396,-0.14872699975967407,-0.05021899938583374,0,0.14622299373149872,0.7552329897880554,0.6389380097389221,0,-0.057100001722574234,-0.6383600234985352,0.7676169872283936,0,0,2.7296791076660156,0,1,0.9985910058021545,-0.04347600042819977,-0.030424999073147774,0,0.04978499934077263,0.5691450238227844,0.8207290172576904,0,-0.018365999683737755,-0.8210870027542114,0.5705080032348633,0,0,0.35755500197410583,0,1,-0.908536970615387,0.34149599075317383,-0.24071000516414642,0,-0.416390985250473,-0.7874500155448914,0.4544689953327179,0,-0.03434799984097481,0.5131310224533081,0.8576229810714722,0,-0.7412170171737671,-0.36634698510169983,0.06183899939060211,1,0.9918619990348816,-0.025324000045657158,0.12477300316095352,0,0.11743099987506866,0.5606060028076172,-0.8197140097618103,0,-0.04918999969959259,0.8276960253715515,0.55901700258255,0,0,3.067497968673706,0,1,0.9168440103530884,0.32981300354003906,0.22499099373817444,0,-0.3343200087547302,0.3261829912662506,0.8842139840126038,0,0.2182369977235794,-0.8859050273895264,0.40932199358940125,0,0,2.729706048965454,0,1,0.9976410269737244,0.04990699887275696,-0.04713600128889084,0,0.012354999780654907,0.5448960065841675,0.8384130001068115,0,0.06752700358629227,-0.8370169997215271,0.5429940223693848,0,0,0.3452860116958618,0,1
K0.033,0.6399491429328918,0.03542894124984741,0.767599880695343,0,-0.11250481754541397,0.9924920201301575,0.047986950725317,0,-0.7601369619369507,-0.11706782877445221,0.6391301155090332,0,0.04852008819580078,5.41464376449585,0.01765812747180462,1,0.9982929825782776,-0.029611120000481606,-0.05035093426704407,0,0.03961610794067383,0.9766669273376465,0.21107612550258636,0,0.0429249033331871,-0.21271011233329773,0.9761719703674316,0,0,0.6598849892616272,0.01105200033634901,1,0.9940429925918579,-0.055049799382686615,-0.09406483173370361,0,0.06455378234386444,0.9927719831466675,0.1011730283498764,0,0.08781585097312927,-0.10664200782775879,0.9904119968414307,0,0,0.7699729800224304,0,1,0.9939450025558472,-0.053863774985075,-0.09576986730098724,0,0.04387379437685013,0.9936590194702148,-0.10352195799350739,0,0.10073884576559067,0.09869297593832016,0.9900060296058655,0,0,0.8799690008163452,0,1,0.9842609167098999,0.042009517550468445,-0.17165328562259674,0,-0.035288501530885696,0.998492956161499,0.042018063366413116,0,0.17316029965877533,-0.03529994934797287,0.9842609167098999,0,0,0.98996502161026,0,1,0.9129079580307007,-0.12326940149068832,-0.3891069293022156,0,0.08997239917516708,0.9906309247016907,-0.10274308919906616,0,0.3981259763240814,0.05878593027591705,0.9154450297355652,0,0,0.3413110077381134,0.08715499937534332,1,0.29573920369148254,-0.030580000951886177,-0.9547789692878723,0,0.9355599284172058,-0.19270701706409454,0.2959582209587097,0,-0.19304300844669342,-0.9807800054550171,-0.02838204614818096,0,0.6129699945449829,0.8749449849128723,0.0022690000478178263,1,0.9841989874839783,-0.019574301317334175,0.1759818196296692,0,-0.09133768081665039,0.7953128814697266,0.5992781519889832,0,-0.1516910344362259,-0.6058821082115173,0.780958890914917,0,0,1.2662559747695923,0,1,0.8174248933792114,0.4620363116264343,0.34400486946105957,0,-0.5172433257102966,0.8515757918357849,0.08531303703784943,0,-0.25352880358695984,-0.24767105281352997,0.9350840449333191,0,0,1.4578490257263184,0,1,0.9990890026092529,0.025719812139868736,-0.034058790653944016,0,-0.030293786898255348,0.9894869327545166,-0.1414153277873993,0,0.030063819140195847,0.14231830835342407,0.989363968372345,0,0,1.7718620300292969,0,1,0.9958800077438354,0.0894717276096344,0.01473197340965271,0,-0.08975572139024734,0.9957640171051025,0.019941527396440506,0,-0.012885945849120617,-0.021181520074605942,0.999692976474762,0,0,0.5459910035133362,0,1,0.9388560056686401,0.34363701939582825,0.021514274179935455,0,-0.3441040515899658,0.9386199116706848,0.024193743243813515,0,-0.0118799963966012,-0.030117793008685112,0.9994759559631348,0,0,0.20895400643348694,0,1,0.7606950402259827,-0.6355088949203491,-0.1321771740913391,0,0.38487881422042847,0.2776195704936981,0.8802241683006287,0,-0.5226950645446777,-0.7204552292823792,0.4557775557041168,0,0.09659499675035477,0.2691200077533722,0.02335299924015999,1,0.4107918441295624,0.08108100295066833,0.9081170558929443,0,-0.8947460651397705,-0.15549813210964203,0.41862785816192627,0,0.17515312135219574,-0.9845029711723328,0.008668974041938782,0,-0.6129699945449829,0.8749340176582336,0.0015839999541640282,1,0.8175691366195679,0.5743727684020996,-0.04093560576438904,0,-0.378182590007782,0.5891974568367004,0.7140198349952698,0,0.4342331290245056,-0.5682796835899353,0.698927104473114,0,0,1.2662559747695923,0,1,0.6526449918746948,-0.7128439545631409,-0.25672614574432373,0,0.7492319941520691,0.6576139330863953,0.078709177672863,0,0.11271896958351135,-0.24371623992919922,0.9632739424705505,0,0,1.457880973815918,0,1,0.830649197101593,-0.556759774684906,-0.006454081274569035,0,0.5546247363090515,0.8263291716575623,0.0978318303823471,0,-0.04913480952382088,-0.08484391123056412,0.9951819777488708,0,0,1.7720019817352295,0,1,0.9839370250701904,-0.14709599316120148,0.10114900022745132,0,0.05626700073480606,0.7932680249214172,0.606266975402832,0,-0.16941800713539124,-0.5908370018005371,0.7888020277023315,0,0,0.780538022518158,0,1,0.8493279814720154,0.12577399611473083,0.5126630067825317,0,-0.5203350186347961,0.3629460036754608,0.7729949951171875,0,-0.08884699642658234,-0.9232829809188843,0.3737049996852875,0,0,0.1600950062274933,0,1,0.9512590169906616,-0.2016810029745102,-0.2333029955625534,0,0.13800300657749176,0.9549279808998108,-0.26280900835990906,0,0.2757909893989563,0.2178030014038086,0.9362159967422485,0,0.06565500050783157,0.09985899925231934,0.0016589999431744218,1,-0.6425300240516663,0.0031789427157491446,0.7662540078163147,0,0.5850860476493835,-0.6436959505081177,0.49328503012657166,0,0.49480190873146057,0.7652750611305237,0.41173404455184937,0,0.7412170171737671,-0.36634698510169983,0.0497560016810894,1,0.9256808757781982,-0.2447582334280014,-0.2884591817855835,0,-0.05562305822968483,0.6661587953567505,-0.7437331080436707,0,0.37419429421424866,0.7045040726661682,0.6030357480049133,0,0,3.067483901977539,0,1,0.9891690015792847,-0.14222991466522217,-0.036278825253248215,0,0.13156279921531677,0.7494809627532959,0.6488210558891296,0,-0.0650910809636116,-0.6465670466423035,0.7600749135017395,0,0,2.7296791076660156,0,1,0.9985910058021545,-0.04347600042819977,-0.03042599931359291,0,0.04978499934077263,0.5691450238227844,0.8207280039787292,0,-0.018364999443292618,-0.8210870027542114,0.5705080032348633,0,0,0.35755500197410583,0,1,-0.9081040024757385,0.34293803572654724,-0.240291029214859,0,-0.4168280363082886,-0.7951371073722839,0.4404667913913727,0,-0.04001111164689064,0.5001498460769653,0.8650141358375549,0,-0.7412170171737671,-0.36634698510169983,0.06183899939060211,1,0.9920709729194641,-0.03211110830307007,0.1215079054236412,0,0.11850598454475403,0.5609679818153381,-0.8193119764328003,0,-0.04185285419225693,0.8272150158882141,0.560325026512146,0,0,3.067497968673706,0,1,0.913318932056427,0.33167701959609985,0.23630312085151672,0,-0.3456421196460724,0.32447394728660583,0.880482017993927,0,0.21536201238632202,-0.8858370184898376,0.4109889566898346,0,0,2.729706048965454,0,1,0.9976410269737244,0.04990699887275696,-0.04713499918580055,0,0.012353000231087208,0.5448949933052063,0.8384130001068115,0,0.06752700358629227,-0.8370180130004883,0.5429930090904236,0,0,0.3452860116958618,0,1
K0.067,0.6529778838157654,0.029480058699846268,0.7568030953407288,0,-0.09479417651891708,0.994566023349762,0.04304704815149307,0,-0.7514210343360901,-0.099849171936512,0.6522238850593567,0,0.05750991031527519,5.396789073944092,0.030330874025821686,1,0.998179018497467,-0.0414888821542263,-0.04378506541252136,0,0.05025489628314972,0.9734630584716797,0.2232578843832016,0,0.03336009755730629,-0.2250518798828125,0.9737759828567505,0,0,0.6598849892616272,0.01105200033634901,1,0.9964029788970947,-0.035096198320388794,-0.07712717354297638,0,0.043068211525678635,0.993615984916687,0.10426697134971619,0,0.07297515124082565,-0.10721398890018463,0.9915540218353271,0,0,0.7699729800224304,0,1,0.9961090087890625,-0.03168021887540817,-0.08223913609981537,0,0.02348720282316208,0.9948359727859497,-0.09874404221773148,0,0.08494215458631516,0.0964290201663971,0.9917089939117432,0,0,0.8799690008163452,0,1,0.9754570722579956,0.09364348649978638,-0.19928373396396637,0,-0.08562250435352325,0.9951460361480713,0.048512935638427734,0,0.20285870134830475,-0.03025905042886734,0.9787400364875793,0,0,0.98996502161026,0,1,0.9091410636901855,-0.163252592086792,-0.3831580579280853,0,0.12986759841442108,0.9852270483970642,-0.11163291335105896,0,0.39572203159332275,0.05173107236623764,0.9169120192527771,0,0,0.3413110077381134,0.08715499937534332,1,0.31707778573036194,-0.030786998569965363,-0.9479000568389893,0,0.928303062915802,-0.19458597898483276,0.31684279441833496,0,-0.1942029893398285,-0.9804019927978516,-0.03311895206570625,0,0.6129699945449829,0.8749449849128723,0.0022690000478178263,1,0.9862430095672607,-0.04982069879770279,0.1576181799173355,0,-0.0590263195335865,0.7845051288604736,0.6173058152198792,0,-0.15440696477890015,-0.6181168556213379,0.7707720994949341,0,0,1.2662559747695923,0,1,0.8046841025352478,0.4915347099304199,0.3329821228981018,0,-0.5457926988601685,0.8331731557846069,0.08906396478414536,0,-0.2336542010307312,-0.25340795516967773,0.9387179613113403,0,0,1.4578490257263184,0,1,0.9998859763145447,0.006946186535060406,-0.013387206010520458,0,-0.009164209477603436,0.9847880601882935,-0.17351968586444855,0,0.011978180147707462,0.17362268269062042,0.9847390651702881,0,0,1.7718620300292969,0,1,0.9980289936065674,0.061597276479005814,0.012000027112662792,0,-0.06230827048420906,0.9954130053520203,0.07259547710418701,0,-0.007474054116755724,-0.07320048660039902,0.9972890019416809,0,0,0.5459910035133362,0,1,0.9369170069694519,0.3461119830608368,0.0489257276058197,0,-0.34936293959617615,0.9317970871925354,0.09848726540803909,0,-0.01150200329720974,-0.10936720669269562,0.9939350485801697,0,0,0.20895400643348694,0,1,0.7650939226150513,-0.6263241171836853,-0.14950081706047058,0,0.3682361841201782,0.23511441051959991,0.8995128273963928,0,-0.528235912322998,-0.743262767791748,0.41051945090293884,0,0.09659499675035477,0.2691200077533722,0.02335299924015999,1,0.39453715085983276,0.08110599964857101,0.9152939319610596,0,-0.8994889259338379,-0.16946886479854584,0.40274113416671753,0,0.18777787685394287,-0.9821929931640625,0.0060920254327356815,0,-0.6129699945449829,0.8749340176582336,0.0015839999541640282,1,0.8286699056625366,0.5504242181777954,-0.10168039798736572,0,-0.33712342381477356,0.6358075141906738,0.6943321824073792,0,0.44682589173316956,-0.5410932898521423,0.7124348878860474,0,0,1.2662559747695923,0,1,0.6508110165596008,-0.7086870670318604,-0.2724108397960663,0,0.7512949705123901,0.6528920531272888,0.09637781977653503,0,0.1095530316233635,-0.26738476753234863,0.9573420882225037,0,0,1.457880973815918,0,1,0.8475528359413147,-0.5305092334747314,-0.014607919380068779,0,0.5298452377319336,0.8442798256874084,0.08034217357635498,0,-0.030289188027381897,-0.07583408802747726,0.9966599941253662,0,0,1.7720019817352295,0,1,0.9839370250701904,-0.14709599316120148,0.10114999860525131,0,0.05626700073480606,0.7932680249214172,0.6062679886817932,0,-0.16941900551319122,-0.5908380150794983,0.7888020277023315,0,0,0.780538022518158,0,1,0.8493279814720154,0.12577399611473083,0.5126630067825317,0,-0.5203350186347961,0.3629460036754608,0.7729949951171875,0,-0.08884599804878235,-0.9232829809188843,0.3737049996852875,0,0,0.1600950062274933,0,1,0.9512590169906616,-0.20168200135231018,-0.2333029955625534,0,0.13800400495529175,0.9549279808998108,-0.26280900835990906,0,0.2757909893989563,0.2178020030260086,0.9362159967422485,0,0.06565500050783157,0.09985899925231934,0.0016589999431744218,1,-0.6453679800033569,-0.0025349431671202183,0.763867974281311,0,0.5883469581604004,-0.6394280791282654,0.4949539601802826,0,0.487184077501297,0.7688469290733337,0.414156973361969,0,0.7412170171737671,-0.36634698510169983,0.0497560016810894,1,0.9133431315422058,-0.26897576451301575,-0.30570781230926514,0,-0.0616939403116703,0.6506931781768799,-0.7568298578262329,0,0.4024907350540161,0.7101059556007385,0.5777122378349304,0,0,3.067483901977539,0,1,0.990979015827179,-0.13270509243011475,-0.018726175650954247,0,0.1122731938958168,0.7457320690155029,0.6567179560661316,0,-0.07318491488695145,-0.6528959274291992,0.7539040446281433,0,0,2.7296791076660156,0,1,0.9985910058021545,-0.04347600042819977,-0.030424999073147774,0,0.04978499934077263,0.5691450238227844,0.8207290172576904,0,-0.018365999683737755,-0.8210870027542114,0.5705080032348633,0,0,0.35755500197410583,0,1,-0.9065849781036377,0.34530097246170044,-0.24263396859169006,0,-0.4189089834690094,-0.8060218691825867,0.41814321279525757,0,-0.05118288844823837,0.48072418570518494,0.8753768801689148,0,-0.7412170171737671,-0.36634698510169983,0.06183899939060211,1,0.9927899837493896,-0.042740896344184875,0.11198409646749496,0,0.11669301241636276,0.5580899715423584,-0.8215339779853821,0,-0.027384143322706223,0.8286790251731873,0.5590540170669556,0,0,3.067497968673706,0,1,0.9088440537452698,0.33559897541999817,0.24773988127708435,0,-0.3567828834056854,0.31769606471061707,0.8785070180892944,0,0.21611998975276947,-0.8868160247802734,0.40847304463386536,0,0,2.729706048965454,0,1,0.9976410269737244,0.04990699887275696,-0.04713499918580055,0,0.01235399954020977,0.5448960065841675,0.8384130001068115,0,0.06752599775791168,-0.8370169997215271,0.5429940223693848,0,0,0.3452860116958618,0,1
K0.100,0.6962689757347107,0.01630299910902977,0.7175949811935425,0,-0.07215200364589691,0.9962679743766785,0.04737300053238869,0,-0.7141450047492981,-0.08476000279188156,0.6948469877243042,0,0.044206999242305756,5.372632026672363,0.030966000631451607,1,0.997406005859375,-0.06460800021886826,-0.03172300010919571,0,0.06999199837446213,0.9733909964561462,0.2181980013847351,0,0.0167820006608963,-0.2198529988527298,0.9753890037536621,0,0,0.6598849892616272,0.01105200033634901,1,0.9988790154457092,0.0012289984151721,-0.0473099984228611,0,0.004353001713752747,0.9930379986763,0.11771400272846222,0,0.04712599888443947,-0.11778800189495087,0.991919994354248,0,0,0.7699729800224304,0,1,0.9983059763908386,0.006639997940510511,-0.0577940009534359,0,-0.01136199850589037,0.9965869784355164,-0.08176100254058838,0,0.057054001837968826,0.08227899670600891,0.9949749708175659,0,0,0.8799690008163452,0,1,0.9704740047454834,0.1420460045337677,-0.19494499266147614,0,-0.13377900421619415,0.9894840121269226,0.05500299856066704,0,0.20070800185203552,-0.027298999950289726,0.9792709946632385,0,0,0.98996502161026,0,1,0.9323989748954773,-0.14407199621200562,-0.3314729928970337,0,0.112574003636837,0.9872609972953796,-0.11244399845600128,0,0.34345099329948425,0.06752700358629227,0.936739981174469,0,0,0.3413110077381134,0.08715499937534332,1,0.3389210104942322,-0.0313589982688427,-0.9402920007705688,0,0.9196839928627014,-0.19958999752998352,0.3381499946117401,0,-0.19827699661254883,-0.9793779850006104,-0.038805000483989716,0,0.6129699945449829,0.8749449849128723,0.0022690000478178263,1,0.986847996711731,-0.07589899748563766,0.14272400736808777,0,-0.031539998948574066,0.7755470275878906,0.6305019855499268,0,-0.15854400396347046,-0.6267110109329224,0.762952983379364,0,0,1.2662559747695923,0,1,0.7849360108375549,0.5293269753456116,0.3220070004463196,0,-0.5823869705200195,0.8076969981193542,0.0919250026345253,0,-0.2114260047674179,-0.25968798995018005,0.9422640204429626,0,0,1.4578490257263184,0,1,0.9996939897537231,-0.022011999040842056,0.011274999007582664,0,0.023900998756289482,0.9770359992980957,-0.2117290049791336,0,-0.0063559990376234055,0.21193400025367737,0.9772629737854004,0,0,1.7718620300292969,0,1,0.9994760155677795,0.031890999525785446,0.005616000387817621,0,-0.03235099837183952,0.9910079836845398,0.129831001162529,0,-0.001425000256858766,-0.12994399666786194,0.9915199875831604,0,0,0.5459910035133362,0,1,0.9347929954528809,0.34631699323654175,0.07890799641609192,0,-0.3550350069999695,0.9176549911499023,0.1784909963607788,0,-0.010595999658107758,-0.19486699998378754,0.9807720184326172,0,0,0.20895400643348694,0,1,0.7701969742774963,-0.615352988243103,-0.16774199903011322,0,0.3498989939689636,0.1877640038728714,0.9177780151367188,0,-0.5332620143890381,-0.7655619978904724,0.3599259853363037,0,0.09659499675035477,0.2691200077533722,0.02335299924015999,1,0.3590349853038788,0.0774879977107048,0.9301019906997681,0,-0.9118800163269043,-0.18327300250530243,0.36726900935173035,0,0.19892099499702454,-0.9800029993057251,0.004858000203967094,0,-0.6129699945449829,0.8749340176582336,0.0015839999541640282,1,0.8493509888648987,0.5007100105285645,-0.16701200604438782,0,-0.2771350145339966,0.6923279762268066,0.6662420034408569,0,0.4492209851741791,-0.5195879936218262,0.7267929911613464,0,0,1.2662559747695923,0,1,0.6731240153312683,-0.681443989276886,-0.2872920036315918,0,0.7300950288772583,0.6741979718208313,0.1114410012960434,0,0.11775100231170654,-0.28476399183273315,0.951337993144989,0,0,1.457880973815918,0,1,0.8529599905014038,-0.5216119885444641,-0.019474999979138374,0,0.5216779708862305,0.8506190180778503,0.0655750036239624,0,-0.017638999968767166,-0.06609199941158295,0.9976580142974854,0,0,1.7720019817352295,0,1,0.9839370250701904,-0.14709700644016266,0.10114900022745132,0,0.05626700073480606,0.7932680249214172,0.6062679886817932,0,-0.16941800713539124,-0.5908370018005371,0.7888020277023315,0,0,0.780538022518158,0,1,0.8493279814720154,0.12577399611473083,0.5126630067825317,0,-0.5203359723091125,0.36294499039649963,0.7729949951171875,0,-0.08884599804878235,-0.9232829809188843,0.3737039864063263,0,0,0.1600950062274933,0,1,0.9512590169906616,-0.20168200135231018,-0.2333029955625534,0,0.13800400495529175,0.9549279808998108,-0.26280900835990906,0,0.2757909893989563,0.2178020030260086,0.9362159967422485,0,0.06565500050783157,0.09985899925231934,0.0016589999431744218,1,-0.6583939790725708,0.004005999304354191,0.7526630163192749,0,0.5872629880905151,-0.6227419972419739,0.5170249938964844,0,0.4707860052585602,0.7824169993400574,0.4076569974422455,0,0.7412170171737671,-0.36634698510169983,0.0497560016810894,1,0.8857010006904602,-0.3124310076236725,-0.34339600801467896,0,-0.07217299938201904,0.6380149722099304,-0.7666339874267578,0,0.45861199498176575,0.7037929892539978,0.5425419807434082,0,0,3.067483901977539,0,1,0.9932600259780884,-0.1158280000090599,0.004249999299645424,0,0.08479300141334534,0.7511469721794128,0.6546670198440552,0,-0.07902099937200546,-0.6498939990997314,0.7559059858322144,0,0,2.7296791076660156,0,1,0.9985910058021545,-0.04347600042819977,-0.03042599931359291,0,0.04978499934077263,0.5691450238227844,0.8207280039787292,0,-0.018364999443292618,-0.8210870027542114,0.5705080032348633,0,0,0.35755500197410583,0,1,-0.9054089784622192,0.33987900614738464,-0.254395991563797,0,-0.416456013917923,-0.8274359703063965,0.3767150044441223,0,-0.08245900273323059,0.44702601432800293,0.8907120227813721,0,-0.7412170171737671,-0.36634698510169983,0.06183899939060211,1,0.9941679835319519,-0.06808599829673767,0.08362700045108795,0,0.10736300051212311,0.552137017250061,-0.8268120288848877,0,0.0101209981366992,0.830968976020813,0.5562270283699036,0,0,3.067497968673706,0,1,0.9021480083465576,0.34439998865127563,0.2598400115966797,0,-0.36792001128196716,0.2996239960193634,0.880262017250061,0,0.22530700266361237,-0.889726996421814,0.3970170021057129,0,0,2.729706048965454,0,1,0.9976410269737244,0.049908000975847244,-0.04713499918580055,0,0.012353000231087208,0.5448949933052063,0.8384130001068115,0,0.06752700358629227,-0.8370169997215271,0.5429940223693848,0,0,0.3452860116958618,0,1
K0.133,0.7834689617156982,-0.01767960749566555,0.621179461479187,0,-0.023925120010972023,0.9979959726333618,0.058579884469509125,0,-0.6209704875946045,-0.06075750291347504,0.7814760208129883,0,-0.013009903021156788,5.355010032653809,0.02677301876246929,1,0.9961490035057068,-0.08732416480779648,-0.007914776913821697,0,0.08707109838724136,0.9745379090309143,0.20662452280521393,0,-0.010330305434763432,-0.2065184861421585,0.9783878922462463,0,0,0.6598849892616272,0.01105200033634901,1,0.9993249773979187,0.03656214848160744,-0.003484622808173299,0,-0.0358651839196682,0.991891086101532,0.12192462384700775,0,0.007913623936474323,-0.12171764671802521,0.9925330877304077,0,0,0.7699729800224304,0,1,0.9988579750061035,0.04423322156071663,-0.018074655905365944,0,-0.04543318599462509,0.9963329434394836,-0.07250531762838364,0,0.01480161864310503,0.07324330508708954,0.9972040057182312,0,0,0.8799690008163452,0,1,0.9822638630867004,0.17466197907924652,-0.06818758696317673,0,-0.160592719912529,0.9714060425758362,0.17487148940563202,0,0.09678225219249725,-0.1608199030160904,0.9822270274162292,0,0,0.98996502161026,0,1,0.9878138303756714,0.030670011416077614,-0.15258657932281494,0,-0.051368597894907,0.9896997213363647,-0.1336236298084259,0,0.1469172239303589,0.13983331620693207,0.9792150259017944,0,0,0.3413110077381134,0.08715499937534332,1,0.43408024311065674,-0.03505504131317139,-0.9001913070678711,0,0.8736002445220947,-0.22763419151306152,0.4301222264766693,0,-0.21999205648899078,-0.9731159210205078,-0.06818738579750061,0,0.6129699945449829,0.8749449849128723,0.0022690000478178263,1,0.979918897151947,-0.08724663406610489,0.17929768562316895,0,-0.04776855185627937,0.770293653011322,0.6358970999717712,0,-0.19359157979488373,-0.6316924095153809,0.7506576776504517,0,0,1.2662559747695923,0,1,0.8088112473487854,0.5224871039390564,0.2698726952075958,0,-0.5598318576812744,0.8246030211448669,0.08134949952363968,0,-0.18003404140472412,-0.21687953174114227,0.9594532251358032,0,0,1.4578490257263184,0,1,0.9887174963951111,-0.1424996256828308,-0.04617209732532501,0,0.12270472943782806,0.9472780227661133,-0.29598695039749146,0,0.08591695874929428,0.28698140382766724,0.954075038433075,0,0,1.7718620300292969,0,1,0.9965848922729492,-0.06733951717615128,-0.04778959974646568,0,0.07952775806188583,0.9384833574295044,0.33604228496551514,0,0.022221168503165245,-0.33869537711143494,0.9406334161758423,0,0,0.5459910035133362,0,1,0.9270679354667664,0.32437863945961,0.18794667720794678,0,-0.37488412857055664,0.8058847188949585,0.4582696259021759,0,-0.0028099105693399906,-0.49530476331710815,0.8687136769294739,0,0,0.20895400643348694,0,1,0.7917791604995728,-0.5662655830383301,-0.2289743423461914,0,0.28065651655197144,0.004325718153268099,0.9597980380058289,0,-0.5425099730491638,-0.8242111802101135,0.162350594997406,0,0.09659499675035477,0.2691200077533722,0.02335299924015999,1,0.3154515027999878,0.07371404767036438,0.9460741877555847,0,-0.923224925994873,-0.2066887468099594,0.3239365220069885,0,0.21942171454429626,-0.9756258130073547,0.002853945130482316,0,-0.6129699945449829,0.8749340176582336,0.0015839999541640282,1,0.8572717905044556,0.470071405172348,-0.2100399136543274,0,-0.25071364641189575,0.7374511361122131,0.6271435618400574,0,0.44969698786735535,-0.48497238755226135,0.750049352645874,0,0,1.2662559747695923,0,1,0.7086980938911438,-0.6341756582260132,-0.3091413974761963,0,0.6895827054977417,0.715242326259613,0.1135948970913887,0,0.14907246828079224,-0.29368308186531067,0.9442079067230225,0,0,1.457880973815918,0,1,0.8602911829948425,-0.509002685546875,-0.02853807620704174,0,0.5097147226333618,0.8577571511268616,0.06666497141122818,0,-0.009453893639147282,-0.07189801335334778,0.9973670244216919,0,0,1.7720019817352295,0,1,0.9839370250701904,-0.14709700644016266,0.10114999860525131,0,0.05626700073480606,0.7932680249214172,0.606266975402832,0,-0.16941900551319122,-0.5908370018005371,0.7888020277023315,0,0,0.780538022518158,0,1,0.849327027797699,0.12577399611473083,0.5126640200614929,0,-0.5203359723091125,0.3629469871520996,0.7729939818382263,0,-0.08884699642658234,-0.9232820272445679,0.3737049996852875,0,0,0.1600950062274933,0,1,0.9512590169906616,-0.20168200135231018,-0.2333039939403534,0,0.13800400495529175,0.9549279808998108,-0.2628079950809479,0,0.2757920026779175,0.2178020030260086,0.9362159967422485,0,0.06565500050783157,0.09985899925231934,0.0016589999431744218,1,-0.6840792894363403,0.018715035170316696,0.7291676998138428,0,0.5793929100036621,-0.593339741230011,0.5587953329086304,0,0.443101704120636,0.8047351837158203,0.39504796266555786,0,0.7412170171737671,-0.36634698510169983,0.0497560016810894,1,0.8253490328788757,-0.3838878273963928,-0.41403889656066895,0,-0.08941321074962616,0.6351840496063232,-0.7671679258346558,0,0.5574972033500671,0.6702023148536682,0.48992425203323364,0,0,3.067483901977539,0,1,0.9958770275115967,-0.08652064949274063,0.027270112186670303,0,0.0498356893658638,0.772977352142334,0.632472574710846,0,-0.07580085843801498,-0.628506600856781,0.7741023302078247,0,0,2.7296791076660156,0,1,0.9985910058021545,-0.04347499832510948,-0.030424999073147774,0,0.04978400096297264,0.5691450238227844,0.8207290172576904,0,-0.018364999443292618,-0.8210870027542114,0.5705080032348633,0,0,0.35755500197410583,0,1,-0.903232991695404,0.31752458214759827,-0.2887014150619507,0,-0.3963373005390167,-0.8751886487007141,0.2774192690849304,0,-0.16458018124103546,0.36499735713005066,0.9163462519645691,0,-0.7412170171737671,-0.36634698510169983,0.06183899939060211,1,0.9938889145851135,-0.10814645886421204,0.022098051384091377,0,0.07938157021999359,0.5611814260482788,-0.823876678943634,0,0.07669889181852341,0.8205965757369995,0.5663373470306396,0,0,3.067497968673706,0,1,0.893592894077301,0.3571101725101471,0.27196204662323,0,-0.3785080909729004,0.2737758159637451,0.8841819763183594,0,0.24129319190979004,-0.8930389285087585,0.37981393933296204,0,0,2.729706048965454,0,1,0.9976410269737244,0.04990699887275696,-0.04713499918580055,0,0.01235399954020977,0.5448960065841675,0.8384130001068115,0,0.06752700358629227,-0.8370169997215271,0.5429940223693848,0,0,0.3452860116958618,0,1
