1.900,30,56,33
B0,mixamorig_Hips,-1,0.9824410080909729,-0.016665879637002945,0.1858268529176712,0,0.012409962713718414,0.9996337294578552,0.024045726284384727,0,-0.1861594170331955,-0.021318240091204643,0.9822883605957031,0,0.00008640115993330255,6.327731132507324,0.0028033023700118065,1
B1,mixamorig_Spine,0,0.9992979764938354,0.014641312882304192,-0.03447277843952179,0,-0.009274892508983612,0.9884951710700989,0.15096643567085266,0,0.03628658130764961,-0.15054063498973846,0.9879369139671326,0,0,0.6598849892616272,0.01105200033634901,1
B2,mixamorig_Spine1,1,0.9971607327461243,0.01998983509838581,-0.07260274142026901,0,-0.018136179074645042,0.9994945526123047,0.026102138683199883,0,0.07308828830718994,-0.02471103146672249,0.9970192909240723,0,0,0.7699729800224304,0,1
B3,mixamorig_Spine2,2,0.9976697564125061,0.019208278506994247,-0.0654616504907608,0,-0.030504552647471428,0.9838796257972717,-0.17620867490768433,0,0.06102227792143822,0.17779430747032166,0.9821731448173523,0,0,0.8799690008163452,0,1
B4,mixamorig_Neck,3,0.9927497506141663,-0.11671441793441772,-0.028744548559188843,0,0.11787640303373337,0.9921034574508667,0.04271848499774933,0,0.023533592000603676,-0.04579748585820198,0.9986680746078491,0,0,0.98996502161026,0,1
B5,mixamorig_Head,4,0.9898619651794434,0.13962970674037933,0.026011686772108078,0,-0.14144618809223175,0.9857224822044373,0.09134004265069962,0,-0.012886028736829758,-0.09409298747777939,0.9954797029495239,0,0,0.3413110077381134,0.08715499937534332,1
B6,mixamorig_HeadTop_End,5,1,0,0,0,0,1,0,0,0,0,1,0,0,2.428844928741455,0.6202170252799988,1
B7,mixamorig_LeftShoulder,3,-0.010615795850753784,-0.02115166187286377,-0.9997190237045288,0,0.9674264192581177,-0.2531002163887024,-0.0049178763292729855,0,-0.2529256343841553,-0.9672082662582397,0.023150764405727386,0,0.6129699945449829,0.8749449849128723,0.0022690000478178263,1
B8,mixamorig_LeftArm,7,0.9990072846412659,-0.03443567827343941,0.028022978454828262,0,-0.011089920997619629,0.4176206588745117,0.908547580242157,0,-0.04298989847302437,-0.9079647064208984,0.41683316230773926,0,0,1.2662559747695923,0,1
B9,mixamorig_LeftForeArm,8,0.9613266587257385,0.27271074056625366,-0.03836566582322121,0,-0.2731096148490906,0.9619660377502441,-0.005505797918885946,0,0.035405613481998444,0.01577366329729557,0.9992446303367615,0,0,1.4578490257263184,0,1
B10,mixamorig_LeftHand,9,0.9989466071128845,-0.02610429935157299,-0.03772912546992302,0,0.02982030250132084,0.9943835735321045,0.10154331475496292,0,0.03486732393503189,-0.10256149619817734,0.9941144585609436,0,0,1.7718620300292969,0,1
B11,mixamorig_LeftHandIndex1,10,0.9968789219856262,0.07819879055023193,-0.010825326666235924,0,-0.07677283883094788,0.9922363758087158,0.09781406819820404,0,0.018390854820609093,-0.09667795151472092,0.995143473148346,0,0,0.5459910035133362,0,1
B12,mixamorig_LeftHandIndex2,11,0.9334574937820435,0.34518468379974365,0.09748601168394089,0,-0.3585902154445648,0.904387891292572,0.23127979040145874,0,-0.008330747485160828,-0.2508467733860016,0.9679881930351257,0,0,0.20895400643348694,0,1
B13,mixamorig_LeftHandIndex3,12,0.7612214684486389,-0.633730411529541,-0.13757388293743134,0,0.37842777371406555,0.26182135939598083,0.8878273963928223,0,-0.5266247391700745,-0.7278948426246643,0.43912485241889954,0,0.09659499675035477,0.2691200077533722,0.02335299924015999,1
B14,mixamorig_LeftHandIndex4,13,1,0,0,0,0,1,0,0,0,0,1,0,-0.017209000885486603,0.026936000213027,-0.03339599817991257,1
B15,mixamorig_RightShoulder,3,-0.027094583958387375,0.016540126875042915,0.9994961023330688,0,-0.969582736492157,-0.24374878406524658,-0.022250263020396233,0,0.24325814843177795,-0.9696977734565735,0.02264164574444294,0,-0.6129699945449829,0.8749340176582336,0.0015839999541640282,1
B16,mixamorig_RightArm,15,0.9863978624343872,0.0848911926150322,0.14073126018047333,0,-0.16435150802135468,0.5141541361808777,0.8418022990226746,0,-0.0008978426340036094,-0.8534822463989258,0.5211165547370911,0,0,1.2662559747695923,0,1
B17,mixamorig_RightForeArm,16,0.9090754389762878,-0.4102354645729065,0.07272326201200485,0,0.4123099148273468,0.9109101295471191,-0.015584270469844341,0,-0.05985041707754135,0.044152405112981796,0.9972296953201294,0,0,1.457880973815918,0,1
B18,mixamorig_RightHand,17,0.9964383840560913,0.05478798225522041,0.06407859176397324,0,-0.056224677711725235,0.9981982111930847,0.02085285820066929,0,-0.06282271444797516,-0.02438284270465374,0.9977251291275024,0,0,1.7720019817352295,0,1
B19,mixamorig_RightHandIndex1,18,0.9966764450073242,-0.0804758295416832,0.012629663571715355,0,0.07815834879875183,0.9884046316146851,0.13017573952674866,0,-0.02295936644077301,-0.12875600159168243,0.9914096593856812,0,0,0.780538022518158,0,1
B20,mixamorig_RightHandIndex2,19,0.848621129989624,0.49268200993537903,0.19263038039207458,0,-0.5288565754890442,0.7986591458320618,0.28714656829833984,0,-0.012374332174658775,-0.3455524742603302,0.9383175373077393,0,0,0.1600950062274933,0,1
B21,mixamorig_RightHandIndex3,20,0.7784931063652039,-0.41286787390708923,-0.47274544835090637,0,-0.20919795334339142,0.539447546005249,-0.8156168460845947,0,0.5917634963989258,0.7338489890098572,0.3335854709148407,0,0.06565500050783157,0.09985899925231934,0.0016589999431744218,1
B22,mixamorig_RightHandIndex4,21,1,0,0,0,0,1,0,0,0,0,1,0,-0.0006259999936446548,0.010700000450015068,0.07341200113296509,1
B23,mixamorig_LeftUpLeg,0,-0.9504677653312683,-0.15787632763385773,0.26774048805236816,0,0.21072810888290405,-0.960507333278656,0.18170303106307983,0,0.22848056256771088,0.22912345826625824,0.9462005496025085,0,0.7412170171737671,-0.36634698510169983,0.0497560016810894,1
B24,mixamorig_LeftLeg,23,0.9974623322486877,0.0454568937420845,0.054787855595350266,0,-0.026585716754198074,0.9517672061920166,-0.3056584596633911,0,-0.06604006141424179,0.3034266531467438,0.9505615234375,0,0,3.067483901977539,0,1
B25,mixamorig_LeftFoot,24,0.9834194183349609,-0.18073636293411255,0.014874364249408245,0,0.12652121484279633,0.7425563335418701,0.6577249765396118,0,-0.12992022931575775,-0.6449366807937622,0.753110945224762,0,0,2.7296791076660156,0,1
B26,mixamorig_LeftToeBase,25,0.9966575503349304,-0.05895109847187996,0.056555233895778656,0,-0.016250524669885635,0.535382866859436,0.8444527387619019,0,-0.08006052672863007,-0.8425489068031311,0.5326358675956726,0,0,0.35755500197410583,0,1
B27,mixamorig_LeftToe_End,26,1,0,0,0,0,1,0,0,0,0,1,0,0,0.17919300496578217,0,1
B28,mixamorig_RightUpLeg,0,-0.9788217544555664,0.09714144468307495,-0.1802004873752594,0,-0.1143927201628685,-0.9895351529121399,0.0879226103425026,0,-0.16977396607398987,0.10667401552200317,0.9796900749206543,0,-0.7412170171737671,-0.36634698510169983,0.06183899939060211,1
B29,mixamorig_RightLeg,28,0.9954423904418945,-0.04117794334888458,-0.08601491898298264,0,0.011652068234980106,0.9477216005325317,-0.31886786222457886,0,0.09464970976114273,0.3164127469062805,0.9438826441764832,0,0,3.067497968673706,0,1
B30,mixamorig_RightFoot,29,0.9870060086250305,0.13110890984535217,0.09289383888244629,0,-0.15781792998313904,0.6823115944862366,0.7138218283653259,0,0.03020520508289337,-0.7192066311836243,0.6941369771957397,0,0,2.729706048965454,0,1
B31,mixamorig_RightToeBase,30,0.99705970287323,0.056063439697027206,-0.05224597454071045,0,0.021625062450766563,0.4482211470603943,0.8936610221862793,0,0.07351994514465332,-0.8921632766723633,0.4456901550292969,0,0,0.3452860116958618,0,1
B32,mixamorig_RightToe_End,31,1,0,0,0,0,1,0,0,0,0,1,0,0,0.17244300246238708,0,1
@28,0,1,2,3,4,5,7,8,9,10,11,12,13,15,16,17,18,19,20,21,23,24,25,26,28,29,30,31
K0.000,0.9782220125198364,-0.018180999904870987,0.20676599442958832,0,0.009371000342071056,0.9990090131759644,0.04350699856877327,0,-0.20735199749469757,-0.04062199965119362,0.9774230122566223,0,0.029225999489426613,6.278279781341553,-0.05256500095129013,1,0.9993619918823242,0.013788999989628792,-0.032937001436948776,0,-0.00762300007045269,0.9835500121116638,0.18047399818897247,0,0.034883998334407806,-0.1801079958677292,0.983027994632721,0,0,0.6598849892616272,0.01105200033634901,1,0.9973999857902527,0.018343999981880188,-0.06969500333070755,0,-0.014790999703109264,0.9985809922218323,0.05115799978375435,0,0.07053399831056595,-0.04999399930238724,0.9962559938430786,0,0,0.7699729800224304,0,1,0.9973999857902527,0.018371999263763428,-0.06968700140714645,0,-0.02898400090634823,0.9875720143318176,-0.1544719934463501,0,0.06598299741744995,0.15609000623226166,0.9855359792709351,0,0,0.8799690008163452,0,1,0.9919350147247314,-0.12416400015354156,-0.025459999218583107,0,0.12149199843406677,0.9886680245399475,-0.08817300200462341,0,0.0361189991235733,0.08436799794435501,0.9957799911499023,0,0,0.98996502161026,0,1,0.9914109706878662,0.1298850029706955,0.015287999995052814,0,-0.13076800107955933,0.9861649870872498,0.10187699645757675,0,-0.0018439999548718333,-0.10300099849700928,0.9946799874305725,0,0,0.3413110077381134,0.08715499937534332,1,0.0033829999156296253,-0.022856999188661575,-0.9997329711914062,0,0.9693179726600647,-0.2456510066986084,0.00889699999243021,0,-0.24578799307346344,-0.9690889716148376,0.021323999390006065,0,0.6129699945449829,0.8749449849128723,0.0022690000478178263,1,0.997044026851654,0.026499999687075615,0.07211899757385254,0,-0.07637400180101395,0.4442709982395172,0.8926309943199158,0,-0.008384999819099903,-0.8955000042915344,0.44498199224472046,0,0,1.2662559747695923,0,1,0.9626200199127197,0.27085399627685547,-0.0010689999908208847,0,-0.27085599303245544,0.9626079797744751,-0.0046640001237392426,0,-0.00023499999952036887,0.004780000075697899,0.9999889731407166,0,0,1.4578490257263184,0,1,0.9990609884262085,-0.0010610000463202596,-0.043303001672029495,0,0.0048420000821352005,0.9961699843406677,0.08729799836874008,0,0.04304400086402893,-0.08742599934339523,0.9952409863471985,0,0,1.7718620300292969,0,1,0.9970570206642151,0.07586400210857391,-0.011083000339567661,0,-0.07495799660682678,0.994933009147644,0.06701000034809113,0,0.016110999509692192,-0.06598199903964996,0.9976909756660461,0,0,0.5459910035133362,0,1,0.9341440200805664,0.3461650013923645,0.08686500042676926,0,-0.3567869961261749,0.9118229746818542,0.20318199694156647,0,-0.00887100026011467,-0.2207929939031601,0.9752799868583679,0,0,0.20895400643348694,0,1,0.7587299942970276,-0.6388880014419556,-0.1270889937877655,0,0.3882020115852356,0.2868030071258545,0.8758100271224976,0,-0.5230950117111206,-0.7138389945030212,0.46562400460243225,0,0.09659499675035477,0.2691200077533722,0.02335299924015999,1,0.002283999929204583,0.022794999182224274,0.9997379779815674,0,-0.9693120121955872,-0.24570800364017487,0.007817000150680542,0,0.2458219975233078,-0.9690759778022766,0.021534999832510948,0,-0.6129699945449829,0.8749340176582336,0.0015839999541640282,1,0.9961050152778625,-0.0565200001001358,0.06767400354146957,0,-0.028449000790715218,0.5204480290412903,0.8534190058708191,0,-0.08345600217580795,-0.8520200252532959,0.5168139934539795,0,0,1.2662559747695923,0,1,0.9505869746208191,-0.3104409873485565,0.0032579998951405287,0,0.31045499444007874,0.9505739808082581,-0.005197000224143267,0,-0.0014830000000074506,0.005950999911874533,0.9999809861183167,0,0,1.457880973815918,0,1,0.9988579750061035,0.02844499982893467,0.03837699815630913,0,-0.026969000697135925,0.9988970160484314,-0.03844799846410751,0,-0.03942900151014328,0.037369001656770706,0.9985229969024658,0,0,1.7720019817352295,0,1,0.9970329999923706,-0.07586599886417389,0.013016999699175358,0,0.07482600212097168,0.9949169754981995,0.06738799810409546,0,-0.018062999472022057,-0.06621400266885757,0.9976419806480408,0,0,0.780538022518158,0,1,0.8465579748153687,0.5073819756507874,0.1609479933977127,0,-0.5321850180625916,0.812961995601654,0.2363709956407547,0,-0.010913999751210213,-0.28575599193573,0.9582399725914001,0,0,0.1600950062274933,0,1,0.7639480233192444,-0.43438801169395447,-0.4771699905395508,0,-0.2401760071516037,0.49493199586868286,-0.8350790143013,0,0.5989149808883667,0.7525619864463806,0.2737730145454407,0,0.06565500050783157,0.09985899925231934,0.0016589999431744218,1,-0.9511430263519287,-0.15095600485801697,0.26933199167251587,0,0.22044500708580017,-0.9427970051765442,0.2500759959220886,0,0.21617500483989716,0.297230988740921,0.9300119876861572,0,0.7412170171737671,-0.36634698510169983,0.0497560016810894,1,0.9959779977798462,0.06022600084543228,0.0663359984755516,0,-0.028783999383449554,0.9162150025367737,-0.39965200424194336,0,-0.08484700322151184,0.39613500237464905,0.9142640233039856,0,0,3.067483901977539,0,1,0.9824249744415283,-0.18631799519062042,0.011218000203371048,0,0.12714000046253204,0.7119690179824829,0.6906059980392456,0,-0.13665999472141266,-0.6770420074462891,0.723143994808197,0,0,2.7296791076660156,0,1,0.9966369867324829,-0.05908200144767761,0.05678299814462662,0,-0.01642500050365925,0.5348470211029053,0.8447890281677246,0,-0.08028200268745422,-0.8428810238838196,0.5320780277252197,0,0,0.35755500197410583,0,1,-0.9818040132522583,0.08690699934959412,-0.16884399950504303,0,-0.11592300236225128,-0.9785320162773132,0.17040400207042694,0,-0.150409996509552,0.18687599897384644,0.9708009958267212,0,-0.7412170171737671,-0.36634698510169983,0.06183899939060211,1,0.9959790110588074,-0.05923200026154518,-0.0672060027718544,0,0.026450999081134796,0.911208987236023,-0.41109499335289,0,0.08558899909257889,0.4076640009880066,0.9091119766235352,0,0,3.067497968673706,0,1,0.985867977142334,0.1379060000181198,0.09510599821805954,0,-0.16272500157356262,0.6534680128097534,0.7392560243606567,0,0.039799001067876816,-0.7442860007286072,0.666674017906189,0,0,2.729706048965454,0,1,0.9967529773712158,0.058205001056194305,-0.055633001029491425,0,0.02311299927532673,0.45503199100494385,0.8901749849319458,0,0.07712700217962265,-0.88857102394104,0.452210009098053,0,0,0.3452860116958618,0,1
K0.033,0.9787669777870178,-0.0176909938454628,0.20421196520328522,0,0.009302999824285507,0.9990760087966919,0.04195898398756981,0,-0.20476597547531128,-0.03916798532009125,0.9780269861221313,0,0.026900967583060265,6.28079080581665,-0.04973796755075455,1,0.9993619918823242,0.013775000348687172,-0.0329429991543293,0,-0.007637999951839447,0.9837049841880798,0.17962898313999176,0,0.03488000109791756,-0.17926298081874847,0.9831830263137817,0,0,0.6598849892616272,0.01105200033634901,1,0.9973809719085693,0.018391001969575882,-0.06994801014661789,0,-0.01488100178539753,0.998619019985199,0.05037698894739151,0,0.0707780048251152,-0.0492049865424633,0.9962779879570007,0,0,0.7699729800224304,0,1,0.9974750280380249,0.018064994364976883,-0.06867998838424683,0,-0.028537992388010025,0.9875490069389343,-0.1547040045261383,0,0.06503098458051682,0.1562740057706833,0.985571026802063,0,0,0.8799690008163452,0,1,0.992376983165741,-0.12084396183490753,-0.024173986166715622,0,0.11834196746349335,0.9891800284385681,-0.08670194447040558,0,0.03438997641205788,0.08317995816469193,0.9959409832954407,0,0,0.98996502161026,0,1,0.9916080236434937,0.12822698056697845,0.01645100675523281,0,-0.1292479783296585,0.9860770106315613,0.10463100671768188,0,-0.0028050080873072147,-0.105880007147789,0.9943749904632568,0,0,0.3413110077381134,0.08715499937534332,1,0.0030039940029382706,-0.02276899665594101,-0.9997360110282898,0,0.9691590070724487,-0.2462880164384842,0.008521993644535542,0,-0.24641801416873932,-0.9689289927482605,0.021326998248696327,0,0.6129699945449829,0.8749449849128723,0.0022690000478178263,1,0.9966890215873718,0.02672499045729637,0.07678603380918503,0,-0.08067402988672256,0.4424319565296173,0.8931660056114197,0,-0.01010302547365427,-0.8964040279388428,0.4431229829788208,0,0,1.2662559747695923,0,1,0.9636679887771606,0.2670919597148895,-0.00232400163076818,0,-0.2670999765396118,0.9636579751968384,-0.004600999411195517,0,0.0010110018774867058,0.005053999833762646,0.999987006187439,0,0,1.4578490257263184,0,1,0.999085009098053,-0.005332051310688257,-0.04244600236415863,0,0.009265054017305374,0.9956210255622864,0.09302206337451935,0,0.041763994842767715,-0.09333007782697678,0.9947590231895447,0,0,1.7718620300292969,0,1,0.9970769882202148,0.07558999955654144,-0.011101000010967255,0,-0.07475099712610245,0.9952229857444763,0.06279396265745163,0,0.015793997794389725,-0.06178096681833267,0.9979649782180786,0,0,0.5459910035133362,0,1,0.9342349767684937,0.3462800085544586,0.08541298657655716,0,-0.356546014547348,0.9127669930458069,0.19932697713375092,0,-0.008939000777900219,-0.21667197346687317,0.976203978061676,0,0,0.20895400643348694,0,1,0.7584069967269897,-0.6395559906959534,-0.12564198672771454,0,0.38952600955963135,0.29019302129745483,0.8741040229797363,0,-0.5225780010223389,-0.7118679881095886,0.4692080318927765,0,0.09659499675035477,0.2691200077533722,0.02335299924015999,1,0.001439986634068191,0.022675996646285057,0.9997419714927673,0,-0.9694120287895203,-0.2453409880399704,0.00696098618209362,0,0.2454349845647812,-0.9691720008850098,0.021629000082612038,0,-0.6129699945449829,0.8749340176582336,0.0015839999541640282,1,0.9960389733314514,-0.051266927272081375,0.07265204936265945,0,-0.03548608347773552,0.519989013671875,0.8534349799156189,0,-0.08153096586465836,-0.852632999420166,0.5161100029945374,0,0,1.2662559747695923,0,1,0.9498850107192993,-0.31255704164505005,0.005120049696415663,0,0.3125830292701721,0.9498760104179382,-0.005231000483036041,0,-0.0032290464732795954,0.006569016259163618,0.9999729990959167,0,0,1.457880973815918,0,1,0.9988510012626648,0.02670500986278057,0.03979600965976715,0,-0.025222010910511017,0.9989849925041199,-0.03731897473335266,0,-0.04075201228260994,0.03627197444438934,0.998511016368866,0,0,1.7720019817352295,0,1,0.9970089793205261,-0.07618500292301178,0.012994999997317791,0,0.07505299896001816,0.9945480227470398,0.07239805161952972,0,-0.01844000443816185,-0.07120705395936966,0.9972910284996033,0,0,0.780538022518158,0,1,0.8467119932174683,0.506305992603302,0.16350102424621582,0,-0.5319370031356812,0.8119300007820129,0.24044305086135864,0,-0.011013001203536987,-0.2905580699443817,0.956794023513794,0,0,0.1600950062274933,0,1,0.7651129961013794,-0.4326539635658264,-0.47687798738479614,0,-0.23770196735858917,0.49851304292678833,-0.8336560130119324,0,0.5984140038490295,0.751196026802063,0.2785760462284088,0,0.06565500050783157,0.09985899925231934,0.0016589999431744218,1,-0.9512810111045837,-0.15147100389003754,0.2685540020465851,0,0.21986998617649078,-0.9438830018043518,0.24645695090293884,0,0.21615199744701385,0.2934969663619995,0.9312019944190979,0,0.7412170171737671,-0.36634698510169983,0.0497560016810894,1,0.9961990118026733,0.05808497965335846,0.06491398811340332,0,-0.027809996157884598,0.9182959794998169,-0.39491593837738037,0,-0.08254897594451904,0.39160993695259094,0.9164209961891174,0,0,3.067483901977539,0,1,0.982587993144989,-0.18541398644447327,0.011952001601457596,0,0.12630100548267365,0.713733971118927,0.6889349818229675,0,-0.1362679898738861,-0.6754289865493774,0.7247250080108643,0,0,2.7296791076660156,0,1,0.9966400265693665,-0.0590750016272068,0.05674099177122116,0,-0.016387995332479477,0.5349019765853882,0.8447549939155579,0,-0.08025499433279037,-0.8428469896316528,0.5321360230445862,0,0,0.35755500197410583,0,1,-0.9815739989280701,0.08695700019598007,-0.1701519936323166,0,-0.1155179962515831,-0.9793540239334106,0.16589593887329102,0,-0.15221302211284637,0.18249395489692688,0.9713529944419861,0,-0.7412170171737671,-0.36634698510169983,0.06183899939060211,1,0.9957979917526245,-0.06058201193809509,-0.06867402791976929,0,0.02744300104677677,0.9128599762916565,-0.40734994411468506,0,0.08736802637577057,0.40375393629074097,0.9106860160827637,0,0,3.067497968673706,0,1,0.9857339859008789,0.13860300183296204,0.09548500180244446,0,-0.1635199934244156,0.6542800068855286,0.7383620142936707,0,0.03986600041389465,-0.7434419989585876,0.6676110029220581,0,0,2.729706048965454,0,1,0.9967929720878601,0.05824299156665802,-0.05486899986863136,0,0.02240000106394291,0.4551829993724823,0.8901159763336182,0,0.07681899517774582,-0.8884909749031067,0.4524190127849579,0,0,0.3452860116958618,0,1
K0.067,0.9794229865074158,-0.01720600575208664,0.20108303427696228,0,0.009259000420570374,0.9991409778594971,0.04039701446890831,0,-0.20160503685474396,-0.03770401328802109,0.9787409901618958,0,0.023735031485557556,6.283901214599609,-0.046570029109716415,1,0.9993590116500854,0.013744999654591084,-0.033041998744010925,0,-0.0076430002227425575,0.98396897315979,0.17817601561546326,0,0.034961000084877014,-0.17780901491641998,0.9834439754486084,0,0,0.6598849892616272,0.01105200033634901,1,0.9973469972610474,0.01851699873805046,-0.0704059898853302,0,-0.01507799793034792,0.9986810088157654,0.049076009541749954,0,0.07122199237346649,-0.0478840135037899,0.9963099956512451,0,0,0.7699729800224304,0,1,0.9975910186767578,0.01757100597023964,-0.06710301339626312,0,-0.027829008176922798,0.9874989986419678,-0.15515099465847015,0,0.06353801488876343,0.1566449999809265,0.9856089949607849,0,0,0.8799690008163452,0,1,0.9928410053253174,-0.11722204089164734,-0.022921012714505196,0,0.11500103026628494,0.9900000095367432,-0.08169805258512497,0,0.03226802125573158,0.07847704738378525,0.9963939785957336,0,0,0.98996502161026,0,1,0.9917969703674316,0.12666301429271698,0.01717299222946167,0,-0.1277710199356079,0.9862120151519775,0.10517299175262451,0,-0.0036139918956905603,-0.10650399327278137,0.9943060278892517,0,0,0.3413110077381134,0.08715499937534332,1,0.002394006121903658,-0.022467004135251045,-0.9997450113296509,0,0.9689710140228271,-0.2470499873161316,0.007872006855905056,0,-0.24716399610042572,-0.9687420129776001,0.021178001537919044,0,0.6129699945449829,0.8749449849128723,0.0022690000478178263,1,0.9963930249214172,0.025769010186195374,0.08084696531295776,0,-0.08391296863555908,0.4407380223274231,0.8937050104141235,0,-0.0126029746606946,-0.8972659707069397,0.4413110315799713,0,0,1.2662559747695923,0,1,0.9643489718437195,0.2646210193634033,-0.00248699844814837,0,-0.2646300196647644,0.964339017868042,-0.00455800024792552,0,0.0011919982498511672,0.005053999833762646,0.999987006187439,0,0,1.4578490257263184,0,1,0.9990329742431641,-0.0104369493201375,-0.042715996503829956,0,0.01466794591397047,0.9948840141296387,0.09995093196630478,0,0.041454002261161804,-0.10048092901706696,0.9940750002861023,0,0,1.7718620300292969,0,1,0.9970939755439758,0.07537099719047546,-0.011114000342786312,0,-0.074583999812603,0.9954429864883423,0.0594160333275795,0,0.015541003085672855,-0.05841503292322159,0.9981709718704224,0,0,0.5459910035133362,0,1,0.9343079924583435,0.3463670015335083,0.08424701541662216,0,-0.3563520014286041,0.9135119915008545,0.1962350308895111,0,-0.008991998620331287,-0.21336603164672852,0.9769309759140015,0,0,0.20895400643348694,0,1,0.7581499814987183,-0.6400880217552185,-0.12448101490736008,0,0.3905850052833557,0.29290297627449036,0.8727260231971741,0,-0.5221610069274902,-0.7102779746055603,0.472072958946228,0,0.09659499675035477,0.2691200077533722,0.02335299924015999,1,0.0000980133336270228,0.02239600196480751,0.9997490048408508,0,-0.9696440100669861,-0.24445901811122894,0.005571013782173395,0,0.24452202022075653,-0.9694010019302368,0.021693000569939613,0,-0.6129699945449829,0.8749340176582336,0.0015839999541640282,1,0.9960119724273682,-0.044006071984767914,0.07760895043611526,0,-0.04360291734337807,0.5188220143318176,0.8537700176239014,0,-0.0778360366821289,-0.8537489771842957,0.5148339867591858,0,0,1.2662559747695923,0,1,0.9487199783325195,-0.3159569799900055,0.010077950544655323,0,0.3160199820995331,0.9487379789352417,-0.0052899993024766445,0,-0.007889953441917896,0.008202983997762203,0.99993497133255,0,0,1.457880973815918,0,1,0.998773992061615,0.027699990198016167,0.04102898761630058,0,-0.026278989389538765,0.9990490078926086,-0.034783024340867996,0,-0.04195398837327957,0.03366302698850632,0.9985520243644714,0,0,1.7720019817352295,0,1,0.996982991695404,-0.07652600109577179,0.012969999574124813,0,0.07529500126838684,0.9941250085830688,0.07776094973087311,0,-0.01884499564766884,-0.0765499472618103,0.9968879818916321,0,0,0.780538022518158,0,1,0.8468779921531677,0.5051400065422058,0.16622896492481232,0,-0.5316720008850098,0.8108019828796387,0.2447969615459442,0,-0.011121999472379684,-0.29569295048713684,0.9552180171012878,0,0,0.1600950062274933,0,1,0.7663599848747253,-0.43080002069473267,-0.4765540063381195,0,-0.23505602777004242,0.5023379325866699,-0.8321089744567871,0,0.5978630185127258,0.7497119903564453,0.28370994329452515,0,0.06565500050783157,0.09985899925231934,0.0016589999431744218,1,-0.9513660073280334,-0.15159399807453156,0.2681809961795807,0,0.21895501017570496,-0.9451239705085754,0.2424880415201187,0,0.21670499444007874,0.28941401839256287,0.9323509931564331,0,0.7412170171737671,-0.36634698510169983,0.0497560016810894,1,0.9964060187339783,0.05636901780962944,0.06323301792144775,0,-0.027390003204345703,0.9207460284233093,-0.38919904828071594,0,-0.08016002178192139,0.38606804609298706,0.9189810156822205,0,0,3.067483901977539,0,1,0.9827510118484497,-0.18453101813793182,0.012168997898697853,0,0.12591400742530823,0.7158669829368591,0.6867899894714355,0,-0.1354450136423111,-0.6734110116958618,0.7267540097236633,0,0,2.7296791076660156,0,1,0.9966850280761719,-0.05898100137710571,0.05604400858283043,0,-0.015846004709601402,0.5349209904670715,0.8447539806365967,0,-0.07980401068925858,-0.8428410291671753,0.5322120189666748,0,0,0.35755500197410583,0,1,-0.9814339876174927,0.08721800148487091,-0.17082400619983673,0,-0.11507600545883179,-0.9802820086479187,0.16064006090164185,0,-0.15344499051570892,0.17731504142284393,0.9721180200576782,0,-0.7412170171737671,-0.36634698510169983,0.06183899939060211,1,0.9955390095710754,-0.0615839883685112,-0.07147596776485443,0,0.027684997767210007,0.9149159789085388,-0.40269404649734497,0,0.090193971991539,0.3989190459251404,0.9125400185585022,0,0,3.067497968673706,0,1,0.9856389760971069,0.1390399932861328,0.09582799673080444,0,-0.16413000226020813,0.6553729772567749,0.7372559905052185,0,0.039705000817775726,-0.7423970103263855,0.6687819957733154,0,0,2.729706048965454,0,1,0.9968330264091492,0.05767300724983215,-0.054760001599788666,0,0.022579997777938843,0.4549820125102997,0.8902140259742737,0,0.07625600695610046,-0.8886309862136841,0.452237993478775,0,0,0.3452860116958618,0,1
K0.100,0.9800969958305359,-0.016793999820947647,0.19780799746513367,0,0.009251999668776989,0.9991970062255859,0.03899100050330162,0,-0.19830399751663208,-0.03638499975204468,0.9794650077819824,0,0.01995600014925003,6.287508010864258,-0.04318699985742569,1,0.9993510246276855,0.013704000040888786,-0.033312998712062836,0,-0.007627999875694513,0.9843400120735168,0.17611299455165863,0,0.03520499914884567,-0.17574399709701538,0.9838060140609741,0,0,0.6598849892616272,0.01105200033634901,1,0.9972969889640808,0.01871900074183941,-0.07105199992656708,0,-0.015379000455141068,0.9987639784812927,0.04726799950003624,0,0.07184900343418121,-0.04604699835181236,0.9963520169258118,0,0,0.7699729800224304,0,1,0.9977319836616516,0.016973000019788742,-0.0651329979300499,0,-0.026972999796271324,0.9874089956283569,-0.15587300062179565,0,0.06166699901223183,0.1572760045528412,0.9856269955635071,0,0,0.8799690008163452,0,1,0.9932519793510437,-0.1138560026884079,-0.022055000066757202,0,0.1119609996676445,0.9909819960594177,-0.07361599802970886,0,0.03023800067603588,0.07064899802207947,0.9970430135726929,0,0,0.98996502161026,0,1,0.9919270277023315,0.12565399706363678,0.017076000571250916,0,-0.12675200402736664,0.98648601770401,0.1038220003247261,0,-0.003800000064074993,-0.10514900088310242,0.9944490194320679,0,0,0.3413110077381134,0.08715499937534332,1,0.0017399999778717756,-0.022002000361680984,-0.9997559785842896,0,0.9687309861183167,-0.2480120062828064,0.007143999915570021,0,-0.24810899794101715,-0.9685069918632507,0.020882999524474144,0,0.6129699945449829,0.8749449849128723,0.0022690000478178263,1,0.9963129758834839,0.022792000323534012,0.08271399885416031,0,-0.08429600298404694,0.43957701325416565,0.8942409753799438,0,-0.015977000817656517,-0.8979160189628601,0.4398770034313202,0,0,1.2662559747695923,0,1,0.9643219709396362,0.26468101143836975,-0.005260000005364418,0,-0.26470500230789185,0.9643179774284363,-0.004592000041157007,0,0.0038569997996091843,0.005820999853312969,0.9999759793281555,0,0,1.4578490257263184,0,1,0.9990569949150085,-0.01565299928188324,-0.0405069999396801,0,0.019920000806450844,0.9940410256385803,0.1071690022945404,0,0.03858799859881401,-0.10787499696016312,0.9934149980545044,0,0,1.7718620300292969,0,1,0.9971070289611816,0.07519499957561493,-0.011123999953269958,0,-0.07444900274276733,0.9956110119819641,0.05671200156211853,0,0.01534000039100647,-0.055720001459121704,0.9983289837837219,0,0,0.5459910035133362,0,1,0.9343670010566711,0.34643399715423584,0.08331499993801117,0,-0.3561969995498657,0.9141010046005249,0.19375799596309662,0,-0.00903400033712387,-0.21071800589561462,0.9775050282478333,0,0,0.20895400643348694,0,1,0.7579450011253357,-0.6405109763145447,-0.12354999780654907,0,0.391431987285614,0.29506999254226685,0.871616005897522,0,-0.5218240022659302,-0.70899897813797,0.4743629992008209,0,0.09659499675035477,0.2691200077533722,0.02335299924015999,1,-0.001868999912403524,0.021832000464200974,0.9997599720954895,0,-0.9699620008468628,-0.24323299527168274,0.003498000092804432,0,0.2432509958744049,-0.9697219729423523,0.02163100056350231,0,-0.6129699945449829,0.8749340176582336,0.0015839999541640282,1,0.995993971824646,-0.034634001553058624,0.08244399726390839,0,-0.05274900048971176,0.5169219970703125,0.8544059991836548,0,-0.07220800220966339,-0.8553320169448853,0.5130239725112915,0,0,1.2662559747695923,0,1,0.9469379782676697,-0.32095399498939514,0.01720700040459633,0,0.32108399271965027,0.947035014629364,-0.005373999942094088,0,-0.014570999890565872,0.010613000020384789,0.9998379945755005,0,0,1.457880973815918,0,1,0.9985439777374268,0.0321739986538887,0.043296001851558685,0,-0.030859999358654022,0.9990530014038086,-0.030680999159812927,0,-0.044241998344659805,0.02930000051856041,0.9985910058021545,0,0,1.7720019817352295,0,1,0.9969559907913208,-0.07688099890947342,0.012942000292241573,0,0.07554399967193604,0.9936529994010925,0.08334500342607498,0,-0.01926800049841404,-0.08211299777030945,0.9964370131492615,0,0,0.780538022518158,0,1,0.8470489978790283,0.5039100050926208,0.169064000248909,0,-0.5313950181007385,0.8096020221710205,0.24932700395584106,0,-0.011235999874770641,-0.30103200674057007,0.953548014163971,0,0,0.1600950062274933,0,1,0.7676590085029602,-0.42886999249458313,-0.47620299458503723,0,-0.23230299353599548,0.5063149929046631,-0.8304700255393982,0,0.5972729921340942,0.7481420040130615,0.2890489995479584,0,0.06565500050783157,0.09985899925231934,0.0016589999431744218,1,-0.9515100121498108,-0.1517699956893921,0.2675729990005493,0,0.21792399883270264,-0.9464750289916992,0.23810699582099915,0,0.21711400151252747,0.28487199544906616,0.9336540102958679,0,0.7412170171737671,-0.36634698510169983,0.0497560016810894,1,0.9965810179710388,0.05524099990725517,0.06144300103187561,0,-0.02764900028705597,0.9237350225448608,-0.38203299045562744,0,-0.0778610035777092,0.37902799248695374,0.922104001045227,0,0,3.067483901977539,0,1,0.9828109741210938,-0.18421800434589386,0.012102000415325165,0,0.12625999748706818,0.718533992767334,0.6839349865913391,0,-0.13469000160694122,-0.6706510186195374,0.7294420003890991,0,0,2.7296791076660156,0,1,0.9966670274734497,-0.05906299874186516,0.056269001215696335,0,-0.016015000641345978,0.5346879959106445,0.844897985458374,0,-0.07998800277709961,-0.8429830074310303,0.5319600105285645,0,0,0.35755500197410583,0,1,-0.9810979962348938,0.08805599808692932,-0.17231599986553192,0,-0.11527299880981445,-0.9811789989471436,0.1549219936132431,0,-0.15543100237846375,0.17185699939727783,0.9727830290794373,0,-0.7412170171737671,-0.36634698510169983,0.06183899939060211,1,0.9954670071601868,-0.06042800098657608,-0.07344099879264832,0,0.02637699991464615,0.9173290133476257,-0.3972559869289398,0,0.09137500077486038,0.39351800084114075,0.9147639870643616,0,0,3.067497968673706,0,1,0.9857770204544067,0.13844700157642365,0.09526699781417847,0,-0.16338899731636047,0.6568530201911926,0.7361040115356445,0,0.03933500126004219,-0.7411999702453613,0.6701310276985168,0,0,2.729706048965454,0,1,0.9969019889831543,0.057151999324560165,-0.054040998220443726,0,0.02217100001871586,0.45500999689102173,0.890209972858429,0,0.07546699792146683,-0.8886500000953674,0.452333003282547,0,0,0.3452860116958618,0,1
K0.133,0.9807339906692505,-0.016459995880723,0.19465497136116028,0,0.009313001297414303,0.9992499947547913,0.03757798671722412,0,-0.1951269656419754,-0.03504098579287529,0.9801520109176636,0,0.01564195565879345,6.2915449142456055,-0.03966696187853813,1,0.9993420243263245,0.013661999255418777,-0.03360600396990776,0,-0.00761799979954958,0.9847540259361267,0.17378796637058258,0,0.035468004643917084,-0.17341797053813934,0.9842090010643005,0,0,0.6598849892616272,0.01105200033634901,1,0.9972490072250366,0.01895100250840187,-0.071663998067379,0,-0.01573200337588787,0.9988530278205872,0.04521597921848297,0,0.07243900001049042,-0.043963976204395294,0.9964029788970947,0,0,0.7699729800224304,0,1,0.9978579878807068,0.01647399738430977,-0.063307985663414,0,-0.02625499665737152,0.9872639775276184,-0.15691201388835907,0,0.059916988015174866,0.1582380086183548,0.9855809807777405,0,0,0.8799690008163452,0,1,0.9934899806976318,-0.1118210032582283,-0.02174200676381588,0,0.11024100333452225,0.9918550252914429,-0.06379889696836472,0,0.02869899570941925,0.06098689138889313,0.9977260231971741,0,0,0.98996502161026,0,1,0.9918919801712036,0.1259470134973526,0.016986999660730362,0,-0.12702500820159912,0.9866880178451538,0.10154497623443604,0,-0.003971002530306578,-0.10287898033857346,0.9946860074996948,0,0,0.3413110077381134,0.08715499937534332,1,0.003307029837742448,-0.021823013201355934,-0.9997559785842896,0,0.9685530066490173,-0.24865899980068207,0.00863203126937151,0,-0.24878700077533722,-0.9683449864387512,0.020314006134867668,0,0.6129699945449829,0.8749449849128723,0.0022690000478178263,1,0.9965919852256775,0.017983945086598396,0.08050594478845596,0,-0.08022693544626236,0.4383559823036194,0.8952140212059021,0,-0.019191022962331772,-0.8986210227012634,0.43830496072769165,0,0,1.2662559747695923,0,1,0.9635729789733887,0.2674050033092499,-0.004630953539162874,0,-0.2674280107021332,0.9635630249977112,-0.005342017859220505,0,0.0030339504592120647,0.006386004853993654,0.9999750256538391,0,0,1.4578490257263184,0,1,0.9989889860153198,-0.01947600767016411,-0.04052302986383438,0,0.023929012939333916,0.993366003036499,0.11247602850198746,0,0.03806302696466446,-0.11333203315734863,0.9928280115127563,0,0,1.7718620300292969,0,1,0.9971110224723816,0.0750960037112236,-0.011388999409973621,0,-0.0743589997291565,0.9957020282745361,0.05521301552653313,0,0.01548600010573864,-0.05420701578259468,0.9984099864959717,0,0,0.5459910035133362,0,1,0.9344000220298767,0.34647101163864136,0.08279800415039062,0,-0.356112003326416,0.9144250154495239,0.1923850178718567,0,-0.009057000279426575,-0.20925001800060272,0.9778199791908264,0,0,0.20895400643348694,0,1,0.7578319907188416,-0.6407449841499329,-0.12303300946950912,0,0.3919009864330292,0.2962700128555298,0.8709980249404907,0,-0.5216370224952698,-0.7082870006561279,0.4756309986114502,0,0.09659499675035477,0.2691200077533722,0.02335299924015999,1,-0.0043860264122486115,0.02118099480867386,0.9997659921646118,0,-0.9702990055084229,-0.2419079840183258,0.0008679722668603063,0,0.2418699860572815,-0.9700679779052734,0.021612999960780144,0,-0.6129699945449829,0.8749340176582336,0.0015839999541640282,1,0.9958959817886353,-0.02409088797867298,0.08724305033683777,0,-0.06246910244226456,0.5145519971847534,0.8551809787750244,0,-0.06549392640590668,-0.8571209907531738,0.5109350085258484,0,0,1.2662559747695923,0,1,0.9446700215339661,-0.32702305912971497,0.025580087676644325,0,0.32725805044174194,0.9449189901351929,-0.005478000734001398,0,-0.022380081936717033,0.013546031899750233,0.9996579885482788,0,0,1.457880973815918,0,1,0.9981849789619446,0.03855006769299507,0.04626503214240074,0,-0.03739307075738907,0.9989719986915588,-0.02561994642019272,0,-0.047205034643411636,0.023842941969633102,0.9986010193824768,0,0,1.7720019817352295,0,1,0.9969289898872375,-0.07724101096391678,0.012911000289022923,0,0.07579399645328522,0.9931420087814331,0.08902105689048767,0,-0.01969900354743004,-0.08776906132698059,0.9959459900856018,0,0,0.780538022518158,0,1,0.8472239971160889,0.5026410222053528,0.17194102704524994,0,-0.5311149954795837,0.8083549737930298,0.2539260685443878,0,-0.011355000548064709,-0.30645304918289185,0.9518179893493652,0,0,0.1600950062274933,0,1,0.7689800262451172,-0.4269099831581116,-0.4758340120315552,0,-0.2295069694519043,0.5103500485420227,-0.8287760019302368,0,0.596655011177063,0.7465190291404724,0.29447007179260254,0,0.06565500050783157,0.09985899925231934,0.0016589999431744218,1,-0.9516239762306213,-0.15192799270153046,0.2670759856700897,0,0.21678797900676727,-0.9479590058326721,0.2331879436969757,0,0.2177489995956421,0.2798059284687042,0.9350370168685913,0,0.7412170171737671,-0.36634698510169983,0.0497560016810894,1,0.9967039823532104,0.054611992090940475,0.05998899042606354,0,-0.028286004438996315,0.9270150661468506,-0.3739559054374695,0,-0.07603298872709274,0.3710259199142456,0.9255040884017944,0,0,3.067483901977539,0,1,0.9828280210494995,-0.18416200578212738,0.011565999127924442,0,0.12717300653457642,0.7214390635490417,0.6806999444961548,0,-0.13370400667190552,-0.6675399541854858,0.7324710488319397,0,0,2.7296791076660156,0,1,0.9966369867324829,-0.058984000235795975,0.056887999176979065,0,-0.016513997688889503,0.5353929996490479,0.8444409966468811,0,-0.08026599884033203,-0.842540979385376,0.53261798620224,0,0,0.35755500197410583,0,1,-0.9808840155601501,0.08962101489305496,-0.1727280169725418,0,-0.11590500921010971,-0.9820740222930908,0.14864693582057953,0,-0.15630902349948883,0.16582593321800232,0.973688006401062,0,-0.7412170171737671,-0.36634698510169983,0.06183899939060211,1,0.9955660104751587,-0.05703197419643402,-0.0748000219464302,0,0.023328974843025208,0.9200860261917114,-0.3910209536552429,0,0.09112300723791122,0.3875419497489929,0.9173370003700256,0,0,3.067497968673706,0,1,0.9861329793930054,0.13666997849941254,0.0941459909081459,0,-0.16144397854804993,0.6585959792137146,0.7349740266799927,0,0.03844399005174637,-0.739982008934021,0.6715270280838013,0,0,2.729706048965454,0,1,0.9969409704208374,0.055365998297929764,-0.05516998842358589,0,0.023894991725683212,0.4561690092086792,0.889572024345398,0,0.07441899180412292,-0.88816899061203,0.4534499943256378,0,0,0.3452860116958618,0,1
