2.400,30,72,33
B0,mixamorig_Hips,-1,0.4478280246257782,0.07469278573989868,0.8906403183937073,0,-0.29848381876945496,0.9517531991004944,0.07049805670976639,0,-0.8424110412597656,-0.2975539565086365,0.44847843050956726,0,0.27188631892204285,5.493913173675537,-0.2690475881099701,1
B1,mixamorig_Spine,0,0.9971141815185547,0.006211000960320234,0.07559400796890259,0,-0.022850563749670982,0.9749320149421692,0.22130264341831207,0,-0.07232511788606644,-0.22239455580711365,0.9722700119018555,0,0,0.6598849892616272,0.01105200033634901,1
B2,mixamorig_Spine1,1,0.9878878593444824,0.02366318553686142,0.15324176847934723,0,-0.044338472187519073,0.9901139140129089,0.13293884694576263,0,-0.14858128130435944,-0.1381300687789917,0.979205310344696,0,0,0.7699729800224304,0,1
B3,mixamorig_Spine2,2,0.9878878593444824,0.023602986708283424,0.15324877202510834,0,-0.012827559374272823,0.9973818063735962,-0.07092990726232529,0,-0.1545221358537674,0.06809841096401215,0.9856380224227905,0,0,0.8799690008163452,0,1
B4,mixamorig_Neck,3,0.9055306315422058,0.018894469365477562,-0.42347532510757446,0,-0.03097374364733696,0.9991684556007385,-0.021780114620923996,0,0.42273926734924316,0.03268665820360184,0.905580997467041,0,0,0.98996502161026,0,1
B5,mixamorig_Head,4,0.812294065952301,-0.3949521481990814,-0.4291457235813141,0,0.28146013617515564,0.9098723530769348,-0.304595947265625,0,0.5107404589653015,0.12666305899620056,0.8502875566482544,0,0,0.3413110077381134,0.08715499937534332,1
B6,mixamorig_HeadTop_End,5,1,0,0,0,0,1,0,0,0,0,1,0,0,2.428844928741455,0.6202170252799988,1
B7,mixamorig_LeftShoulder,3,0.24270297586917877,0.047812581062316895,-0.9689159989356995,0,0.9602001309394836,-0.15413136780261993,0.23291438817977905,0,-0.13820362091064453,-0.9868926405906677,-0.08331835269927979,0,0.6129699945449829,0.8749449849128723,0.0022690000478178263,1
B8,mixamorig_LeftArm,7,0.9468857645988464,-0.2526935636997223,-0.19792290031909943,0,0.28949397802352905,0.9389163851737976,0.1847904920578003,0,0.13889630138874054,-0.23242293298244476,0.9623454809188843,0,0,1.2662559747695923,0,1
B9,mixamorig_LeftForeArm,8,0.9557240009307861,0.290682852268219,-0.042705558240413666,0,-0.2758985459804535,0.9378266334533691,0.20996882021427155,0,0.10098882764577866,-0.18887364864349365,0.9767544269561768,0,0,1.4578490257263184,0,1
B10,mixamorig_LeftHand,9,0.9882287979125977,-0.15291234850883484,-0.004300931468605995,0,0.13794367015361786,0.9028915762901306,-0.40699031949043274,0,0.06613638997077942,0.40160512924194336,0.9133596420288086,0,0,1.7718620300292969,0,1
B11,mixamorig_LeftHandIndex1,10,0.9933607578277588,0.11400727182626724,0.015299299731850624,0,-0.11481806635856628,0.9751531481742859,0.18845731019973755,0,0.006592350080609322,-0.1889602392911911,0.9817721247673035,0,0,0.5459910035133362,0,1
B12,mixamorig_LeftHandIndex2,11,0.9350267648696899,0.34615492820739746,0.07652479410171509,0,-0.354414701461792,0.9188715219497681,0.1724299192428589,0,-0.010607347823679447,-0.1883474886417389,0.9818537831306458,0,0,0.20895400643348694,0,1
B13,mixamorig_LeftHandIndex3,12,0.7762855291366577,-0.6021343469619751,-0.18643835186958313,0,0.3297742009162903,0.13575579226016998,0.9340670704841614,0,-0.5372000932693481,-0.7865570783615112,0.30394935607910156,0,0.09659499675035477,0.2691200077533722,0.02335299924015999,1
B14,mixamorig_LeftHandIndex4,13,1,0,0,0,0,1,0,0,0,0,1,0,-0.017209000885486603,0.026936000213027,-0.03339599817991257,1
B15,mixamorig_RightShoulder,3,-0.03713132441043854,0.006456185132265091,0.9992151856422424,0,-0.9992650747299194,0.008474789559841156,-0.03722904250025749,0,-0.00871130172163248,-0.9998632669448853,0.0061357710510492325,0,-0.6129699945449829,0.8749340176582336,0.0015839999541640282,1
B16,mixamorig_RightArm,15,0.6901755332946777,0.2945970296859741,-0.6601871848106384,0,-0.30162084102630615,0.9471707940101624,0.10730935633182526,0,0.6573088765144348,0.12463968992233276,0.742806613445282,0,0,1.2662559747695923,0,1
B17,mixamorig_RightForeArm,16,0.35734549164772034,-0.031571850180625916,-0.9289667010307312,0,0.5886355638504028,0.7816262245178223,0.2032058835029602,0,0.7193437814712524,-0.6202379465103149,0.2974134683609009,0,0,1.457880973815918,0,1
B18,mixamorig_RightHand,17,0.960225522518158,0.26441454887390137,0.0890670120716095,0,-0.26221707463264465,0.9640650749206543,-0.03649264574050903,0,-0.09533479809761047,0.011681799776852131,0.9951519966125488,0,0,1.7720019817352295,0,1
B19,mixamorig_RightHandIndex1,18,0.9839370250701904,-0.14709700644016266,0.10114999860525131,0,0.05626710131764412,0.7932680249214172,0.6062670946121216,0,-0.16941900551319122,-0.5908370018005371,0.7888020277023315,0,0,0.780538022518158,0,1
B20,mixamorig_RightHandIndex2,19,0.8493271470069885,0.12577399611473083,0.5126639008522034,0,-0.520335853099823,0.36294689774513245,0.7729941010475159,0,-0.08884689956903458,-0.9232829809188843,0.3737049996852875,0,0,0.1600950062274933,0,1
B21,mixamorig_RightHandIndex3,20,0.9512590169906616,-0.20168200135231018,-0.2333029955625534,0,0.13800400495529175,0.9549279808998108,-0.2628079950809479,0,0.2757919132709503,0.2178020030260086,0.9362170100212097,0,0.06565500050783157,0.09985899925231934,0.0016589999431744218,1
B22,mixamorig_RightHandIndex4,21,1,0,0,0,0,1,0,0,0,0,1,0,-0.0006259999936446548,0.010700000450015068,0.07341200113296509,1
B23,mixamorig_LeftUpLeg,0,-0.8392661213874817,-0.30453231930732727,0.45038846135139465,0,0.48722419142723083,-0.7887789011001587,0.3744170367717743,0,0.24131053686141968,0.5336916446685791,0.8103644251823425,0,0.7412170171737671,-0.36634698510169983,0.0497560016810894,1
B24,mixamorig_LeftLeg,23,0.9860578775405884,0.13163034617900848,0.10019734501838684,0,-0.02395159937441349,0.7132042646408081,-0.7004839777946472,0,-0.16371183097362518,0.6882649660110474,0.7065481543540955,0,0,3.067483901977539,0,1
B25,mixamorig_LeftFoot,24,0.9741567373275757,-0.22440142929553986,-0.017927851527929306,0,0.16570532321929932,0.6614939570426941,0.7311121225357056,0,-0.15242984890937805,-0.715226948261261,0.6818706393241882,0,0,2.7296791076660156,0,1
B26,mixamorig_LeftToeBase,25,0.9753254652023315,-0.13858668506145477,0.17108291387557983,0,-0.06751561164855957,0.551794707775116,0.8312097191810608,0,-0.20958352088928223,-0.8222707509994507,0.528803288936615,0,0,0.35755500197410583,0,1
B27,mixamorig_LeftToe_End,26,1,0,0,0,0,1,0,0,0,0,1,0,0,0.17919300496578217,0,1
B28,mixamorig_RightUpLeg,0,-0.9251718521118164,0.321665495634079,-0.20125418901443481,0,-0.3610273599624634,-0.5829437375068665,0.7278391122817993,0,0.11676338315010071,0.7460755109786987,0.6555155515670776,0,-0.7412170171737671,-0.36634698510169983,0.06183899939060211,1
B29,mixamorig_RightLeg,28,0.9880697727203369,0.021305112168192863,0.15184609591960907,0,0.11311639100313187,0.5674901008605957,-0.8155717253684998,0,-0.10354924947023392,0.8230107426643372,0.5583220720291138,0,0,3.067497968673706,0,1
B30,mixamorig_RightFoot,29,0.9312283396720886,0.281344473361969,0.23096773028373718,0,-0.34089764952659607,0.4521476924419403,0.8241916298866272,0,0.1274539977312088,-0.8462217450141907,0.5170282125473022,0,0,2.729706048965454,0,1
B31,mixamorig_RightToeBase,30,0.9976410269737244,0.04990699887275696,-0.04713590070605278,0,0.01235399954020977,0.5448960065841675,0.8384130001068115,0,0.06752609461545944,-0.8370169997215271,0.5429940223693848,0,0,0.3452860116958618,0,1
B32,mixamorig_RightToe_End,31,1,0,0,0,0,1,0,0,0,0,1,0,0,0.17244300246238708,0,1
@28,0,1,2,3,4,5,7,8,9,10,11,12,13,15,16,17,18,19,20,21,23,24,25,26,28,29,30,31
K0.000,0.638329029083252,0.04059800133109093,0.7686920166015625,0,-0.12704400718212128,0.9904699921607971,0.05318700149655342,0,-0.759207010269165,-0.1316079944372177,0.6374040246009827,0,0.03704100102186203,5.4261932373046875,0.0016530000139027834,1,0.9982330203056335,-0.02550699934363365,-0.05367099866271019,0,0.03601200133562088,0.9781100153923035,0.2049500048160553,0,0.047269001603126526,-0.20652000606060028,0.9772999882698059,0,0,0.6598849892616272,0.01105200033634901,1,0.9925029873847961,-0.06574299931526184,-0.10303600132465363,0,0.0759740024805069,0.9922099709510803,0.09872999787330627,0,0.09574300050735474,-0.1058180034160614,0.989766001701355,0,0,0.7699729800224304,0,1,0.9925029873847961,-0.06570299714803696,-0.10306199640035629,0,0.05465500056743622,0.9928010106086731,-0.10657999664545059,0,0.10932199656963348,0.10014799982309341,0.9889479875564575,0,0,0.8799690008163452,0,1,0.9866660237312317,-0.0007719999994151294,-0.16275599598884583,0,0.00457100011408329,0.9997259974479675,0.022964999079704285,0,0.16269400715827942,-0.023403000086545944,0.9863989949226379,0,0,0.98996502161026,0,1,0.9176589846611023,-0.08968199789524078,-0.3871159851551056,0,0.05650100111961365,0.9937490224838257,-0.09628300368785858,0,0.39333099126815796,0.06648200005292892,0.9169899821281433,0,0,0.3413110077381134,0.08715499937534332,1,0.28307199478149414,-0.03084300085902214,-0.9586020112037659,0,0.9381470084190369,-0.19886299967765808,0.2834300100803375,0,-0.1993730068206787,-0.9795420169830322,-0.02735700085759163,0,0.6129699945449829,0.8749449849128723,0.0022690000478178263,1,0.981482982635498,0.002136999974027276,0.19153599441051483,0,-0.11497300118207932,0.8063480257987976,0.580157995223999,0,-0.15320399403572083,-0.5914369821548462,0.7916629910469055,0,0,1.2662559747695923,0,1,0.8283529877662659,0.4392940104007721,0.34763699769973755,0,-0.49327999353408813,0.8660969734191895,0.08094300329685211,0,-0.26552900671958923,-0.23853200674057007,0.934128999710083,0,0,1.4578490257263184,0,1,0.9980660080909729,0.041335999965667725,-0.04642700031399727,0,-0.04658300057053566,0.9918860197067261,-0.11828800290822983,0,0.04115999862551689,0.12022200226783752,0.9918929934501648,0,0,1.7718620300292969,0,1,0.99481201171875,0.10062199831008911,0.01497699972242117,0,-0.10062000155448914,0.9949250221252441,-0.0008999999845400453,0,-0.014991999603807926,-0.0006120000034570694,0.9998869895935059,0,0,0.5459910035133362,0,1,0.9396089911460876,0.3420819938182831,0.010734999552369118,0,-0.3420419991016388,0.9396690130233765,-0.005386999808251858,0,-0.01193000003695488,0.0013899999903514981,0.9999279975891113,0,0,0.20895400643348694,0,1,0.7590299844741821,-0.6389099955558777,-0.12516699731349945,0,0.391414999961853,0.294187992811203,0.8719220161437988,0,-0.5202569961547852,-0.7108070254325867,0.473376989364624,0,0.09659499675035477,0.2691200077533722,0.02335299924015999,1,0.4151870012283325,0.07900500297546387,0.9062989950180054,0,-0.8946369886398315,-0.14529399573802948,0.4225099980831146,0,0.16505999863147736,-0.9862290024757385,0.010356999933719635,0,-0.6129699945449829,0.8749340176582336,0.0015839999541640282,1,0.8231620192527771,0.5678039789199829,-0.0017529999604448676,0,-0.3885680139064789,0.5655649900436401,0.7274270057678223,0,0.41402798891067505,-0.5981090068817139,0.6861820220947266,0,0,1.2662559747695923,0,1,0.6599060297012329,-0.7095639705657959,-0.24706999957561493,0,0.7423160076141357,0.666549026966095,0.06840000301599503,0,0.11614999920129776,-0.2285420000553131,0.9665799736976624,0,0,1.457880973815918,0,1,0.8117709755897522,-0.5839759707450867,0.00024900000425986946,0,0.5798649787902832,0.8061059713363647,0.11810900270938873,0,-0.06917399913072586,-0.09573300182819366,0.9930009841918945,0,0,1.7720019817352295,0,1,0.9839370250701904,-0.14709599316120148,0.10114900022745132,0,0.05626700073480606,0.7932680249214172,0.606266975402832,0,-0.16941800713539124,-0.5908370018005371,0.7888020277023315,0,0,0.780538022518158,0,1,0.849327027797699,0.12577399611473083,0.5126640200614929,0,-0.5203359723091125,0.3629460036754608,0.7729949951171875,0,-0.08884699642658234,-0.9232829809188843,0.3737049996852875,0,0,0.1600950062274933,0,1,0.9512590169906616,-0.2016810029745102,-0.2333039939403534,0,0.13800300657749176,0.9549279808998108,-0.2628079950809479,0,0.2757920026779175,0.2178020030260086,0.9362159967422485,0,0.06565500050783157,0.09985899925231934,0.0016589999431744218,1,-0.6448439955711365,0.012519000098109245,0.7642109990119934,0,0.5787720084190369,-0.6450459957122803,0.4989370107650757,0,0.49919798970222473,0.764041006565094,0.40870898962020874,0,0.7412170171737671,-0.36634698510169983,0.0497560016810894,1,0.932968020439148,-0.22776499390602112,-0.27873799204826355,0,-0.052448999136686325,0.680076003074646,-0.7312629818916321,0,0.3561190068721771,0.6968650221824646,0.6225420236587524,0,0,3.067483901977539,0,1,0.9876019954681396,-0.14872699975967407,-0.05021899938583374,0,0.14622299373149872,0.7552329897880554,0.6389380097389221,0,-0.05710100010037422,-0.6383600234985352,0.7676169872283936,0,0,2.7296791076660156,0,1,0.9985910058021545,-0.04347800090909004,-0.030424000695347786,0,0.04978499934077263,0.5691440105438232,0.8207290172576904,0,-0.01836800016462803,-0.8210880160331726,0.5705069899559021,0,0,0.35755500197410583,0,1,-0.908536970615387,0.34149500727653503,-0.2407110035419464,0,-0.416390985250473,-0.787447988986969,0.45447200536727905,0,-0.03434700146317482,0.5131340026855469,0.8576210141181946,0,-0.7412170171737671,-0.36634698510169983,0.06183899939060211,1,0.9918619990348816,-0.025320999324321747,0.12477599829435349,0,0.11743199825286865,0.5605980157852173,-0.8197190165519714,0,-0.04919299855828285,0.8277009725570679,0.5590090155601501,0,0,3.067497968673706,0,1,0.9168450236320496,0.3298110067844391,0.22498999536037445,0,-0.3343200087547302,0.32618799805641174,0.8842120170593262,0,0.21823400259017944,-0.8859040141105652,0.4093259871006012,0,0,2.729706048965454,0,1,0.9976410269737244,0.04990699887275696,-0.04713499918580055,0,0.01235399954020977,0.5448960065841675,0.8384130001068115,0,0.06752599775791168,-0.8370169997215271,0.5429940223693848,0,0,0.3452860116958618,0,1
K0.033,0.6219967603683472,0.04427703469991684,0.7817671895027161,0,-0.12578195333480835,0.9910839796066284,0.04394286870956421,0,-0.7728512287139893,-0.12566488981246948,0.6220197677612305,0,0.03795797750353813,5.430840015411377,-0.004032103344798088,1,0.9982609748840332,-0.025524001568555832,-0.0531279593706131,0,0.03588099405169487,0.9782689809799194,0.2042119950056076,0,0.046760957688093185,-0.20576399564743042,0.9774839878082275,0,0,0.6598849892616272,0.01105200033634901,1,0.9926819801330566,-0.06511399149894714,-0.10169491916894913,0,0.07505998760461807,0.9924250245094299,0.09725401550531387,0,0.09459191560745239,-0.10417500883340836,0.9900500178337097,0,0,0.7699729800224304,0,1,0.9926819801330566,-0.06507398933172226,-0.10172092169523239,0,0.05399800091981888,0.9926739931106567,-0.10808398574590683,0,0.10800891369581223,0.10180099308490753,0.9889240264892578,0,0,0.8799690008163452,0,1,0.9848649501800537,-0.003847958752885461,-0.17328020930290222,0,0.008884988725185394,0.9995599985122681,0.0283031202852726,0,0.1730952113866806,-0.029414117336273193,0.9844659566879272,0,0,0.98996502161026,0,1,0.9167659878730774,-0.09600920975208282,-0.38771501183509827,0,0.06176216900348663,0.9930809736251831,-0.09987613558769226,0,0.3946210443973541,0.06761705130338669,0.9163529872894287,0,0,0.3413110077381134,0.08715499937534332,1,0.24608266353607178,-0.030247988179326057,-0.968777060508728,0,0.9443200826644897,-0.21774619817733765,0.24666865170001984,0,-0.21840819716453552,-0.9755369424819946,-0.025019977241754532,0,0.6129699945449829,0.8749449849128723,0.0022690000478178263,1,0.9835749864578247,-0.0074111083522439,0.18034888803958893,0,-0.09735380113124847,0.8195861577987671,0.5646238327026367,0,-0.15199598670005798,-0.5729077458381653,0.8054031729698181,0,0,1.2662559747695923,0,1,0.8313279151916504,0.4547373056411743,0.31954360008239746,0,-0.501592218875885,0.8614928722381592,0.07896894961595535,0,-0.23937463760375977,-0.22592882812023163,0.9442751407623291,0,0,1.4578490257263184,0,1,0.9978709816932678,0.04862518236041069,-0.0434659980237484,0,-0.05403818562626839,0.9895659685134888,-0.13356222212314606,0,0.03651795536279678,0.13562624156475067,0.9900869131088257,0,0,1.7718620300292969,0,1,0.9947460293769836,0.1012750193476677,0.014979000203311443,0,-0.10141802579164505,0.9948019981384277,0.00914127379655838,0,-0.013974971137940884,-0.010612272657454014,0.9998459815979004,0,0,0.5459910035133362,0,1,0.9393879771232605,0.3425630033016205,0.014173094183206558,0,-0.3426480293273926,0.939454972743988,0.004060257691890001,0,-0.011923999525606632,-0.00867027509957552,0.9998909831047058,0,0,0.20895400643348694,0,1,0.7598320245742798,-0.6372749209403992,-0.12859009206295013,0,0.38824591040611267,0.286149799823761,0.8760040998458862,0,-0.5214600563049316,-0.7155401110649109,0.4648457467556,0,0.09659499675035477,0.2691200077533722,0.02335299924015999,1,0.38628658652305603,0.0835430771112442,0.9185872077941895,0,-0.9054490923881531,-0.1555832326412201,0.39491161704063416,0,0.17590923607349396,-0.9842839241027832,0.015544060617685318,0,-0.6129699945449829,0.8749340176582336,0.0015839999541640282,1,0.8170039653778076,0.5728430151939392,0.06600552052259445,0,-0.4314675033092499,0.5313680768013,0.7290286421775818,0,0.382545530796051,-0.6240989565849304,0.6812922954559326,0,0,1.2662559747695923,0,1,0.5916166305541992,-0.7716402411460876,-0.23358212411403656,0,0.8017953038215637,0.5934435725212097,0.07034209370613098,0,0.08433887362480164,-0.2289011925458908,0.9697889685630798,0,0,1.457880973815918,0,1,0.8868634104728699,-0.4606720209121704,0.03542519360780716,0,0.459818035364151,0.8875124454498291,0.02980257384479046,0,-0.04517001658678055,-0.010141580365598202,0.9989280104637146,0,0,1.7720019817352295,0,1,0.9839370250701904,-0.14709599316120148,0.10114900022745132,0,0.05626700073480606,0.7932680249214172,0.606266975402832,0,-0.16941800713539124,-0.5908370018005371,0.7888020277023315,0,0,0.780538022518158,0,1,0.849327027797699,0.12577399611473083,0.5126640200614929,0,-0.5203359723091125,0.36294499039649963,0.7729949951171875,0,-0.08884599804878235,-0.9232829809188843,0.3737039864063263,0,0,0.1600950062274933,0,1,0.9512590169906616,-0.20168200135231018,-0.2333039939403534,0,0.13800400495529175,0.9549279808998108,-0.2628079950809479,0,0.2757920026779175,0.2178020030260086,0.9362159967422485,0,0.06565500050783157,0.09985899925231934,0.0016589999431744218,1,-0.6424519419670105,0.0038238398265093565,0.7663170695304871,0,0.5769490003585815,-0.6557391881942749,0.48696577548980713,0,0.5043660998344421,0.754977822303772,0.4190751612186432,0,0.7412170171737671,-0.36634698510169983,0.0497560016810894,1,0.9389290809631348,-0.20939673483371735,-0.273066908121109,0,-0.05905209109187126,0.6837210655212402,-0.7273498773574829,0,0.3390067517757416,0.699055016040802,0.6296001076698303,0,0,3.067483901977539,0,1,0.9855119585990906,-0.161370187997818,-0.05220502242445946,0,0.1569521576166153,0.7510659694671631,0.6413009762763977,0,-0.06427811086177826,-0.6402029991149902,0.7655119895935059,0,0,2.7296791076660156,0,1,0.9986630082130432,-0.04556902498006821,-0.024416906759142876,0,0.04610694199800491,0.5713930726051331,0.819379985332489,0,-0.023386074230074883,-0.8194100260734558,0.5727300643920898,0,0,0.35755500197410583,0,1,-0.907069981098175,0.3455820381641388,-0.24041199684143066,0,-0.41996103525161743,-0.7825289368629456,0.4596540629863739,0,-0.029280949383974075,0.5179020762443542,0.8549389243125916,0,-0.7412170171737671,-0.36634698510169983,0.06183899939060211,1,0.9912639856338501,-0.014483830891549587,0.13109511137008667,0,0.11664998531341553,0.560135006904602,-0.8201479911804199,0,-0.061552196741104126,0.8282750248908997,0.5569310188293457,0,0,3.067497968673706,0,1,0.9193670749664307,0.31954681873321533,0.2294650673866272,0,-0.3355720341205597,0.33257511258125305,0.8813539147377014,0,0.20531977713108063,-0.8872900009155273,0.4129890501499176,0,0,2.729706048965454,0,1,0.9976410269737244,0.04990699887275696,-0.04713499918580055,0,0.01235399954020977,0.5448960065841675,0.8384130001068115,0,0.06752599775791168,-0.8370169997215271,0.5429940223693848,0,0,0.3452860116958618,0,1
K0.067,0.5954732298851013,0.04762796685099602,0.8019618391990662,0,-0.1210150420665741,0.9921690225601196,0.030932128429412842,0,-0.7942087650299072,-0.11546910554170609,0.5965732336044312,0,0.03566502407193184,5.443317890167236,-0.014345897361636162,1,0.9984650015830994,-0.025652999058365822,-0.049078039824962616,0,0.035200007259845734,0.9781630039215088,0.20483499765396118,0,0.04275104030966759,-0.20624800026416779,0.9775649905204773,0,0,0.6598849892616272,0.01105200033634901,1,0.9935809969902039,-0.06403500586748123,-0.09325607866048813,0,0.07322601228952408,0.9924179911613464,0.09871598333120346,0,0.08622808009386063,-0.10491099208593369,0.9907360076904297,0,0,0.7699729800224304,0,1,0.9935809969902039,-0.06399800628423691,-0.0932810828089714,0,0.053922999650239944,0.9928179979324341,-0.10679401457309723,0,0.09944508224725723,0.10107900947332382,0.9898959994316101,0,0,0.8799690008163452,0,1,0.9808740615844727,0.0002619591250550002,-0.1946427971124649,0,0.0077560110948979855,0.9991520047187805,0.040427882224321365,0,0.1944887936115265,-0.04116388410329819,0.9800410866737366,0,0,0.98996502161026,0,1,0.9141219854354858,-0.1168207898736,-0.38824400305747986,0,0.07852383702993393,0.9904710054397583,-0.11314186453819275,0,0.3977619707584381,0.0729389488697052,0.9145849943161011,0,0,0.3413110077381134,0.08715499937534332,1,0.21211834251880646,-0.029150011017918587,-0.9768089652061462,0,0.947693943977356,-0.23780681192874908,0.2128923386335373,0,-0.2384978085756302,-0.970875084400177,-0.02281802147626877,0,0.6129699945449829,0.8749449849128723,0.0022690000478178263,1,0.9856420159339905,-0.018265891820192337,0.16786111891269684,0,-0.07744420319795609,0.8344988822937012,0.5455401539802551,0,-0.1500440090894699,-0.550707221031189,0.8211018443107605,0,0,1.2662559747695923,0,1,0.827966034412384,0.4848566949367523,0.28175437450408936,0,-0.5225217938423157,0.8494301438331604,0.07374705374240875,0,-0.20357435941696167,-0.2082831859588623,0.9566478729248047,0,0,1.4578490257263184,0,1,0.9968389868736267,0.06679181754589081,-0.04302000254392624,0,-0.07275281101465225,0.984993040561676,-0.15651178359985352,0,0.03192104399204254,0.1591467559337616,0.9867390394210815,0,0,1.7718620300292969,0,1,0.9945549964904785,0.10314098745584488,0.014933000318706036,0,-0.10362597554922104,0.9939450025558472,0.03652772679924965,0,-0.011075029149651527,-0.03787672892212868,0.9992210268974304,0,0,0.5459910035133362,0,1,0.938730001449585,0.34384700655937195,0.023574907332658768,0,-0.344448983669281,0.9383310079574585,0.029813744127750397,0,-0.011870000511407852,-0.03610772639513016,0.9992769956588745,0,0,0.20895400643348694,0,1,0.7621170282363892,-0.6326060891151428,-0.1377939134836197,0,0.379501074552536,0.26405319571495056,0.8867098689079285,0,-0.5245529413223267,-0.7280699014663696,0.4413142502307892,0,0.09659499675035477,0.2691200077533722,0.02335299924015999,1,0.3441484272480011,0.09078092873096466,0.9345158338546753,0,-0.9173918962478638,-0.17937876284122467,0.35526737570762634,0,0.19988375902175903,-0.9795830845832825,0.021548939868807793,0,-0.6129699945449829,0.8749340176582336,0.0015839999541640282,1,0.8096760511398315,0.5748019814491272,0.11843547970056534,0,-0.48265549540519714,0.537382960319519,0.6915653347969055,0,0.33386847376823425,-0.6171080470085144,0.7125377058982849,0,0,1.2662559747695923,0,1,0.5549423694610596,-0.7949407696723938,-0.24517087638378143,0,0.8287707567214966,0.553801417350769,0.08027390390634537,0,0.0719631239771843,-0.2477378100156784,0.9661510586738586,0,0,1.457880973815918,0,1,0.9303845763206482,-0.3624509871006012,0.054895807057619095,0,0.36362195014953613,0.9314596056938171,-0.012745576910674572,0,-0.046513985842466354,0.03181958198547363,0.9984109997749329,0,0,1.7720019817352295,0,1,0.9839370250701904,-0.14709700644016266,0.10114900022745132,0,0.05626700073480606,0.7932680249214172,0.606266975402832,0,-0.16941800713539124,-0.5908370018005371,0.7888020277023315,0,0,0.780538022518158,0,1,0.8493279814720154,0.12577299773693085,0.5126630067825317,0,-0.5203350186347961,0.3629460036754608,0.7729949951171875,0,-0.08884699642658234,-0.9232829809188843,0.3737039864063263,0,0,0.1600950062274933,0,1,0.9512590169906616,-0.2016810029745102,-0.2333029955625534,0,0.13800400495529175,0.9549279808998108,-0.2628079950809479,0,0.2757909893989563,0.2178020030260086,0.9362170100212097,0,0.06565500050783157,0.09985899925231934,0.0016589999431744218,1,-0.6357370615005493,-0.012180840596556664,0.7718099355697632,0,0.5761650204658508,-0.6728808283805847,0.4639662504196167,0,0.5136838555335999,0.7396501898765564,0.4347938597202301,0,0.7412170171737671,-0.36634698510169983,0.0497560016810894,1,0.9466789364814758,-0.1825142651796341,-0.26549407839775085,0,-0.06796091049909592,0.6923919320106506,-0.7183141112327576,0,0.31492823362350464,0.6980559825897217,0.6430689096450806,0,0,3.067483901977539,0,1,0.9819830656051636,-0.18094681203365326,-0.054474975913763046,0,0.17315784096717834,0.7461860775947571,0.6428250074386597,0,-0.07566788792610168,-0.6406760215759277,0.7640740275382996,0,0,2.7296791076660156,0,1,0.9987210035324097,-0.04826097562909126,-0.01510109193623066,0,0.04013006016612053,0.5746859312057495,0.8173900246620178,0,-0.03076992742717266,-0.8169500231742859,0.5758869647979736,0,0,0.35755500197410583,0,1,-0.9060819745063782,0.3484969735145569,-0.23992900550365448,0,-0.42240196466445923,-0.777694046497345,0.465582937002182,0,-0.024337047711014748,0.5232029557228088,0.8518600463867188,0,-0.7412170171737671,-0.36634698510169983,0.06183899939060211,1,0.9900230169296265,0.0024248319678008556,0.14088189601898193,0,0.11512001603841782,0.5626130104064941,-0.8186659812927246,0,-0.08124680817127228,0.8267170190811157,0.5567209720611572,0,0,3.067497968673706,0,1,0.9234249591827393,0.302351176738739,0.23636692762374878,0,-0.3371429741382599,0.34484389424324036,0.8760230541229248,0,0.18335722386837006,-0.8886319994926453,0.42037293314933777,0,0,2.729706048965454,0,1,0.9976410269737244,0.04990699887275696,-0.04713499918580055,0,0.012353000231087208,0.5448960065841675,0.8384130001068115,0,0.06752700358629227,-0.8370169997215271,0.5429940223693848,0,0,0.3452860116958618,0,1
K0.100,0.5591560006141663,0.04620800167322159,0.8277729749679565,0,-0.11321700364351273,0.9933480024337769,0.02102700062096119,0,-0.8212950229644775,-0.10547500103712082,0.5606679916381836,0,0.028720000758767128,5.462017059326172,-0.02981100045144558,1,0.9988229870796204,-0.025895999744534492,-0.04101499915122986,0,0.03381500020623207,0.9779649972915649,0.20601199567317963,0,0.0347759984433651,-0.2071560025215149,0.9776899814605713,0,0,0.6598849892616272,0.01105200033634901,1,0.9951300024986267,-0.061847999691963196,-0.07675299793481827,0,0.06950599700212479,0.9924060106277466,0.10148199647665024,0,0.06989400088787079,-0.10632199794054031,0.9918720126152039,0,0,0.7699729800224304,0,1,0.9951300024986267,-0.06181799992918968,-0.07677800208330154,0,0.05364299938082695,0.9930959939956665,-0.10432100296020508,0,0.08269599825143814,0.09969499707221985,0.9915760159492493,0,0,0.8799690008163452,0,1,0.974111020565033,0.0106839993968606,-0.2258179932832718,0,0.0008510003099218011,0.9987019896507263,0.050919998437166214,0,0.22606900334358215,-0.04979399964213371,0.9728379845619202,0,0,0.98996502161026,0,1,0.9080389738082886,-0.14851799607276917,-0.3916729986667633,0,0.10635499656200409,0.9861379861831665,-0.12736299633979797,0,0.40515899658203125,0.07399400323629379,0.9112470149993896,0,0,0.3413110077381134,0.08715499937534332,1,0.178288996219635,-0.02639699913561344,-0.9836239814758301,0,0.9493690133094788,-0.25817400217056274,0.17900800704956055,0,-0.25867098569869995,-0.9657379984855652,-0.020968999713659286,0,0.6129699945449829,0.8749449849128723,0.0022690000478178263,1,0.9865970015525818,-0.0326710008084774,0.1598690003156662,0,-0.05662300065159798,0.8503209948539734,0.5232089757919312,0,-0.1530340015888214,-0.5252490043640137,0.8370749950408936,0,0,1.2662559747695923,0,1,0.8191840052604675,0.5223550200462341,0.23681800067424774,0,-0.5500270128250122,0.8325080275535583,0.06633300334215164,0,-0.16250300407409668,-0.1845960021018982,0.9692869782447815,0,0,1.4578490257263184,0,1,0.994949996471405,0.08989500254392624,-0.04464200139045715,0,-0.09665799885988235,0.9780009984970093,-0.18485499918460846,0,0.027042999863624573,0.18823599815368652,0.981751024723053,0,0,1.7718620300292969,0,1,0.9942539930343628,0.10600899904966354,0.01486899983137846,0,-0.10684499889612198,0.9912800192832947,0.07712200284004211,0,-0.006564000155776739,-0.07826799899339676,0.9969109892845154,0,0,0.5459910035133362,0,1,0.937749981880188,0.3452729880809784,0.03757999837398529,0,-0.34711501002311707,0.9353560209274292,0.06796900182962418,0,-0.01168300025165081,-0.07678300142288208,0.9969789981842041,0,0,0.20895400643348694,0,1,0.7656499743461609,-0.6252279877662659,-0.15122899413108826,0,0.36644500494003296,0.23072199523448944,0.9013800024986267,0,-0.5286759734153748,-0.7455580234527588,0.40576401352882385,0,0.09659499675035477,0.2691200077533722,0.02335299924015999,1,0.2765769958496094,0.10018199682235718,0.9557560086250305,0,-0.9306560158729553,-0.21999399363994598,0.29237300157546997,0,0.23955099284648895,-0.9703429937362671,0.03238900005817413,0,-0.6129699945449829,0.8749340176582336,0.0015839999541640282,1,0.8236299753189087,0.5504649877548218,0.13645899295806885,0,-0.5086529850959778,0.6105960011482239,0.606997013092041,0,0.25080999732017517,-0.5693510174751282,0.7829009890556335,0,0,1.2662559747695923,0,1,0.5566059947013855,-0.778892993927002,-0.28898900747299194,0,0.8274980187416077,0.550661027431488,0.10963799804449081,0,0.07373800128698349,-0.30016300082206726,0.9510340094566345,0,0,1.457880973815918,0,1,0.9564470052719116,-0.28264299035072327,0.07294999808073044,0,0.285286009311676,0.9580169916152954,-0.02855999954044819,0,-0.06181500107049942,0.048128001391887665,0.99692702293396,0,0,1.7720019817352295,0,1,0.9839370250701904,-0.14709700644016266,0.10114999860525131,0,0.05626700073480606,0.7932680249214172,0.6062679886817932,0,-0.16941900551319122,-0.5908370018005371,0.7888020277023315,0,0,0.780538022518158,0,1,0.8493279814720154,0.12577399611473083,0.5126630067825317,0,-0.5203350186347961,0.3629460036754608,0.7729949951171875,0,-0.08884599804878235,-0.9232829809188843,0.3737049996852875,0,0,0.1600950062274933,0,1,0.9512590169906616,-0.2016810029745102,-0.2333029955625534,0,0.13800300657749176,0.9549279808998108,-0.26280900835990906,0,0.2757909893989563,0.2178020030260086,0.9362159967422485,0,0.06565500050783157,0.09985899925231934,0.0016589999431744218,1,-0.6294800043106079,-0.03401299938559532,0.7762719988822937,0,0.5763049721717834,-0.6905379891395569,0.43707001209259033,0,0.5211790204048157,0.722495973110199,0.4542819857597351,0,0.7412170171737671,-0.36634698510169983,0.0497560016810894,1,0.9571329951286316,-0.13842099905014038,-0.25443199276924133,0,-0.08550000190734863,0.7042539715766907,-0.7047809958457947,0,0.27674201130867004,0.6963229775428772,0.6622300148010254,0,0,3.067483901977539,0,1,0.9755079746246338,-0.21227900683879852,-0.057642001658678055,0,0.1988310068845749,0.7388790249824524,0.6438350081443787,0,-0.09408199787139893,-0.6395270228385925,0.7629899978637695,0,0,2.7296791076660156,0,1,0.9987620115280151,-0.049612998962402344,-0.0036710004787892103,0,0.03171199932694435,0.5780720114707947,0.8153690099716187,0,-0.03833099827170372,-0.8144760131835938,0.5789300203323364,0,0,0.35755500197410583,0,1,-0.9080399870872498,0.34415000677108765,-0.23879900574684143,0,-0.4183430075645447,-0.7740340232849121,0.4752480089664459,0,-0.021282000467181206,0.5314440131187439,0.8468260169029236,0,-0.7412170171737671,-0.36634698510169983,0.06183899939060211,1,0.9878919720649719,0.02359599806368351,0.1533370018005371,0,0.11291000247001648,0.568477988243103,-0.8149129748344421,0,-0.10639700293540955,0.8223599791526794,0.5589309930801392,0,0,3.067497968673706,0,1,0.9284030199050903,0.27928799390792847,0.2450830042362213,0,-0.3383939862251282,0.36305999755859375,0.8681460022926331,0,0.15348300337791443,-0.8889240026473999,0.4315750002861023,0,0,2.729706048965454,0,1,0.9976410269737244,0.04990699887275696,-0.04713600128889084,0,0.01235399954020977,0.5448960065841675,0.8384130001068115,0,0.06752700358629227,-0.8370169997215271,0.5429940223693848,0,0,0.3452860116958618,0,1
K0.133,0.51213139295578,0.04411200433969498,0.8577733635902405,0,-0.10698799043893814,0.9941790103912354,0.012749912217259407,0,-0.8522173762321472,-0.0983009859919548,0.5138694047927856,0,0.018787899985909462,5.484968662261963,-0.05124739557504654,1,0.9991809725761414,-0.02648301236331463,-0.03058989718556404,0,0.03226199373602867,0.9777479767799377,0.2072880119085312,0,0.02441989630460739,-0.20810499787330627,0.9778019785881042,0,0,0.6598849892616272,0.01105200033634901,1,0.996662974357605,-0.06009399890899658,-0.05524478107690811,0,0.06562897562980652,0.9923539757728577,0.10453202575445175,0,0.04854077845811844,-0.10780900716781616,0.9929860234260559,0,0,0.7699729800224304,0,1,0.996662974357605,-0.06007299944758415,-0.0552687793970108,0,0.05424102395772934,0.993349015712738,-0.10156498104333878,0,0.06100277975201607,0.09822799265384674,0.993291974067688,0,0,0.8799690008163452,0,1,0.9632598161697388,0.022010046988725662,-0.2676674723625183,0,-0.006698026787489653,0.9982950091362,0.057985980063676834,0,0.26848751306533813,-0.05406196042895317,0.9617648720741272,0,0,0.98996502161026,0,1,0.8976649045944214,-0.18462033569812775,-0.4001411199569702,0,0.13626328110694885,0.9797989130020142,-0.14637917280197144,0,0.4190821647644043,0.07687501609325409,0.9046879410743713,0,0,0.3413110077381134,0.08715499937534332,1,0.14309661090373993,-0.02097889594733715,-0.989486038684845,0,0.949787974357605,-0.2781752049922943,0.14325359463691711,0,-0.2782561779022217,-0.9603009223937988,-0.01988101378083229,0,0.6129699945449829,0.8749449849128723,0.0022690000478178263,1,0.9854219555854797,-0.05275224521756172,0.16174013912677765,0,-0.03530578315258026,0.8666001558303833,0.49775171279907227,0,-0.16642123460769653,-0.496206670999527,0.8521051406860352,0,0,1.2662559747695923,0,1,0.8059868812561035,0.5589063167572021,0.19495776295661926,0,-0.5782892107963562,0.813782811164856,0.057782914489507675,0,-0.12635882198810577,-0.159314826130867,0.9791080355644226,0,0,1.4578490257263184,0,1,0.9925789833068848,0.11212815344333649,-0.04706202819943428,0,-0.11971717327833176,0.9689449071884155,-0.21636436879634857,0,0.021339941769838333,0.2203933745622635,0.9751778841018677,0,0,1.7718620300292969,0,1,0.9938709735870361,0.10953203588724136,0.014956003054976463,0,-0.11054503917694092,0.9857608675956726,0.12670555710792542,0,-0.000864934700075537,-0.12758253514766693,0.9918279647827148,0,0,0.5459910035133362,0,1,0.9365440011024475,0.34623798727989197,0.05482419207692146,0,-0.35036903619766235,0.9295839071273804,0.11452551186084747,0,-0.011310994625091553,-0.1264665573835373,0.991905927658081,0,0,0.20895400643348694,0,1,0.7702080607414246,-0.6154828667640686,-0.1672101616859436,0,0.35026881098747253,0.18910051882266998,0.9173621535301208,0,-0.5330010652542114,-0.7651281952857971,0.3612315058708191,0,0.09659499675035477,0.2691200077533722,0.02335299924015999,1,0.20758628845214844,0.10602199286222458,0.9724541306495667,0,-0.9360880255699158,-0.2670694887638092,0.22894033789634705,0,0.2839854061603546,-0.9578278660774231,0.04380612075328827,0,-0.6129699945449829,0.8749340176582336,0.0015839999541640282,1,0.8506913781166077,0.5101914405822754,0.1266036331653595,0,-0.5005275011062622,0.7125799655914307,0.49163177609443665,0,0.1606113463640213,-0.48159584403038025,0.8615506291389465,0,0,1.2662559747695923,0,1,0.5815641283988953,-0.7330405712127686,-0.35275253653526306,0,0.806864857673645,0.5750411748886108,0.13526618480682373,0,0.10369130223989487,-0.3632895052433014,0.9258877635002136,0,0,1.457880973815918,0,1,0.9724641442298889,-0.21534110605716705,0.08911308646202087,0,0.21826909482479095,0.9755831956863403,-0.024416951462626457,0,-0.08167912811040878,0.04319588467478752,0.9957219958305359,0,0,1.7720019817352295,0,1,0.9839370250701904,-0.14709700644016266,0.10114999860525131,0,0.05626700073480606,0.7932680249214172,0.6062679886817932,0,-0.16941900551319122,-0.5908370018005371,0.7888020277023315,0,0,0.780538022518158,0,1,0.8493279814720154,0.12577299773693085,0.5126630067825317,0,-0.5203350186347961,0.3629460036754608,0.7729949951171875,0,-0.08884699642658234,-0.9232829809188843,0.3737039864063263,0,0,0.1600950062274933,0,1,0.9512590169906616,-0.20168200135231018,-0.2333039939403534,0,0.13800400495529175,0.9549279808998108,-0.2628079950809479,0,0.2757920026779175,0.2178020030260086,0.9362159967422485,0,0.06565500050783157,0.09985899925231934,0.0016589999431744218,1,-0.6238799095153809,-0.05780525133013725,0.7793790698051453,0,0.574167013168335,-0.7104572653770447,0.40691760182380676,0,0.530194103717804,0.7013617753982544,0.476430207490921,0,0.7412170171737671,-0.36634698510169983,0.0497560016810894,1,0.9681361317634583,-0.08053237944841385,-0.23712070286273956,0,-0.10812517255544662,0.7196431756019592,-0.6858737468719482,0,0.22587738931179047,0.6896578073501587,0.6880053281784058,0,0,3.067483901977539,0,1,0.9657239317893982,-0.2528432607650757,-0.05871003121137619,0,0.22995625436306,0.7284579873085022,0.6453439593315125,0,-0.12040313333272934,-0.6367248892784119,0.7616320848464966,0,0,2.7296791076660156,0,1,0.9990789890289307,-0.042906034737825394,-0.00013595983909908682,0,0.025121979415416718,0.5824038982391357,0.812511146068573,0,-0.0347820520401001,-0.8117671012878418,0.5829448699951172,0,0,0.35755500197410583,0,1,-0.9117840528488159,0.3356128931045532,-0.23667095601558685,0,-0.41032588481903076,-0.7680938839912415,0.4915952980518341,0,-0.01679990626871586,0.5453402400016785,0.8380458354949951,0,-0.7412170171737671,-0.36634698510169983,0.06183899939060211,1,0.9845459461212158,0.04832829535007477,0.16832417249679565,0,0.110260970890522,0.5756710767745972,-0.8102129697799683,0,-0.1360563486814499,0.8162519335746765,0.5614460110664368,0,0,3.067497968673706,0,1,0.9333740472793579,0.25181567668914795,0.2557371258735657,0,-0.3392060101032257,0.38611429929733276,0.8578198552131653,0,0.11726855486631393,-0.8874149322509766,0.4458061754703522,0,0,2.729706048965454,0,1,0.9976410269737244,0.04990699887275696,-0.04713499918580055,0,0.012353000231087208,0.5448960065841675,0.8384130001068115,0,0.06752700358629227,-0.8370169997215271,0.5429940223693848,0,0,0.3452860116958618,0,1
