3.167,30,95,33
B0,mixamorig_Hips,-1,-0.5950674414634705,-0.200346440076828,-0.7666268944740295,0,-0.06821693480014801,0.9773093461990356,-0.19861015677452087,0,0.7891737222671509,-0.06815285235643387,-0.5952387452125549,0,-0.4556514322757721,5.680186748504639,2.277522563934326,1
B1,mixamorig_Spine,0,0.9977737665176392,0.056463856250047684,-0.033384617418050766,0,-0.04790651425719261,0.9749377965927124,0.21692457795143127,0,0.04477369785308838,-0.21490243077278137,0.9756020903587341,0,0,0.6598849892616272,0.01105200033634901,1
B2,mixamorig_Spine1,1,0.981948971748352,-0.03349969536066055,-0.18476754426956177,0,0.054599545896053314,0.9921403527259827,0.11014969646930695,0,0.17956511676311493,-0.11839030683040619,0.9765657186508179,0,0,0.7699729800224304,0,1
B3,mixamorig_Spine2,2,0.9798896908760071,-0.006477238144725561,-0.19815555214881897,0,-0.008123387582600117,0.9970468282699585,-0.07304546236991882,0,0.19798584282398224,0.0730522945523262,0.9774208068847656,0,0,0.8799690008163452,0,1
B4,mixamorig_Neck,3,0.9725189208984375,0.13459478318691254,0.1808777004480362,0,-0.17528603971004486,0.9580780267715454,0.2249588966369629,0,-0.142535999417305,-0.2517282962799072,0.9556253552436829,0,0,0.98996502161026,0,1
B5,mixamorig_Head,4,0.9835402369499207,0.11579541862010956,0.13159194588661194,0,-0.09669492393732071,0.9852786064147949,-0.13927096128463745,0,-0.14598970115184784,0.12364742159843445,0.9805307388305664,0,0,0.3413110077381134,0.08715499937534332,1
B6,mixamorig_HeadTop_End,5,1,0,0,0,0,1,0,0,0,0,1,0,0,2.428844928741455,0.6202170252799988,1
B7,mixamorig_LeftShoulder,3,0.001028351834975183,-0.004971505608409643,-0.9999739527702332,0,0.9916308522224426,-0.128803089261055,0.0016528129344806075,0,-0.12881605327129364,-0.9916309118270874,0.004832552745938301,0,0.6129699945449829,0.8749449849128723,0.0022690000478178263,1
B8,mixamorig_LeftArm,7,0.8573742508888245,0.2815229296684265,-0.42554059624671936,0,0.24264994263648987,0.5098786950111389,0.8247782588005066,0,0.44886478781700134,-0.8119983673095703,0.3678300976753235,0,0,1.2662559747695923,0,1
B9,mixamorig_LeftForeArm,8,0.5289446711540222,0.8465103507041931,-0.008521226234734058,0,-0.846293032169342,0.5287983417510986,-0.0011265974026173353,0,0.002794622676447034,0.0065986523404717445,0.9996776580810547,0,0,1.4578490257263184,0,1
B10,mixamorig_LeftHand,9,0.9956254363059998,-0.04205631464719772,0.06618078052997589,0,0.054034583270549774,0.9797716736793518,-0.19186601042747498,0,-0.05678418278694153,0.19548803567886353,0.9778975248336792,0,0,1.7718620300292969,0,1
B11,mixamorig_LeftHandIndex1,10,0.9854260087013245,0.08804000169038773,-0.14554676413536072,0,0.013608756475150585,0.81209397315979,0.5833677649497986,0,0.16955776512622833,-0.5768467783927917,0.7990610003471375,0,0,0.5459910035133362,0,1
B12,mixamorig_LeftHandIndex2,11,0.9353457689285278,0.26195499300956726,0.23771294951438904,0,-0.35140523314476013,0.7650870084762573,0.5395892858505249,0,-0.040522702038288116,-0.5882359743118286,0.8076729774475098,0,0,0.20895400643348694,0,1
B13,mixamorig_LeftHandIndex3,12,0.8034907579421997,-0.5235172510147095,-0.2834300100803375,0,0.16632099449634552,-0.25973400473594666,0.9512500166893005,0,-0.5716120004653931,-0.811460018157959,-0.1216220036149025,0,0.09659499675035477,0.2691200077533722,0.02335299924015999,1
B14,mixamorig_LeftHandIndex4,13,1,0,0,0,0,1,0,0,0,0,1,0,-0.017209000885486603,0.026936000213027,-0.03339599817991257,1
B15,mixamorig_RightShoulder,3,0.5642001032829285,-0.012893847189843655,0.8255279660224915,0,-0.823293149471283,-0.08030788600444794,0.5615177750587463,0,0.059057436883449554,-0.9964603185653687,-0.055923204869031906,0,-0.6129699945449829,0.8749340176582336,0.0015839999541640282,1
B16,mixamorig_RightArm,15,0.4691838324069977,-0.8729891180992126,0.09764382243156433,0,0.88003009557724,0.4619945287704468,-0.09286822378635406,0,0.03230224549770355,0.1284460723400116,0.9887415766716003,0,0,1.2662559747695923,0,1
B17,mixamorig_RightForeArm,16,0.4033680260181427,-0.8322392106056213,0.37716618180274963,0,0.9069708585739136,0.4147747755050659,-0.05936489999294281,0,-0.10756292939186096,0.3651864528656006,0.9227921962738037,0,0,1.457880973815918,0,1
B18,mixamorig_RightHand,17,0.9715961217880249,0.22128397226333618,-0.07097339630126953,0,-0.2315562218427658,0.8975695371627808,-0.3745889663696289,0,-0.01911875605583191,0.37979233264923096,0.9239937663078308,0,0,1.7720019817352295,0,1
B19,mixamorig_RightHandIndex1,18,0.9839370250701904,-0.14709700644016266,0.10114924609661102,0,0.05626775696873665,0.793267011642456,0.6062679886817932,0,-0.16941824555397034,-0.5908380150794983,0.7888010144233704,0,0,0.780538022518158,0,1
B20,mixamorig_RightHandIndex2,19,0.8493279814720154,0.12577475607395172,0.5126619935035706,0,-0.5203350186347961,0.3629467487335205,0.7729949951171875,0,-0.08884599804878235,-0.923282265663147,0.37370577454566956,0,0,0.1600950062274933,0,1
B21,mixamorig_RightHandIndex3,20,0.9512590169906616,-0.2016810029745102,-0.2333029955625534,0,0.13800300657749176,0.9549279808998108,-0.26280900835990906,0,0.2757909893989563,0.2178030014038086,0.9362162351608276,0,0.06565500050783157,0.09985899925231934,0.0016589999431744218,1
B22,mixamorig_RightHandIndex4,21,1,0,0,0,0,1,0,0,0,0,1,0,-0.0006259999936446548,0.010700000450015068,0.07341200113296509,1
B23,mixamorig_LeftUpLeg,0,-0.5934127569198608,0.05943162366747856,0.8009712100028992,0,0.5767597556114197,-0.6629015207290649,0.4758770763874054,0,0.5588980913162231,0.7462658286094666,0.35926657915115356,0,0.7412170171737671,-0.36634698510169983,0.0497560016810894,1
B24,mixamorig_LeftLeg,23,0.9673068523406982,0.1429518759250641,0.20424677431583405,0,0.11591453105211258,0.4665624797344208,-0.8768073916435242,0,-0.22064632177352905,0.871709942817688,0.4350811541080475,0,0,3.067483901977539,0,1
B25,mixamorig_LeftFoot,24,0.9886571168899536,0.09763709455728531,0.10008541494607925,0,-0.12858401238918304,0.3676595985889435,0.9208490252494812,0,0.05305493623018265,-0.9234345555305481,0.3757508099079132,0,0,2.7296791076660156,0,1
B26,mixamorig_LeftToeBase,25,0.9803360104560852,0.08586680889129639,0.17767395079135895,0,-0.1863117665052414,0.6994566321372986,0.6899631023406982,0,-0.06503064930438995,-0.7094983458518982,0.7017003893852234,0,0,0.35755500197410583,0,1
B27,mixamorig_LeftToe_End,26,1,0,0,0,0,1,0,0,0,0,1,0,0,0.17919300496578217,0,1
B28,mixamorig_RightUpLeg,0,-0.8524761199951172,0.28830021619796753,-0.43345582485198975,0,-0.19660617411136627,-0.9478418231010437,-0.24719910323619843,0,-0.48147183656692505,-0.12489642947912216,0.8657790422439575,0,-0.7412170171737671,-0.36634698510169983,0.06183899939060211,1
B29,mixamorig_RightLeg,28,0.9981086850166321,-0.0570710226893425,-0.022664355114102364,0,0.024428335949778557,0.7074717879295349,-0.7056308388710022,0,0.056394632905721664,0.7037431597709656,0.7075313925743103,0,0,3.067497968673706,0,1
B30,mixamorig_RightFoot,29,0.955505907535553,0.2786264717578888,-0.09670420736074448,0,-0.22043576836585999,0.8925098180770874,0.3934601843357086,0,0.19594286382198334,-0.35464292764663696,0.9142395853996277,0,0,2.729706048965454,0,1
B31,mixamorig_RightToeBase,30,0.9556857347488403,0.07900506258010864,-0.2606251537799835,0,0.2415943443775177,0.24624836444854736,0.9368606805801392,0,0.13711905479431152,-0.9589284658432007,0.21505743265151978,0,0,0.3452860116958618,0,1
B32,mixamorig_RightToe_End,31,1,0,0,0,0,1,0,0,0,0,1,0,0,0.17244300246238708,0,1
@28,0,1,2,3,4,5,7,8,9,10,11,12,13,15,16,17,18,19,20,21,23,24,25,26,28,29,30,31
K0.000,0.638329029083252,0.04059800133109093,0.7686920166015625,0,-0.12704400718212128,0.9904699921607971,0.05318700149655342,0,-0.759207010269165,-0.1316079944372177,0.6374040246009827,0,0.03704100102186203,5.426196098327637,0.0016530000139027834,1,0.9982330203056335,-0.02550699934363365,-0.053672000765800476,0,0.03601200133562088,0.9781100153923035,0.2049500048160553,0,0.047269001603126526,-0.20652100443840027,0.9772999882698059,0,0,0.6598849892616272,0.01105200033634901,1,0.9925029873847961,-0.06574299931526184,-0.10303600132465363,0,0.0759740024805069,0.9922099709510803,0.09872999787330627,0,0.09574300050735474,-0.1058180034160614,0.989766001701355,0,0,0.7699729800224304,0,1,0.9925029873847961,-0.06570299714803696,-0.10306199640035629,0,0.05465500056743622,0.9928010106086731,-0.10657999664545059,0,0.10932199656963348,0.10014799982309341,0.9889479875564575,0,0,0.8799690008163452,0,1,0.9866660237312317,-0.0007730000070296228,-0.1627579927444458,0,0.004569999873638153,0.9997259974479675,0.02295999974012375,0,0.1626950055360794,-0.02339800074696541,0.9863989949226379,0,0,0.98996502161026,0,1,0.9176589846611023,-0.08967900276184082,-0.3871159851551056,0,0.05649999901652336,0.9937499761581421,-0.09627900272607803,0,0.39333099126815796,0.06647899746894836,0.9169899821281433,0,0,0.3413110077381134,0.08715499937534332,1,0.2826550006866455,-0.030798999592661858,-0.9587270021438599,0,0.9382839798927307,-0.19881099462509155,0.28301501274108887,0,-0.19932200014591217,-0.9795539975166321,-0.027296999469399452,0,0.6129699945449829,0.8749449849128723,0.0022690000478178263,1,0.9814910292625427,0.0025510000996291637,0.19149300456047058,0,-0.11529800295829773,0.8062589764595032,0.5802170038223267,0,-0.15291300415992737,-0.5915570259094238,0.7916300296783447,0,0,1.2662559747695923,0,1,0.8283529877662659,0.4392949938774109,0.34763699769973755,0,-0.4932810068130493,0.866096019744873,0.08094500005245209,0,-0.26552900671958923,-0.23853400349617004,0.934128999710083,0,0,1.4578490257263184,0,1,0.9980660080909729,0.041335999965667725,-0.04642700031399727,0,-0.046581998467445374,0.9918860197067261,-0.11828900128602982,0,0.04115999862551689,0.12022300064563751,0.9918929934501648,0,0,1.7718620300292969,0,1,0.99481201171875,0.10062199831008911,0.01497699972242117,0,-0.10062000155448914,0.9949250221252441,-0.0008999999845400453,0,-0.014991000294685364,-0.0006120000034570694,0.9998869895935059,0,0,0.5459910035133362,0,1,0.9396089911460876,0.3420810103416443,0.010735999792814255,0,-0.3420419991016388,0.9396690130233765,-0.005386999808251858,0,-0.011931000277400017,0.0013889999827370048,0.9999279975891113,0,0,0.20895400643348694,0,1,0.7590299844741821,-0.6389099955558777,-0.12516699731349945,0,0.3914160132408142,0.2941890060901642,0.8719210028648376,0,-0.5202569961547852,-0.7108070254325867,0.4733780026435852,0,0.09659499675035477,0.2691200077533722,0.02335299924015999,1,0.4145840108394623,0.07898899912834167,0.9065769910812378,0,-0.8949189782142639,-0.14529600739479065,0.4219120144844055,0,0.1650490015745163,-0.9862300157546997,0.010451000183820724,0,-0.6129699945449829,0.8749340176582336,0.0015839999541640282,1,0.8235369920730591,0.5672609806060791,-0.0016580000519752502,0,-0.38825398683547974,0.5657849907875061,0.7274249792098999,0,0.41357800364494324,-0.5984169840812683,0.6861860156059265,0,0,1.2662559747695923,0,1,0.6599060297012329,-0.7095639705657959,-0.24706999957561493,0,0.7423160076141357,0.666549026966095,0.06839899718761444,0,0.11615099757909775,-0.22854100167751312,0.9665809869766235,0,0,1.457880973815918,0,1,0.8117709755897522,-0.5839759707450867,0.00024900000425986946,0,0.5798649787902832,0.8061059713363647,0.11810900270938873,0,-0.06917399913072586,-0.09573300182819366,0.9930009841918945,0,0,1.7720019817352295,0,1,0.9839370250701904,-0.14709700644016266,0.10114900022745132,0,0.05626799911260605,0.7932680249214172,0.6062679886817932,0,-0.16941800713539124,-0.5908380150794983,0.7888020277023315,0,0,0.780538022518158,0,1,0.849327027797699,0.12577399611473083,0.5126640200614929,0,-0.5203359723091125,0.3629460036754608,0.7729949951171875,0,-0.08884699642658234,-0.9232829809188843,0.3737049996852875,0,0,0.1600950062274933,0,1,0.9512590169906616,-0.20168200135231018,-0.2333029955625534,0,0.13800400495529175,0.9549279808998108,-0.26280900835990906,0,0.2757920026779175,0.2178020030260086,0.9362159967422485,0,0.06565500050783157,0.09985899925231934,0.0016589999431744218,1,-0.6448450088500977,0.012520000338554382,0.7642109990119934,0,0.5787709951400757,-0.6450459957122803,0.4989379942417145,0,0.49919798970222473,0.764041006565094,0.40870800614356995,0,0.7412170171737671,-0.36634698510169983,0.0497560016810894,1,0.9329670071601868,-0.22776499390602112,-0.27873799204826355,0,-0.052448999136686325,0.680076003074646,-0.7312629818916321,0,0.3561190068721771,0.6968640089035034,0.6225429773330688,0,0,3.067483901977539,0,1,0.9876019954681396,-0.14872699975967407,-0.05021899938583374,0,0.14622299373149872,0.7552340030670166,0.6389369964599609,0,-0.057100001722574234,-0.638359010219574,0.7676180005073547,0,0,2.7296791076660156,0,1,0.9985910058021545,-0.043476998805999756,-0.030424000695347786,0,0.04978499934077263,0.5691450238227844,0.8207290172576904,0,-0.018366999924182892,-0.8210870027542114,0.5705069899559021,0,0,0.35755500197410583,0,1,-0.908536970615387,0.34149500727653503,-0.2407110035419464,0,-0.41639000177383423,-0.787447988986969,0.45447298884391785,0,-0.03434700146317482,0.5131350159645081,0.8576200008392334,0,-0.7412170171737671,-0.36634698510169983,0.06183899939060211,1,0.9918619990348816,-0.025321999564766884,0.1247749999165535,0,0.11743199825286865,0.5605970025062561,-0.8197199702262878,0,-0.04919100180268288,0.827701985836029,0.559008002281189,0,0,3.067497968673706,0,1,0.9168450236320496,0.3298099935054779,0.22499099373817444,0,-0.33431899547576904,0.3261820077896118,0.8842149972915649,0,0.21823500096797943,-0.8859059810638428,0.40932101011276245,0,0,2.729706048965454,0,1,0.9976410269737244,0.04990699887275696,-0.04713499918580055,0,0.012353000231087208,0.5448949933052063,0.8384130001068115,0,0.06752700358629227,-0.8370169997215271,0.5429930090904236,0,0,0.3452860116958618,0,1
K0.033,0.5976935625076294,0.034706972539424896,0.8009732961654663,0,-0.11070483922958374,0.9930649995803833,0.03957885503768921,0,-0.7940443158149719,-0.11232680082321167,0.5973905920982361,0,0.04222295060753822,5.421442985534668,0.02216324955224991,1,0.9982410073280334,-0.024350980296730995,-0.05406099930405617,0,0.03501998260617256,0.9778929948806763,0.20615503191947937,0,0.047846004366874695,-0.20768502354621887,0.9770249724388123,0,0,0.6598849892616272,0.01105200033634901,1,0.9923220276832581,-0.06533698737621307,-0.1050170511007309,0,0.07601000368595123,0.9919710159301758,0.1010710597038269,0,0.09757004678249359,-0.10827706754207611,0.9893209934234619,0,0,0.7699729800224304,0,1,0.9920690059661865,-0.063773974776268,-0.10831805318593979,0,0.052483975887298584,0.9931849837303162,-0.10405893623828888,0,0.11421604454517365,0.09754793345928192,0.9886549711227417,0,0,0.8799690008163452,0,1,0.9869610071182251,0.0010020299814641476,-0.1609569489955902,0,0.0036839765962213278,0.9995779991149902,0.028818052262067795,0,0.1609179526567459,-0.029035048559308052,0.9865409731864929,0,0,0.98996502161026,0,1,0.9184460043907166,-0.09067106992006302,-0.38501495122909546,0,0.06055810675024986,0.99413001537323,-0.08965593576431274,0,0.3908839523792267,0.059028904885053635,0.9185450673103333,0,0,0.3413110077381134,0.08715499937534332,1,0.2639307677745819,-0.029315978288650513,-0.9640960693359375,0,0.9444470405578613,-0.19510695338249207,0.2644847631454468,0,-0.19585596024990082,-0.9803439974784851,-0.02380695939064026,0,0.6129699945449829,0.8749449849128723,0.0022690000478178263,1,0.9847750663757324,0.004613934084773064,0.17377465963363647,0,-0.10566572844982147,0.8096610307693481,0.5773069262504578,0,-0.13803477585315704,-0.5868788957595825,0.7978211045265198,0,0,1.2662559747695923,0,1,0.8234809637069702,0.4514341354370117,0.3436368703842163,0,-0.5055640935897827,0.8587498664855957,0.08338406682014465,0,-0.25745585560798645,-0.2423960417509079,0.9353930354118347,0,0,1.4578490257263184,0,1,0.9972489476203918,0.039516955614089966,-0.06271342188119888,0,-0.046620000153779984,0.9921349883079529,-0.11616694182157516,0,0.057629432529211044,0.11877195537090302,0.9912480115890503,0,0,1.7718620300292969,0,1,0.9955549836158752,0.09383486211299896,0.008127800188958645,0,-0.09406682848930359,0.9949279427528381,0.03563093766570091,0,-0.004742732271552086,-0.0362379215657711,0.9993319511413574,0,0,0.5459910035133362,0,1,0.9393119812011719,0.3420979678630829,0.025716381147503853,0,-0.3427620232105255,0.9389869570732117,0.028595872223377228,0,-0.0143650583922863,-0.03567595034837723,0.9992599487304688,0,0,0.20895400643348694,0,1,0.7609430551528931,-0.6344688534736633,-0.13570426404476166,0,0.3784736692905426,0.2641761898994446,0.8871123790740967,0,-0.5269951820373535,-0.7264023423194885,0.4411521255970001,0,0.09659499675035477,0.2691200077533722,0.02335299924015999,1,0.4236341118812561,0.08394800871610641,0.9019349217414856,0,-0.8882729411125183,-0.15660902857780457,0.43179312348365784,0,0.17749904096126556,-0.9840869903564453,0.008222968317568302,0,-0.6129699945449829,0.8749340176582336,0.0015839999541640282,1,0.8564482927322388,0.5159494876861572,-0.017092151567339897,0,-0.3502655625343323,0.6051062941551208,0.7149549126625061,0,0.37922367453575134,-0.6063361167907715,0.698961079120636,0,0,1.2662559747695923,0,1,0.655578076839447,-0.7114588618278503,-0.25306811928749084,0,0.7470149397850037,0.6600240468978882,0.07960905134677887,0,0.11039206385612488,-0.2412361055612564,0.9641669392585754,0,0,1.457880973815918,0,1,0.837506115436554,-0.5414116382598877,0.0738757774233818,0,0.5375906825065613,0.8406121730804443,0.0660843774676323,0,-0.09787934273481369,-0.01563110016286373,0.9950759410858154,0,0,1.7720019817352295,0,1,0.9839370250701904,-0.14709700644016266,0.10114900022745132,0,0.05626700073480606,0.7932680249214172,0.6062679886817932,0,-0.16941800713539124,-0.5908380150794983,0.7888020277023315,0,0,0.780538022518158,0,1,0.8493279814720154,0.12577399611473083,0.5126630067825317,0,-0.5203350186347961,0.3629460036754608,0.7729949951171875,0,-0.08884599804878235,-0.9232829809188843,0.3737049996852875,0,0,0.1600950062274933,0,1,0.9512590169906616,-0.20168200135231018,-0.2333029955625534,0,0.13800300657749176,0.9549270272254944,-0.26280900835990906,0,0.2757909893989563,0.2178030014038086,0.9362159967422485,0,0.06565500050783157,0.09985899925231934,0.0016589999431744218,1,-0.644660234451294,-0.03906649351119995,0.7634696960449219,0,0.5937040448188782,-0.6547269225120544,0.46781203150749207,0,0.4815885126590729,0.7548549771308899,0.4452704191207886,0,0.7412170171737671,-0.36634698510169983,0.0497560016810894,1,0.9375311136245728,-0.22416679561138153,-0.26605260372161865,0,-0.05828414484858513,0.6527262330055237,-0.7553486227989197,0,0.34298351407051086,0.723669707775116,0.5988853573799133,0,0,3.067483901977539,0,1,0.9887049794197083,-0.14557716250419617,-0.0356406606733799,0,0.13098880648612976,0.7237594723701477,0.6775055527687073,0,-0.07283344119787216,-0.6745215058326721,0.7346534729003906,0,0,2.7296791076660156,0,1,0.9985629916191101,-0.05346958711743355,-0.0036479108966886997,0,0.03353369981050491,0.5702513456344604,0.8207857608795166,0,-0.041807711124420166,-0.8197287321090698,0.5712243318557739,0,0,0.35755500197410583,0,1,-0.9121280312538147,0.34369006752967834,-0.22338055074214935,0,-0.4095088243484497,-0.7879870533943176,0.45975902676582336,0,-0.018006619065999985,0.5108348727226257,0.8594900369644165,0,-0.7412170171737671,-0.36634698510169983,0.06183899939060211,1,0.9901829957962036,-0.004993996117264032,0.13968607783317566,0,0.11825306713581085,0.5627319812774658,-0.8181380033493042,0,-0.074520044028759,0.8266239762306213,0.5577980279922485,0,0,3.067497968673706,0,1,0.9200500249862671,0.31413301825523376,0.23415403068065643,0,-0.338422030210495,0.33601897954940796,0.8789550065994263,0,0.19742801785469055,-0.8879259824752808,0.41546300053596497,0,0,2.729706048965454,0,1,0.9977149963378906,0.04920697957277298,-0.04629697650671005,0,0.012204996310174465,0.5427089333534241,0.839832067489624,0,0.06645196676254272,-0.8384780883789062,0.5408689379692078,0,0,0.3452860116958618,0,1
K0.067,0.5581034421920776,0.03224102780222893,0.8291447162628174,0,-0.09467615932226181,0.9951930046081543,0.025030145421624184,0,-0.8243526816368103,-0.09246919304132462,0.5584733486175537,0,0.03724704682826996,5.411627769470215,0.04702175408601761,1,0.9982830286026001,-0.022225020453333855,-0.05418799817562103,0,0.03312201797962189,0.9772760272026062,0.20936797559261322,0,0.04830299690365791,-0.21080297231674194,0.9763339757919312,0,0,0.6598849892616272,0.01105200033634901,1,0.9918609857559204,-0.06414701789617538,-0.10998694598674774,0,0.07600700110197067,0.991320013999939,0.10726994276046753,0,0.10215095430612564,-0.11475693434476852,0.9881280064582825,0,0,0.7699729800224304,0,1,0.9916139841079712,-0.061337027698755264,-0.11375594884157181,0,0.05032302066683769,0.9939829707145691,-0.0972890704870224,0,0.11903895437717438,0.09074907004833221,0.9887340068817139,0,0,0.8799690008163452,0,1,0.9877319931983948,0.004002970177680254,-0.15610504150390625,0,0.0013280233833938837,0.9994199872016907,0.03402694687247276,0,0.15615004301071167,-0.033816952258348465,0.9871540069580078,0,0,0.98996502161026,0,1,0.9204710125923157,-0.09763393551111221,-0.37841805815696716,0,0.07127689570188522,0.9939910173416138,-0.08307906985282898,0,0.3842560648918152,0.04950009286403656,0.9218989610671997,0,0,0.3413110077381134,0.08715499937534332,1,0.23896224796772003,-0.0271450225263834,-0.9706499576568604,0,0.9519829154014587,-0.19046305119991302,0.23969325423240662,0,-0.19138003885746002,-0.981319010257721,-0.01967204175889492,0,0.6129699945449829,0.8749449849128723,0.0022690000478178263,1,0.9901639223098755,-0.0019999344367533922,0.13989734649658203,0,-0.07886126637458801,0.8179529309272766,0.5698540806770325,0,-0.11556922644376755,-0.575282096862793,0.8097499012947083,0,0,1.2662559747695923,0,1,0.819756031036377,0.46591585874557495,0.3330501317977905,0,-0.5194478631019592,0.8497740626335144,0.08976693451404572,0,-0.24119415879249573,-0.24658896028995514,0.9386259317398071,0,0,1.4578490257263184,0,1,0.9938050508499146,0.03504304587841034,-0.10546457767486572,0,-0.046720001846551895,0.992792010307312,-0.11036805808544159,0,0.10083656758069992,0.11461104452610016,0.9882789850234985,0,0,1.7718620300292969,0,1,0.9967740178108215,0.07937214523553848,-0.011885800398886204,0,-0.07717616856098175,0.9885790348052979,0.12944306433200836,0,0.02202373370528221,-0.12810808420181274,0.991515040397644,0,0,0.5459910035133362,0,1,0.9385390281677246,0.3392220437526703,0.06382261961698532,0,-0.3445829749107361,0.9315900802612305,0.11576813459396362,0,-0.020184941589832306,-0.13064506649971008,0.9912240505218506,0,0,0.20895400643348694,0,1,0.7662889361381531,-0.6216630935668945,-0.16228273510932922,0,0.3446573317050934,0.18457278609275818,0.9204046130180359,0,-0.5422288179397583,-0.7612276673316956,0.35569682717323303,0,0.09659499675035477,0.2691200077533722,0.02335299924015999,1,0.4360918700695038,0.08497699350118637,0.8958810567855835,0,-0.8814490437507629,-0.16023796796798706,0.44426587224006653,0,0.18130595982074738,-0.9834139943122864,0.005024031735956669,0,-0.6129699945449829,0.8749340176582336,0.0015839999541640282,1,0.886778712272644,0.46107053756713867,-0.03220885246992111,0,-0.30488044023513794,0.6359056830406189,0.7089930772781372,0,0.34737733006477356,-0.6188998818397522,0.7044799327850342,0,0,1.2662559747695923,0,1,0.6630619168281555,-0.7004581093788147,-0.2640208899974823,0,0.7393670678138733,0.667945921421051,0.08475794643163681,0,0.11698193103075027,-0.2514079213142395,0.9607860445976257,0,0,1.457880973815918,0,1,0.8500438928604126,-0.5044023394584656,0.15167222917079926,0,0.509824275970459,0.8602707982063293,0.0036236208397895098,0,-0.13230665028095245,0.0742461085319519,0.9884240627288818,0,0,1.7720019817352295,0,1,0.9839370250701904,-0.14709700644016266,0.10114900022745132,0,0.05626799911260605,0.7932680249214172,0.6062679886817932,0,-0.16941900551319122,-0.5908370018005371,0.7888020277023315,0,0,0.780538022518158,0,1,0.8493279814720154,0.12577399611473083,0.5126630067825317,0,-0.5203350186347961,0.3629460036754608,0.7729949951171875,0,-0.08884699642658234,-0.9232829809188843,0.3737049996852875,0,0,0.1600950062274933,0,1,0.9512590169906616,-0.2016810029745102,-0.2333039939403534,0,0.13800300657749176,0.9549279808998108,-0.26280900835990906,0,0.2757920026779175,0.2178020030260086,0.9362159967422485,0,0.06565500050783157,0.09985899925231934,0.0016589999431744218,1,-0.671201765537262,-0.08813251554965973,0.7360172867774963,0,0.6003819108009338,-0.6469970345497131,0.47003796696662903,0,0.4347754716873169,0.7573819756507874,0.48717957735061646,0,0.7412170171737671,-0.36634698510169983,0.0497560016810894,1,0.9523688554763794,-0.20298220217227936,-0.22757838666439056,0,-0.07266286015510559,0.5737378001213074,-0.815809428691864,0,0.29616546630859375,0.7934873104095459,0.5316606760025024,0,0,3.067483901977539,0,1,0.9868659973144531,-0.16152682900428772,-0.0019163351971656084,0,0.11158019304275513,0.6730355024337769,0.7311444878578186,0,-0.11681056022644043,-0.7217565178871155,0.6822195649147034,0,0,2.7296791076660156,0,1,0.9999110102653503,-0.012260410003364086,0.005263911560177803,0,0.00326730078086257,0.6074716448783875,0.7943342328071594,0,-0.012936286628246307,-0.794246256351471,0.6074576377868652,0,0,0.35755500197410583,0,1,-0.9198769330978394,0.3491659462451935,-0.17863143980503082,0,-0.3916911780834198,-0.7945199608802795,0.4640209674835205,0,0.02009362168610096,0.4968111515045166,0.8676259517669678,0,-0.7412170171737671,-0.36634698510169983,0.06183899939060211,1,0.9890180230140686,-0.004625003784894943,0.14772292971611023,0,0.12481693178415298,0.5613939762115479,-0.8180819749832153,0,-0.07914795726537704,0.8275359869003296,0.5558059811592102,0,0,3.067497968673706,0,1,0.9188249707221985,0.3157159686088562,0.23681996762752533,0,-0.34120896458625793,0.3339170217514038,0.878678023815155,0,0.19833499193191528,-0.8881570100784302,0.4145370125770569,0,0,2.729706048965454,0,1,0.9979109764099121,0.047277018427848816,-0.04402902349829674,0,0.011796004138886929,0.5367250442504883,0.8436749577522278,0,0.06351803243160248,-0.8424319624900818,0.5350460410118103,0,0,0.3452860116958618,0,1
K0.100,0.5170630216598511,0.031098999083042145,0.8553820252418518,0,-0.07804899662733078,0.9968900084495544,0.010935001075267792,0,-0.8523820042610168,-0.07241500169038773,0.5178819894790649,0,0.0292579997330904,5.3976731300354,0.07610499858856201,1,0.9983429908752441,-0.01924999989569187,-0.054235998541116714,0,0.030448999255895615,0.9763720035552979,0.21393899619579315,0,0.048836998641490936,-0.21523599326610565,0.9753400087356567,0,0,0.6598849892616272,0.01105200033634901,1,0.991241991519928,-0.06221200153231621,-0.11648300290107727,0,0.07579799741506577,0.9903420209884644,0.11609499901533127,0,0.10813599824905396,-0.12390699982643127,0.9863839745521545,0,0,0.7699729800224304,0,1,0.9911550283432007,-0.058341000229120255,-0.11919499933719635,0,0.04803600162267685,0.9949989914894104,-0.08757299929857254,0,0.12370800226926804,0.08107300102710724,0.9890009760856628,0,0,0.8799690008163452,0,1,0.9888020157814026,0.007814999669790268,-0.14903099834918976,0,-0.0020409997086972,0.9992430210113525,0.03885199874639511,0,0.1492220014333725,-0.038113001734018326,0.9880689978599548,0,0,0.98996502161026,0,1,0.9231860041618347,-0.10874199867248535,-0.3686490058898926,0,0.0864579975605011,0.9933149814605713,-0.07649099826812744,0,0.3745020031929016,0.03874199837446213,0.9264159798622131,0,0,0.3413110077381134,0.08715499937534332,1,0.19647200405597687,-0.02349800057709217,-0.9802280068397522,0,0.9630249738693237,-0.18332800269126892,0.19741900265216827,0,-0.18434199690818787,-0.9827709794044495,-0.013389999978244305,0,0.6129699945449829,0.8749449849128723,0.0022690000478178263,1,0.995747983455658,-0.002604000037536025,0.09207800030708313,0,-0.04977700114250183,0.8258749842643738,0.5616520047187805,0,-0.07750699669122696,-0.5638480186462402,0.8222339749336243,0,0,1.2662559747695923,0,1,0.8160579800605774,0.48282599449157715,0.31769099831581116,0,-0.5347620248794556,0.8392879962921143,0.09810599684715271,0,-0.21926599740982056,-0.24995000660419464,0.9431049823760986,0,0,1.4578490257263184,0,1,0.9857869744300842,0.029569000005722046,-0.16537900269031525,0,-0.04687200114130974,0.9937080144882202,-0.1017260029911995,0,0.16133099794387817,0.10803200304508209,0.980970025062561,0,0,1.7718620300292969,0,1,0.9967749714851379,0.06734000146389008,-0.04365599900484085,0,-0.05402600020170212,0.9653080105781555,0.25546300411224365,0,0.05934400111436844,-0.25227999687194824,0.9658330082893372,0,0,0.5459910035133362,0,1,0.9375039935112,0.3287450075149536,0.1140730008482933,0,-0.3469170033931732,0.9085389971733093,0.2328210026025772,0,-0.027101000770926476,-0.257845014333725,0.9658060073852539,0,0,0.20895400643348694,0,1,0.7745350003242493,-0.6010590195655823,-0.19703799486160278,0,0.29783201217651367,0.07173500955104828,0.9519190192222595,0,-0.5580250024795532,-0.7959790229797363,0.2345760017633438,0,0.09659499675035477,0.2691200077533722,0.02335299924015999,1,0.4562770128250122,0.08587200194597244,0.8856840133666992,0,-0.8702629804611206,-0.16455599665641785,0.46428799629211426,0,0.18561400473117828,-0.9826229810714722,-0.0003519997699186206,0,-0.6129699945449829,0.8749340176582336,0.0015839999541640282,1,0.9162399768829346,0.3994550108909607,-0.030657000839710236,0,-0.2682810127735138,0.6685919761657715,0.6935480237007141,0,0.29753801226615906,-0.627232015132904,0.7197570204734802,0,0,1.2662559747695923,0,1,0.6692990064620972,-0.6905890107154846,-0.2740910053253174,0,0.7322400212287903,0.6756250262260437,0.08576700091362,0,0.12595300376415253,-0.25810399651527405,0.9578719735145569,0,0,1.457880973815918,0,1,0.860496997833252,-0.46338900923728943,0.2116979956626892,0,0.4887309968471527,0.868162989616394,-0.08622599393129349,0,-0.1438319981098175,0.1776600033044815,0.9735239744186401,0,0,1.7720019817352295,0,1,0.9839370250701904,-0.14709700644016266,0.10114900022745132,0,0.05626799911260605,0.793267011642456,0.6062690019607544,0,-0.16941800713539124,-0.5908380150794983,0.7888010144233704,0,0,0.780538022518158,0,1,0.8493279814720154,0.12577499449253082,0.5126630067825317,0,-0.5203350186347961,0.3629460036754608,0.7729949951171875,0,-0.08884599804878235,-0.9232829809188843,0.3737049996852875,0,0,0.1600950062274933,0,1,0.9512590169906616,-0.2016810029745102,-0.2333029955625534,0,0.13800300657749176,0.9549279808998108,-0.26280900835990906,0,0.2757909893989563,0.2178030014038086,0.9362170100212097,0,0.06565500050783157,0.09985899925231934,0.0016589999431744218,1,-0.6870030164718628,-0.11845400184392929,0.7169349789619446,0,0.608493983745575,-0.6330729722976685,0.47849100828170776,0,0.3971930146217346,0.7649750113487244,0.5070019960403442,0,0.7412170171737671,-0.36634698510169983,0.0497560016810894,1,0.973505973815918,-0.14528599381446838,-0.1765729933977127,0,-0.08909100294113159,0.4701859951019287,-0.8780590295791626,0,0.21059200167655945,0.8705270290374756,0.4447849988937378,0,0,3.067483901977539,0,1,0.9747610092163086,-0.21966199576854706,-0.03985700011253357,0,0.16439899802207947,0.5854910016059875,0.7938349843025208,0,-0.1510400027036667,-0.780351996421814,0.6068260073661804,0,0,2.7296791076660156,0,1,0.9944530129432678,0.082520991563797,-0.06522099673748016,0,-0.008487999439239502,0.6810100078582764,0.7322239875793457,0,0.1048399955034256,-0.7276089787483215,0.6779329776763916,0,0,0.35755500197410583,0,1,-0.9274359941482544,0.3554629981517792,-0.11622700095176697,0,-0.3668479919433594,-0.8042799830436707,0.4675000011920929,0,0.07270000129938126,0.4762139916419983,0.8763189911842346,0,-0.7412170171737671,-0.36634698510169983,0.06183899939060211,1,0.9882400035858154,-0.014608999714255333,0.15220800042152405,0,0.13435600697994232,0.5581979751586914,-0.8187580108642578,0,-0.07300099730491638,0.8295789957046509,0.553596019744873,0,0,3.067497968673706,0,1,0.9140719771385193,0.32947099208831787,0.23647800087928772,0,-0.34510600566864014,0.3256399929523468,0.880262017250061,0,0.21301400661468506,-0.8862320184707642,0.4113610088825226,0,0,2.729706048965454,0,1,0.9981859922409058,0.04435800015926361,-0.04071500152349472,0,0.011188000440597534,0.5277929902076721,0.8493000268936157,0,0.05916300043463707,-0.8482139706611633,0.5263389945030212,0,0,0.3452860116958618,0,1
K0.133,0.47165447473526,0.02871895022690296,0.8813152313232422,0,-0.059704795479774475,0.9982159733772278,-0.0005760755157098174,0,-0.8797593116760254,-0.05234679952263832,0.47252845764160156,0,0.018368879333138466,5.38054895401001,0.10880835354328156,1,0.9984089732170105,-0.014972949400544167,-0.05436200276017189,0,0.026562953367829323,0.9753130078315735,0.2192220538854599,0,0.04973701015114784,-0.2203170508146286,0.9741590023040771,0,0,0.6598849892616272,0.01105200033634901,1,0.9906089901924133,-0.059616971760988235,-0.12304005026817322,0,0.07521798461675644,0.9891340136528015,0.126316100358963,0,0.11417204141616821,-0.13438411056995392,0.9843299984931946,0,0,0.7699729800224304,0,1,0.9907119870185852,-0.05476696044206619,-0.12446105480194092,0,0.045486971735954285,0.9960529804229736,-0.07621688395738602,0,0.1281440407037735,0.06984788924455643,0.9892929792404175,0,0,0.8799690008163452,0,1,0.9899939894676208,0.012047043070197105,-0.14059090614318848,0,-0.005972040351480246,0.9990329742431641,0.04355804994702339,0,0.14097991585731506,-0.042282044887542725,0.9891089797019958,0,0,0.98996502161026,0,1,0.9260910153388977,-0.12212814390659332,-0.3569868803024292,0,0.10392017662525177,0.9921309947967529,-0.06982793658971786,0,0.36270588636398315,0.027568889781832695,0.9314960837364197,0,0,0.3413110077381134,0.08715499937534332,1,0.1569845974445343,-0.020412972196936607,-0.9873900413513184,0,0.9716200828552246,-0.17593590915203094,0.15811459720134735,0,-0.17694491147994995,-0.9841899871826172,-0.007785945665091276,0,0.6129699945449829,0.8749449849128723,0.0022690000478178263,1,0.9992470145225525,-0.013427121564745903,0.03639340400695801,0,-0.008919568732380867,0.8335210680961609,0.5524159669876099,0,-0.037751566618680954,-0.5523249506950378,0.8327740430831909,0,0,1.2662559747695923,0,1,0.811320960521698,0.5021182298660278,0.29939278960227966,0,-0.5513681769371033,0.8274468779563904,0.10641606897115707,0,-0.19429874420166016,-0.2514129877090454,0.9481770396232605,0,0,1.4578490257263184,0,1,0.9721688032150269,0.024657968431711197,-0.23298166692256927,0,-0.04705800488591194,0.9947310090065002,-0.09107988327741623,0,0.2295086681842804,0.0995079055428505,0.9682068228721619,0,0,1.7718620300292969,0,1,0.9945029616355896,0.06530509144067764,-0.08185135573148727,0,-0.028654765337705612,0.9215854406356812,0.38711512088775635,0,0.10071338713169098,-0.38264212012290955,0.9183903932571411,0,0,0.5459910035133362,0,1,0.9364889860153198,0.30935177206993103,0.16519643366336823,0,-0.34911203384399414,0.8670854568481445,0.3553640842437744,0,-0.033307045698165894,-0.3904671370983124,0.9200143814086914,0,0,0.20895400643348694,0,1,0.7846511006355286,-0.5747417211532593,-0.23236629366874695,0,0.24695754051208496,-0.05401215702295303,0.967519998550415,0,-0.5686250329017639,-0.816550076007843,0.09955675899982452,0,0.09659499675035477,0.2691200077533722,0.02335299924015999,1,0.48226726055145264,0.0874580442905426,0.871647834777832,0,-0.8548568487167358,-0.1704270988702774,0.4900762736797333,0,0.19141410291194916,-0.9814810156822205,-0.0074270740151405334,0,-0.6129699945449829,0.8749340176582336,0.0015839999541640282,1,0.9410852193832397,0.3376452624797821,-0.018842041492462158,0,-0.2338104248046875,0.6899091601371765,0.6850969791412354,0,0.24431851506233215,-0.6403281688690186,0.7282090187072754,0,0,1.2662559747695923,0,1,0.6652031540870667,-0.695219874382019,-0.27234992384910583,0,0.7311016917228699,0.6805443167686462,0.04847637936472893,0,0.15164445340633392,-0.23136144876480103,0.9609760642051697,0,0,1.457880973815918,0,1,0.8761630654335022,-0.41051653027534485,0.25261542201042175,0,0.457618772983551,0.8730509877204895,-0.1684235781431198,0,-0.1514052301645279,0.2631676495075226,0.9527957439422607,0,0,1.7720019817352295,0,1,0.9839370250701904,-0.14709700644016266,0.10114900022745132,0,0.05626799911260605,0.7932680249214172,0.6062679886817932,0,-0.16941900551319122,-0.5908380150794983,0.7888020277023315,0,0,0.780538022518158,0,1,0.8493279814720154,0.12577399611473083,0.5126630067825317,0,-0.5203350186347961,0.3629460036754608,0.7729949951171875,0,-0.08884599804878235,-0.9232829809188843,0.3737049996852875,0,0,0.1600950062274933,0,1,0.9512590169906616,-0.2016810029745102,-0.2333029955625534,0,0.13800300657749176,0.9549279808998108,-0.26280900835990906,0,0.2757909893989563,0.2178030014038086,0.9362159967422485,0,0.06565500050783157,0.09985899925231934,0.0016589999431744218,1,-0.6980212330818176,-0.14085228741168976,0.7020877003669739,0,0.6141219139099121,-0.6219890117645264,0.48578205704689026,0,0.368267685174942,0.7702539563179016,0.5206612944602966,0,0.7412170171737671,-0.36634698510169983,0.0497560016810894,1,0.9818400740623474,-0.11601594090461731,-0.15010179579257965,0,-0.09910599142313004,0.36099886894226074,-0.927285373210907,0,0.16176575422286987,0.9253213405609131,0.3429448902606964,0,0,3.067483901977539,0,1,0.9648511409759521,-0.2528155744075775,-0.07173408567905426,0,0.19170278310775757,0.49039462208747864,0.8501542210578918,0,-0.17975468933582306,-0.8340243697166443,0.5216235518455505,0,0,2.7296791076660156,0,1,0.9950480461120605,0.0755324587225914,-0.06460826098918915,0,-0.005236154422163963,0.6889455914497375,0.7247934341430664,0,0.09925711154937744,-0.7208664417266846,0.6859295964241028,0,0,0.35755500197410583,0,1,-0.9318230152130127,0.359948992729187,-0.04629332572221756,0,-0.3381277024745941,-0.8147541284561157,0.47100505232810974,0,0.13182055950164795,0.4545458257198334,0.8809149861335754,0,-0.7412170171737671,-0.36634698510169983,0.06183899939060211,1,0.9870880246162415,-0.021546021103858948,0.15872307121753693,0,0.14395907521247864,0.5538279414176941,-0.8200920224189758,0,-0.07023501396179199,0.8323519825935364,0.549778938293457,0,0,3.067497968673706,0,1,0.9037808775901794,0.3563172221183777,0.23710303008556366,0,-0.35591211915016174,0.3180139362812042,0.8787450194358826,0,0.23771017789840698,-0.8785809278488159,0.4142330288887024,0,0,2.729706048965454,0,1,0.9984959959983826,0.040701959282159805,-0.036732956767082214,0,0.010427991859614849,0.5167618989944458,0.8560660481452942,0,0.05382594093680382,-0.8551610708236694,0.5155598521232605,0,0,0.3452860116958618,0,1
