2.267,30,68,33
B0,mixamorig_Hips,-1,0.9965646266937256,0.007345202378928661,-0.06087590754032135,0,0.0025059329345822334,0.9904065132141113,0.13448145985603333,0,0.06092984601855278,-0.13485638797283173,0.9870665073394775,0,0.2418844997882843,5.866909503936768,0.8956227898597717,1
B1,mixamorig_Spine,0,0.9984334707260132,0.02525467984378338,0.0490909107029438,0,-0.031151724979281425,0.9918071627616882,0.12378278374671936,0,-0.045573342591524124,-0.12515579164028168,0.9910538792610168,0,0,0.6598849892616272,0.01105200033634901,1
B2,mixamorig_Spine1,1,0.9968478679656982,-0.07625451683998108,0.011678495444357395,0,0.07690828293561935,0.9950732588768005,-0.0618264265358448,0,-0.006951718591153622,0.06239545717835426,0.9978848695755005,0,0,0.7699729800224304,0,1
B3,mixamorig_Spine2,2,0.9984503388404846,-0.05211291462182999,-0.006532619241625071,0,0.04888736456632614,0.9666336178779602,-0.2513580620288849,0,0.01938505657017231,0.2505670189857483,0.9677342772483826,0,0,0.8799690008163452,0,1
B4,mixamorig_Neck,3,0.9719667434692383,0.07003438472747803,-0.22340504825115204,0,-0.09418220072984695,0.9905304908752441,-0.09699378162622452,0,0.21440638601779938,0.11538990586996078,0.9693841934204102,0,0,0.98996502161026,0,1
B5,mixamorig_Head,4,0.9507511854171753,-0.1961633414030075,-0.23655851185321808,0,0.17745189368724823,0.9787466526031494,-0.09983173757791519,0,0.25089505314826965,0.052270494401454926,0.9659655690193176,0,0,0.3413110077381134,0.08715499937534332,1
B6,mixamorig_HeadTop_End,5,1,0,0,0,0,1,0,0,0,0,1,0,0,2.428844928741455,0.6202170252799988,1
B7,mixamorig_LeftShoulder,3,-0.08841724693775177,0.0012568525271490216,-0.995757520198822,0,0.9749137759208679,-0.20307748019695282,-0.08674870431423187,0,-0.20228201150894165,-0.9790789484977722,0.01704316958785057,0,0.6129699945449829,0.8749449849128723,0.0022690000478178263,1
B8,mixamorig_LeftArm,7,0.9474600553512573,-0.25458452105522156,0.19046002626419067,0,0.16473355889320374,0.904668390750885,0.3905840814113617,0,-0.2711723744869232,-0.33913952112197876,0.9004048705101013,0,0,1.2662559747695923,0,1
B9,mixamorig_LeftForeArm,8,0.6313937902450562,0.6891058683395386,-0.35477256774902344,0,-0.6180682182312012,0.723700225353241,0.30552831292152405,0,0.46735846996307373,0.026016853749752045,0.8835029602050781,0,0,1.4578490257263184,0,1
B10,mixamorig_LeftHand,9,0.9966363906860352,0.04057074710726738,-0.06407782435417175,0,-0.04625774174928665,0.9950987696647644,-0.08623288571834564,0,0.060378480702638626,0.08857452869415283,0.9938030242919922,0,0,1.7718620300292969,0,1
B11,mixamorig_LeftHandIndex1,10,0.9730465412139893,0.08011150360107422,0.21578040719032288,0,-0.03868206590414047,0.9810628890991211,-0.1889941394329071,0,-0.22697094082832336,0.175461083650589,0.9577767848968506,0,0,0.5459910035133362,0,1
B12,mixamorig_LeftHandIndex2,11,0.9418466091156006,0.3357221782207489,0.010820524767041206,0,-0.3358237147331238,0.9415214657783508,-0.005714445374906063,0,-0.012125794775784016,0.0017485813004896045,0.9995124340057373,0,0,0.20895400643348694,0,1
B13,mixamorig_LeftHandIndex3,12,0.7548187971115112,-0.6466966271400452,-0.10889048874378204,0,0.40406134724617004,0.3273846507072449,0.8535612225532532,0,-0.5165849328041077,-0.6881985068321228,0.5084055066108704,0,0.09659499675035477,0.2691200077533722,0.02335299924015999,1
B14,mixamorig_LeftHandIndex4,13,1,0,0,0,0,1,0,0,0,0,1,0,-0.017209000885486603,0.026936000213027,-0.03339599817991257,1
B15,mixamorig_RightShoulder,3,-0.12795372307300568,-0.15950365364551544,0.9781988859176636,0,-0.9709424376487732,0.21761757135391235,-0.09128135442733765,0,-0.1980704516172409,-0.9625653028488159,-0.18356718122959137,0,-0.6129699945449829,0.8749340176582336,0.0015839999541640282,1
B16,mixamorig_RightArm,15,0.211246058344841,0.01569950580596924,-0.9772636294364929,0,-0.5212244987487793,0.8469646573066711,-0.09933657199144363,0,0.8261518478393555,0.5303360819816589,0.1872486025094986,0,0,1.2662559747695923,0,1
B17,mixamorig_RightForeArm,16,0.7471981644630432,-0.6206862926483154,-0.23522278666496277,0,0.6135509610176086,0.780351459980011,-0.11495694518089294,0,0.25444766879081726,-0.05845850333571434,0.9641366600990295,0,0,1.457880973815918,0,1
B18,mixamorig_RightHand,17,0.12090475857257843,-0.5218544602394104,-0.8374500274658203,0,-0.33829471468925476,0.7704182863235474,-0.5315142273902893,0,0.9316039681434631,0.3479823172092438,-0.07841338962316513,0,0,1.7720019817352295,0,1
B19,mixamorig_RightHandIndex1,18,0.9839370250701904,-0.14709700644016266,0.10114900022745132,0,0.05626799911260605,0.7932680249214172,0.6062673330307007,0,-0.16941864788532257,-0.5908373594284058,0.7888020277023315,0,0,0.780538022518158,0,1
B20,mixamorig_RightHandIndex2,19,0.8493273854255676,0.12577463686466217,0.5126630067825317,0,-0.5203359723091125,0.3629460036754608,0.7729949951171875,0,-0.08884599804878235,-0.9232829809188843,0.3737046420574188,0,0,0.1600950062274933,0,1
B21,mixamorig_RightHandIndex3,20,0.9512590169906616,-0.20168164372444153,-0.23330335319042206,0,0.1380036473274231,0.9549279808998108,-0.26280900835990906,0,0.27579134702682495,0.2178030014038086,0.9362159967422485,0,0.06565500050783157,0.09985899925231934,0.0016589999431744218,1
B22,mixamorig_RightHandIndex4,21,1,0,0,0,0,1,0,0,0,0,1,0,-0.0006259999936446548,0.010700000450015068,0.07341200113296509,1
B23,mixamorig_LeftUpLeg,0,-0.9924476742744446,0.04504355415701866,-0.10877355188131332,0,-0.10904882848262787,-0.7081034183502197,0.6967092156410217,0,-0.0449674129486084,0.7041813135147095,0.7078197002410889,0,0.7412170171737671,-0.36634698510169983,0.0497560016810894,1
B24,mixamorig_LeftLeg,23,0.8758211135864258,-0.12878602743148804,-0.4645223319530487,0,-0.18225310742855072,0.8027337193489075,-0.5667898058891296,0,0.4465368390083313,0.5814430713653564,0.6794965267181396,0,0,3.067483901977539,0,1
B25,mixamorig_LeftFoot,24,0.9842239022254944,-0.09575001895427704,0.14874829351902008,0,-0.005833983421325684,0.8225118517875671,0.568200945854187,0,-0.17668583989143372,-0.5601142644882202,0.808995246887207,0,0,2.7296791076660156,0,1
B26,mixamorig_LeftToeBase,25,0.9973486661911011,-0.02546435408294201,0.06764592975378036,0,-0.04331441968679428,0.5389971137046814,0.8411858677864075,0,-0.05787472799420357,-0.8418993353843689,0.5364531874656677,0,0,0.35755500197410583,0,1
B27,mixamorig_LeftToe_End,26,1,0,0,0,0,1,0,0,0,0,1,0,0,0.17919300496578217,0,1
B28,mixamorig_RightUpLeg,0,-0.717877984046936,0.42215830087661743,-0.5518882870674133,0,-0.3078184425830841,-0.9052427411079407,-0.29176080226898193,0,-0.6233476996421814,-0.04043852165341377,0.7801069617271423,0,-0.7412170171737671,-0.36634698510169983,0.06183899939060211,1
B29,mixamorig_RightLeg,28,0.9985648989677429,-0.00171990308444947,0.0533548966050148,0,0.02534882165491581,0.8950810432434082,-0.44514763355255127,0,-0.046999841928482056,0.44585639238357544,0.8938447833061218,0,0,3.067497968673706,0,1
B30,mixamorig_RightFoot,29,0.9509701132774353,0.292781263589859,0.09884575009346008,0,-0.3073243498802185,0.8635769486427307,0.39963003993034363,0,0.031661998480558395,-0.4103604555130005,0.9112695455551147,0,0,2.729706048965454,0,1
B31,mixamorig_RightToeBase,30,0.945427656173706,0.29482942819595337,-0.13802067935466766,0,0.14257760345935822,0.006172963418066502,0.989697277545929,0,0.2926437556743622,-0.9554957747459412,-0.03629184514284134,0,0,0.3452860116958618,0,1
B32,mixamorig_RightToe_End,31,1,0,0,0,0,1,0,0,0,0,1,0,0,0.17244300246238708,0,1
@28,0,1,2,3,4,5,7,8,9,10,11,12,13,15,16,17,18,19,20,21,23,24,25,26,28,29,30,31
K0.000,0.638329029083252,0.04059800133109093,0.7686920166015625,0,-0.12704400718212128,0.9904699921607971,0.05318700149655342,0,-0.759207010269165,-0.1316079944372177,0.6374040246009827,0,0.037039998918771744,5.42619514465332,0.00165200000628829,1,0.9982330203056335,-0.025505999103188515,-0.05367099866271019,0,0.036010999232530594,0.9781100153923035,0.2049490064382553,0,0.047269001603126526,-0.20652000606060028,0.9772999882698059,0,0,0.6598849892616272,0.01105200033634901,1,0.9925029873847961,-0.06574299931526184,-0.10303600132465363,0,0.0759740024805069,0.9922099709510803,0.09872999787330627,0,0.09574300050735474,-0.1058180034160614,0.989766001701355,0,0,0.7699729800224304,0,1,0.9925029873847961,-0.06570299714803696,-0.10306199640035629,0,0.05465500056743622,0.9928010106086731,-0.10657999664545059,0,0.10932300239801407,0.10014799982309341,0.9889479875564575,0,0,0.8799690008163452,0,1,0.9866660237312317,-0.0007730000070296228,-0.1627569943666458,0,0.004573000129312277,0.9997259974479675,0.022974999621510506,0,0.1626950055360794,-0.023412000387907028,0.9863989949226379,0,0,0.98996502161026,0,1,0.9176599979400635,-0.08968300372362137,-0.3871150016784668,0,0.05649900063872337,0.9937490224838257,-0.0962890014052391,0,0.39333000779151917,0.06648799777030945,0.9169899821281433,0,0,0.3413110077381134,0.08715499937534332,1,0.28307199478149414,-0.03084300085902214,-0.958603024482727,0,0.938148021697998,-0.19886299967765808,0.2834300100803375,0,-0.19937199354171753,-0.9795420169830322,-0.02735700085759163,0,0.6129699945449829,0.8749449849128723,0.0022690000478178263,1,0.981482982635498,0.002136999974027276,0.19153499603271484,0,-0.11497300118207932,0.8063480257987976,0.580157995223999,0,-0.15320399403572083,-0.5914369821548462,0.7916629910469055,0,0,1.2662559747695923,0,1,0.8283529877662659,0.4392940104007721,0.34763801097869873,0,-0.49327999353408813,0.866096019744873,0.08094500005245209,0,-0.265529990196228,-0.23853400349617004,0.9341279864311218,0,0,1.4578490257263184,0,1,0.9980660080909729,0.04133699834346771,-0.04642700031399727,0,-0.04658399894833565,0.9918860197067261,-0.11828699707984924,0,0.04116100072860718,0.12022099643945694,0.9918929934501648,0,0,1.7718620300292969,0,1,0.99481201171875,0.10062199831008911,0.01497699972242117,0,-0.10062000155448914,0.994924008846283,-0.0008999999845400453,0,-0.014991000294685364,-0.0006120000034570694,0.9998869895935059,0,0,0.5459910035133362,0,1,0.9396089911460876,0.3420810103416443,0.010734999552369118,0,-0.3420419991016388,0.9396690130233765,-0.005386999808251858,0,-0.011931000277400017,0.0013899999903514981,0.9999279975891113,0,0,0.20895400643348694,0,1,0.7590299844741821,-0.6389099955558777,-0.12516699731349945,0,0.391414999961853,0.2941890060901642,0.8719210028648376,0,-0.5202569961547852,-0.7108070254325867,0.473376989364624,0,0.09659499675035477,0.2691200077533722,0.02335299924015999,1,0.4151870012283325,0.07900500297546387,0.9062989950180054,0,-0.8946369886398315,-0.1452929973602295,0.4225099980831146,0,0.16505999863147736,-0.9862290024757385,0.010356999933719635,0,-0.6129699945449829,0.8749340176582336,0.0015839999541640282,1,0.8231620192527771,0.5678039789199829,-0.0017529999604448676,0,-0.3885680139064789,0.5655649900436401,0.7274280190467834,0,0.41402798891067505,-0.598110020160675,0.6861820220947266,0,0,1.2662559747695923,0,1,0.6599060297012329,-0.7095639705657959,-0.24706900119781494,0,0.7423160076141357,0.666549026966095,0.06840000301599503,0,0.11614999920129776,-0.22854100167751312,0.9665809869766235,0,0,1.457880973815918,0,1,0.8117709755897522,-0.5839759707450867,0.00024900000425986946,0,0.5798649787902832,0.8061059713363647,0.11810900270938873,0,-0.06917300075292587,-0.09573300182819366,0.9930009841918945,0,0,1.7720019817352295,0,1,0.9839370250701904,-0.14709700644016266,0.10114900022745132,0,0.05626700073480606,0.793267011642456,0.6062679886817932,0,-0.16941800713539124,-0.5908380150794983,0.7888020277023315,0,0,0.780538022518158,0,1,0.849327027797699,0.12577399611473083,0.5126640200614929,0,-0.5203359723091125,0.3629460036754608,0.7729949951171875,0,-0.08884699642658234,-0.9232829809188843,0.3737049996852875,0,0,0.1600950062274933,0,1,0.9512590169906616,-0.20168200135231018,-0.2333029955625534,0,0.13800400495529175,0.9549279808998108,-0.26280900835990906,0,0.2757909893989563,0.2178030014038086,0.9362170100212097,0,0.06565500050783157,0.09985899925231934,0.0016589999431744218,1,-0.6448450088500977,0.012520000338554382,0.7642109990119934,0,0.5787720084190369,-0.6450459957122803,0.4989379942417145,0,0.49919798970222473,0.764041006565094,0.40870800614356995,0,0.7412170171737671,-0.36634698510169983,0.0497560016810894,1,0.932968020439148,-0.22776499390602112,-0.27873700857162476,0,-0.052448999136686325,0.6800749897956848,-0.7312639951705933,0,0.3561190068721771,0.6968650221824646,0.6225420236587524,0,0,3.067483901977539,0,1,0.9876019954681396,-0.14872600138187408,-0.05021899938583374,0,0.14622299373149872,0.7552329897880554,0.6389380097389221,0,-0.05709899961948395,-0.6383600234985352,0.7676169872283936,0,0,2.7296791076660156,0,1,0.9985910058021545,-0.04347600042819977,-0.030424999073147774,0,0.04978499934077263,0.5691450238227844,0.8207280039787292,0,-0.018365999683737755,-0.8210870027542114,0.5705080032348633,0,0,0.35755500197410583,0,1,-0.908536970615387,0.34149500727653503,-0.2407110035419464,0,-0.416390985250473,-0.7874490022659302,0.4544689953327179,0,-0.034348998218774796,0.5131319761276245,0.8576220273971558,0,-0.7412170171737671,-0.36634698510169983,0.06183899939060211,1,0.9918619990348816,-0.025320999324321747,0.12477599829435349,0,0.11743199825286865,0.5606039762496948,-0.8197150230407715,0,-0.04919400066137314,0.8276969790458679,0.5590149760246277,0,0,3.067497968673706,0,1,0.9168440103530884,0.3298119902610779,0.22498899698257446,0,-0.3343200087547302,0.32618799805641174,0.8842120170593262,0,0.21823500096797943,-0.8859040141105652,0.4093270003795624,0,0,2.729706048965454,0,1,0.9976410269737244,0.04990699887275696,-0.04713499918580055,0,0.01235399954020977,0.5448960065841675,0.8384130001068115,0,0.06752599775791168,-0.8370169997215271,0.5429940223693848,0,0,0.3452860116958618,0,1
K0.033,0.6273728609085083,0.047670066356658936,0.7772590517997742,0,-0.11602788418531418,0.9927049875259399,0.03276880085468292,0,-0.7700271010398865,-0.11074179410934448,0.6283268928527832,0,0.03695102035999298,5.437604904174805,0.014983263798058033,1,0.9987289905548096,-0.019800925627350807,-0.04634786397218704,0,0.02884889766573906,0.9786369800567627,0.2035599797964096,0,0.04132688045501709,-0.20463897287845612,0.9779649972915649,0,0,0.6598849892616272,0.01105200033634901,1,0.9930499792098999,-0.06508195400238037,-0.0980578362941742,0,0.0744609385728836,0.9926649928092957,0.09524395316839218,0,0.09113985300064087,-0.10188394039869308,0.9906119704246521,0,0,0.7699729800224304,0,1,0.9930850267410278,-0.06245793029665947,-0.0994078516960144,0,0.05157594382762909,0.9927560091018677,-0.10851103067398071,0,0.10546485334634781,0.1026330441236496,0.9891129732131958,0,0,0.8799690008163452,0,1,0.9837899208068848,-0.006018061190843582,-0.17922630906105042,0,0.00920806359499693,0.999813973903656,0.016968976706266403,0,0.17909030616283417,-0.01834399253129959,0.983661949634552,0,0,0.98996502161026,0,1,0.9129079580307007,-0.10469125956296921,-0.3945111036300659,0,0.07289227098226547,0.9928249716758728,-0.09479201585054398,0,0.4016041159629822,0.05777989327907562,0.9139889478683472,0,0,0.3413110077381134,0.08715499937534332,1,0.2649116814136505,-0.030248962342739105,-0.9637980461120605,0,0.9426390528678894,-0.2024099975824356,0.2654476761817932,0,-0.20311200618743896,-0.9788339734077454,-0.02510596439242363,0,0.6129699945449829,0.8749449849128723,0.0022690000478178263,1,0.9816820025444031,-0.0024811718612909317,0.19051295518875122,0,-0.11093883961439133,0.8054839968681335,0.5821410417556763,0,-0.15489906072616577,-0.5926129817962646,0.7904530167579651,0,0,1.2662559747695923,0,1,0.8294950723648071,0.45388323068618774,0.3254665434360504,0,-0.5042711496353149,0.859143853187561,0.08707308024168015,0,-0.24010151624679565,-0.23634988069534302,0.9415361285209656,0,0,1.4578490257263184,0,1,0.9980130195617676,0.04579909145832062,-0.04326966032385826,0,-0.050039056688547134,0.9934629797935486,-0.1026047095656395,0,0.03828767314553261,0.10456669330596924,0.9937810301780701,0,0,1.7718620300292969,0,1,0.9947919845581055,0.10115600377321243,0.012485952116549015,0,-0.10115300863981247,0.9948700070381165,-0.0008699797326698899,0,-0.012509950436651707,-0.0003980153996963054,0.999921977519989,0,0,0.5459910035133362,0,1,0.9395260214805603,0.34240999817848206,0.006863958202302456,0,-0.3423910140991211,0.93954998254776,-0.003788975067436695,0,-0.007746952120214701,0.0012099910527467728,0.9999690055847168,0,0,0.20895400643348694,0,1,0.7583209872245789,-0.6407309770584106,-0.12005794793367386,0,0.390315979719162,0.2987700402736664,0.870855987071991,0,-0.5221149921417236,-0.7072489261627197,0.47665104269981384,0,0.09659499675035477,0.2691200077533722,0.02335299924015999,1,0.3676713705062866,0.06758783012628555,0.9274962544441223,0,-0.9157582521438599,-0.1472940444946289,0.3737523555755615,0,0.16187597811222076,-0.9867810010910034,0.007737935986369848,0,-0.6129699945449829,0.8749340176582336,0.0015839999541640282,1,0.8234900236129761,0.5672879815101624,-0.006936904974281788,0,-0.38618114590644836,0.5694641470909119,0.7256538271903992,0,0.415604829788208,-0.5948908925056458,0.6880241632461548,0,0,1.2662559747695923,0,1,0.6571135520935059,-0.720083475112915,-0.22289273142814636,0,0.7493234276771545,0.6561573147773743,0.08929060399532318,0,0.08195619285106659,-0.2256932109594345,0.9707450270652771,0,0,1.457880973815918,0,1,0.8339462280273438,-0.5395621061325073,0.11578036099672318,0,0.5381984114646912,0.8415913581848145,0.045453086495399475,0,-0.12196478992700577,0.024407347664237022,0.9922337532043457,0,0,1.7720019817352295,0,1,0.9839370250701904,-0.14709700644016266,0.10114900022745132,0,0.05626799911260605,0.793267011642456,0.6062679886817932,0,-0.16941800713539124,-0.5908380150794983,0.7888020277023315,0,0,0.780538022518158,0,1,0.849327027797699,0.12577499449253082,0.5126630067825317,0,-0.5203359723091125,0.3629460036754608,0.7729949951171875,0,-0.08884599804878235,-0.9232829809188843,0.3737049996852875,0,0,0.1600950062274933,0,1,0.9512590169906616,-0.2016810029745102,-0.2333029955625534,0,0.13800300657749176,0.9549279808998108,-0.2628079950809479,0,0.2757909893989563,0.2178020030260086,0.9362159967422485,0,0.06565500050783157,0.09985899925231934,0.0016589999431744218,1,-0.6464710235595703,-0.012993239797651768,0.76282799243927,0,0.573966920375824,-0.6669952273368835,0.4750567376613617,0,0.5026300549507141,0.7449488043785095,0.43865126371383667,0,0.7412170171737671,-0.36634698510169983,0.0497560016810894,1,0.9385600686073303,-0.22193895280361176,-0.2642878592014313,0,-0.04358391463756561,0.6834390163421631,-0.7287049889564514,0,0.34235185384750366,0.6954519748687744,0.6317760348320007,0,0,3.067483901977539,0,1,0.9871699810028076,-0.15222401916980743,-0.04820099472999573,0,0.14729200303554535,0.7515889406204224,0.6429760456085205,0,-0.06164902076125145,-0.6418260335922241,0.764367938041687,0,0,2.7296791076660156,0,1,0.9984710216522217,-0.04542802646756172,-0.03148901090025902,0,0.051782023161649704,0.5694720149040222,0.8203780055046082,0,-0.01933501660823822,-0.8207550048828125,0.5709540247917175,0,0,0.35755500197410583,0,1,-0.9089159965515137,0.35233914852142334,-0.22300182282924652,0,-0.41634005308151245,-0.7964490652084351,0.4385537803173065,0,-0.023089885711669922,0.49145275354385376,0.8705981373786926,0,-0.7412170171737671,-0.36634698510169983,0.06183899939060211,1,0.9902229905128479,-0.021315904334187508,0.13785308599472046,0,0.12547501921653748,0.567854106426239,-0.8135099411010742,0,-0.06093914806842804,0.8228529691696167,0.5649771094322205,0,0,3.067497968673706,0,1,0.9173420071601868,0.335595041513443,0.21414989233016968,0,-0.32680994272232056,0.3276480436325073,0.886476993560791,0,0.22733105719089508,-0.8831890225410461,0.410241037607193,0,0,2.729706048965454,0,1,0.9976450204849243,0.04903797432780266,-0.04795699939131737,0,0.013168011792004108,0.5492470860481262,0.835555911064148,0,0.06731497496366501,-0.8342199921607971,0.547308087348938,0,0,0.3452860116958618,0,1
K0.067,0.6161420941352844,0.05437293276190758,0.7857559323310852,0,-0.10421311855316162,0.99447101354599,0.01290119718760252,0,-0.7807098627090454,-0.08983521163463593,0.6184021234512329,0,0.03888698294758797,5.4513349533081055,0.041306737810373306,1,0.9993879795074463,-0.012352073565125465,-0.03271513432264328,0,0.018699100241065025,0.9793180227279663,0.2014630138874054,0,0.029550116509199142,-0.2019510269165039,0.978950023651123,0,0,0.6598849892616272,0.01105200033634901,1,0.9947739839553833,-0.06086404249072075,-0.08198315650224686,0,0.06826905906200409,0.9935280084609985,0.09078504145145416,0,0.07592714577913284,-0.095907062292099,0.9924899935722351,0,0,0.7699729800224304,0,1,0.9948499798774719,-0.05548607185482979,-0.08482414484024048,0,0.04585905745625496,0.9927060008049011,-0.11150097101926804,0,0.09039214998483658,0.10703595727682114,0.9901379942893982,0,0,0.8799690008163452,0,1,0.9774340391159058,-0.012107939459383488,-0.21089468896389008,0,0.015531937591731548,0.9997730255126953,0.014586023055016994,0,0.21067067980766296,-0.01753200776875019,0.9774000644683838,0,0,0.98996502161026,0,1,0.9049650430679321,-0.13083074986934662,-0.4048708975315094,0,0.10000073164701462,0.9902979731559753,-0.09648698568344116,0,0.4135668873786926,0.046830106526613235,0.9092690348625183,0,0,0.3413110077381134,0.08715499937534332,1,0.23204833269119263,-0.026560036465525627,-0.9723419547080994,0,0.9514079689979553,-0.20183299481868744,0.23256532847881317,0,-0.20242799818515778,-0.9790599942207336,-0.021566035225987434,0,0.6129699945449829,0.8749449849128723,0.0022690000478178263,1,0.9824039936065674,-0.01965082809329033,0.18573404848575592,0,-0.09492815285921097,0.8038859963417053,0.5871589183807373,0,-0.16084693372249603,-0.5944579839706421,0.7878749966621399,0,0,1.2662559747695923,0,1,0.8326639533042908,0.47800976037979126,0.27960044145584106,0,-0.5194418430328369,0.849195122718811,0.09512491524219513,0,-0.19196447730064392,-0.22444412112236023,0.9553918838500977,0,0,1.4578490257263184,0,1,0.9984319806098938,0.05516890808939934,-0.00950433500111103,0,-0.05571994557976723,0.9957249760627747,-0.07366829365491867,0,0.005399326793849468,0.07408230751752853,0.9972379207611084,0,0,1.7718620300292969,0,1,0.994737982749939,0.10216299444437027,0.007726047653704882,0,-0.10217399150133133,0.9947659969329834,0.0011529799085110426,0,-0.007567049469798803,-0.001935984706506133,0.9999690055847168,0,0,0.5459910035133362,0,1,0.9393939971923828,0.34283000230789185,0.0026740417815744877,0,-0.34282800555229187,0.9393969774246216,-0.0013070247368887067,0,-0.0029600474517792463,0.0003110089455731213,0.9999960064888,0,0,0.20895400643348694,0,1,0.757606029510498,-0.6425719857215881,-0.1146080493927002,0,0.3887050151824951,0.303104966878891,0.8700780272483826,0,-0.5243489742279053,-0.7037250399589539,0.4794049561023712,0,0.09659499675035477,0.2691200077533722,0.02335299924015999,1,0.30448663234710693,0.050798166543245316,0.9511607885360718,0,-0.9389137625694275,-0.15215295553207397,0.3086916506290436,0,0.16040301322937012,-0.9870510101318359,0.0013670633779838681,0,-0.6129699945449829,0.8749340176582336,0.0015839999541640282,1,0.8247299790382385,0.5655210018157959,0.002555905608460307,0,-0.4021238386631012,0.5832498669624329,0.7057731747627258,0,0.3976391851902008,-0.5830991268157959,0.7084338068962097,0,0,1.2662559747695923,0,1,0.6116514801979065,-0.7665475010871887,-0.1956702619791031,0,0.7911255955696106,0.5931446552276611,0.14933040738105774,0,0.0015917987329885364,-0.246137797832489,0.969232976436615,0,0,1.457880973815918,0,1,0.855758786201477,-0.45186087489128113,0.2519896626472473,0,0.4769165813922882,0.8777636289596558,-0.04563209414482117,0,-0.20056822896003723,0.159227654337883,0.9666532278060913,0,0,1.7720019817352295,0,1,0.9839370250701904,-0.14709700644016266,0.10114900022745132,0,0.05626700073480606,0.7932680249214172,0.6062679886817932,0,-0.16941800713539124,-0.5908370018005371,0.7888020277023315,0,0,0.780538022518158,0,1,0.8493279814720154,0.12577399611473083,0.5126630067825317,0,-0.5203359723091125,0.36294499039649963,0.7729949951171875,0,-0.08884599804878235,-0.9232829809188843,0.3737039864063263,0,0,0.1600950062274933,0,1,0.9512590169906616,-0.2016810029745102,-0.2333039939403534,0,0.13800300657749176,0.9549279808998108,-0.26280900835990906,0,0.2757920026779175,0.2178030014038086,0.9362159967422485,0,0.06565500050783157,0.09985899925231934,0.0016589999431744218,1,-0.6468309760093689,-0.03695376217365265,0.7617369890213013,0,0.5688470602035522,-0.6886557340621948,0.4496292471885681,0,0.5079589486122131,0.7241461873054504,0.46646472811698914,0,0.7412170171737671,-0.36634698510169983,0.0497560016810894,1,0.9437929391860962,-0.21694304049015045,-0.24937914311885834,0,-0.034938085824251175,0.6847659945487976,-0.7279250025749207,0,0.32868415117263794,0.6957240104675293,0.6386979222297668,0,0,3.067483901977539,0,1,0.9870539903640747,-0.15314099192619324,-0.04766800254583359,0,0.14713500440120697,0.7462770342826843,0.649169921875,0,-0.06384097784757614,-0.6477799415588379,0.7591480612754822,0,0,2.7296791076660156,0,1,0.9983109831809998,-0.04820097237825394,-0.032423991709947586,0,0.05415097624063492,0.5700899958610535,0.8197960257530212,0,-0.021029982715845108,-0.8201670050621033,0.5717369914054871,0,0,0.35755500197410583,0,1,-0.9069439768791199,0.36756885051727295,-0.20578216016292572,0,-0.42108994722366333,-0.8046019673347473,0.41868820786476135,0,-0.011676114052534103,0.46637922525405884,0.8845078945159912,0,-0.7412170171737671,-0.36634698510169983,0.06183899939060211,1,0.9890509843826294,-0.01187809370458126,0.1470969170331955,0,0.1266629844903946,0.5798178911209106,-0.804840087890625,0,-0.07572884857654572,0.814659059047699,0.5749738812446594,0,0,3.067497968673706,0,1,0.9182329773902893,0.3395429849624634,0.20386110246181488,0,-0.31966304779052734,0.3315329849720001,0.8876379728317261,0,0.23380394279956818,-0.8802250027656555,0.41296395659446716,0,0,2.729706048965454,0,1,0.9977629780769348,0.04639902710914612,-0.04811999946832657,0,0.014390988275408745,0.5538889169692993,0.8324660658836365,0,0.065279021859169,-0.831296980381012,0.5519819259643555,0,0,0.3452860116958618,0,1
K0.100,0.5982469916343689,0.06262499839067459,0.798861026763916,0,-0.08818600326776505,0.9960309863090515,-0.012041999027132988,0,-0.7964439988136292,-0.06324400007724762,0.6013960242271423,0,0.04407300055027008,5.466797828674316,0.08320999890565872,1,0.9999009966850281,-0.0033100005239248276,-0.0136660011485219,0,0.005978000350296497,0.979764997959137,0.20006300508975983,0,0.012728000991046429,-0.20012499392032623,0.9796879887580872,0,0,0.6598849892616272,0.01105200033634901,1,0.9970160126686096,-0.052946001291275024,-0.05617799982428551,0,0.05778999999165535,0.9944040179252625,0.08843199908733368,0,0.05118099972605705,-0.09141500294208527,0.9944970011711121,0,0,0.7699729800224304,0,1,0.9971619844436646,-0.04462699964642525,-0.06062899902462959,0,0.03759700059890747,0.9929389953613281,-0.11251399666070938,0,0.06522200256586075,0.10991500318050385,0.991798996925354,0,0,0.8799690008163452,0,1,0.9652019739151001,-0.014690999872982502,-0.26109200716018677,0,0.019370999187231064,0.9996939897537231,0.015356999821960926,0,0.2607870101928711,-0.01988000050187111,0.9651920199394226,0,0,0.98996502161026,0,1,0.8859909772872925,-0.18099400401115417,-0.426921010017395,0,0.1490889936685562,0.9829810261726379,-0.10733199864625931,0,0.43908199667930603,0.03144599869847298,0.8978970050811768,0,0,0.3413110077381134,0.08715499937534332,1,0.18029600381851196,-0.021122999489307404,-0.9833859801292419,0,0.9631209969520569,-0.19921700656414032,0.1808599978685379,0,-0.19972799718379974,-0.9797279834747314,-0.015573999844491482,0,0.6129699945449829,0.8749449849128723,0.0022690000478178263,1,0.9831950068473816,-0.04855100065469742,0.1759839951992035,0,-0.06677500158548355,0.8015469908714294,0.5941920280456543,0,-0.16990800201892853,-0.5959579944610596,0.7848349809646606,0,0,1.2662559747695923,0,1,0.8400620222091675,0.49970901012420654,0.2111549973487854,0,-0.5279350280761719,0.8426110148429871,0.1062610000371933,0,-0.12482199817895889,-0.20074200630187988,0.9716590046882629,0,0,1.4578490257263184,0,1,0.994937002658844,0.08897099643945694,0.046747997403144836,0,-0.08755999803543091,0.9956640005111694,-0.031397003680467606,0,-0.04933899641036987,0.02714500203728676,0.9984130263328552,0,0,1.7718620300292969,0,1,0.9946330189704895,0.10345099866390228,0.0017510001780465245,0,-0.10345800220966339,0.9946249723434448,0.004248000215739012,0,-0.0013020002515986562,-0.004406999796628952,0.9999889731407166,0,0,0.5459910035133362,0,1,0.9392160177230835,0.3433229923248291,-0.001689999713562429,0,-0.34332001209259033,0.9392169713973999,0.001648999867029488,0,0.0021529998630285263,-0.0009679999202489853,0.9999970197677612,0,0,0.20895400643348694,0,1,0.756883978843689,-0.6444010138511658,-0.10896900296211243,0,0.38681700825691223,0.3073129951953888,0.8694429993629456,0,-0.5267829895019531,-0.7002189755439758,0.4818649888038635,0,0.09659499675035477,0.2691200077533722,0.02335299924015999,1,0.21379700303077698,0.02970700152218342,0.9764260053634644,0,-0.9638760089874268,-0.15612199902534485,0.2157990038394928,0,0.1588519960641861,-0.9872909784317017,-0.004744999576359987,0,-0.6129699945449829,0.8749340176582336,0.0015839999541640282,1,0.8403880000114441,0.5419260263442993,0.008042999543249607,0,-0.4110479950904846,0.6276170015335083,0.6611629724502563,0,0.3532539904117584,-0.5589389801025391,0.750199019908905,0,0,1.2662559747695923,0,1,0.506712019443512,-0.8418800234794617,-0.18568900227546692,0,0.8551409840583801,0.46347200870513916,0.2322230041027069,0,-0.10944299399852753,-0.27646100521087646,0.9547730088233948,0,0,1.457880973815918,0,1,0.8711379766464233,-0.2970919907093048,0.39096599817276,0,0.3767789900302887,0.9150069952011108,-0.14421899616718292,0,-0.3148899972438812,0.27294299006462097,0.9090359807014465,0,0,1.7720019817352295,0,1,0.9839370250701904,-0.14709599316120148,0.10114900022745132,0,0.05626700073480606,0.7932680249214172,0.6062679886817932,0,-0.16941800713539124,-0.5908380150794983,0.7888020277023315,0,0,0.780538022518158,0,1,0.8493279814720154,0.12577399611473083,0.5126630067825317,0,-0.5203350186347961,0.3629460036754608,0.7729949951171875,0,-0.08884599804878235,-0.9232829809188843,0.3737049996852875,0,0,0.1600950062274933,0,1,0.9512590169906616,-0.2016810029745102,-0.2333029955625534,0,0.13800300657749176,0.9549279808998108,-0.2628079950809479,0,0.2757909893989563,0.2178020030260086,0.9362159967422485,0,0.06565500050783157,0.09985899925231934,0.0016589999431744218,1,-0.6474850177764893,-0.06741400063037872,0.759090006351471,0,0.5620269775390625,-0.7149479985237122,0.4159019887447357,0,0.5146729946136475,0.6959199905395508,0.500806987285614,0,0.7412170171737671,-0.36634698510169983,0.0497560016810894,1,0.9497230052947998,-0.21031799912452698,-0.23193299770355225,0,-0.026829000562429428,0.6833890080451965,-0.729561984539032,0,0.3119400143623352,0.6991040110588074,0.6433870196342468,0,0,3.067483901977539,0,1,0.9867830276489258,-0.15598100423812866,-0.04391400143504143,0,0.1457339972257614,0.7357490062713623,0.6613879799842834,0,-0.07085499912500381,-0.65904700756073,0.748757004737854,0,0,2.7296791076660156,0,1,0.9982410073280334,-0.04840400069952011,-0.0342399999499321,0,0.055775001645088196,0.5707370042800903,0.8192369937896729,0,-0.02011300064623356,-0.8197050094604492,0.5724319815635681,0,0,0.35755500197410583,0,1,-0.9027569890022278,0.38909998536109924,-0.18338699638843536,0,-0.4301280081272125,-0.8122609853744507,0.393981009721756,0,0.004339999053627253,0.4345490038394928,0.9006379842758179,0,-0.7412170171737671,-0.36634698510169983,0.06183899939060211,1,0.9875749945640564,0.002883999375626445,0.15712499618530273,0,0.124440997838974,0.5962550044059753,-0.7930920124053955,0,-0.09597299993038177,0.8027899861335754,0.5884870290756226,0,0,3.067497968673706,0,1,0.9192709922790527,0.34229400753974915,0.1943569928407669,0,-0.3134700059890747,0.3379780054092407,0.8874160051345825,0,0.23806899785995483,-0.8767009973526001,0.4179930090904236,0,0,2.729706048965454,0,1,0.9981430172920227,0.039994001388549805,-0.04594599828124046,0,0.01586199924349785,0.5575950145721436,0.8299610018730164,0,0.05881299823522568,-0.8291490077972412,0.5559260249137878,0,0,0.3452860116958618,0,1
K0.133,0.5673015713691711,0.0768001601099968,0.8199212551116943,0,-0.06979281455278397,0.9965440034866333,-0.045054320245981216,0,-0.8205472826957703,-0.031664710491895676,0.5707005858421326,0,0.05170908570289612,5.4833807945251465,0.14197075366973877,1,0.9999380111694336,0.005716104060411453,0.00954824686050415,0,-0.007493149489164352,0.9801660180091858,0.19803495705127716,0,-0.008226222358644009,-0.1980939656496048,0.9801480174064636,0,0,0.6598849892616272,0.01105200033634901,1,0.9987670183181763,-0.04442788287997246,-0.022130629047751427,0,0.04616885632276535,0.9952570199966431,0.0856289342045784,0,0.018221644684672356,-0.0865459144115448,0.9960809946060181,0,0,0.7699729800224304,0,1,0.9990530014038086,-0.03308885544538498,-0.02826864831149578,0,0.029660895466804504,0.9930269718170166,-0.1140950545668602,0,0.03184663504362106,0.11314906179904938,0.9930679798126221,0,0,0.8799690008163452,0,1,0.9457277655601501,-0.01477295346558094,-0.3246236741542816,0,0.025172045454382896,0.9992949962615967,0.027858158573508263,0,0.32398369908332825,-0.034518174827098846,0.9454327821731567,0,0,0.98996502161026,0,1,0.8549976348876953,-0.24409455060958862,-0.45759934186935425,0,0.20842452347278595,0.9696518182754517,-0.1278051882982254,0,0.47490835189819336,0.01389879547059536,0.8799248337745667,0,0,0.3413110077381134,0.08715499937534332,1,0.12295255810022354,-0.015210946090519428,-0.992296040058136,0,0.9727470874786377,-0.19621703028678894,0.1235385611653328,0,-0.1965850293636322,-0.9804419875144958,-0.00932896789163351,0,0.6129699945449829,0.8749449849128723,0.0022690000478178263,1,0.9827389121055603,-0.10045277327299118,0.1553507149219513,0,-0.011676151305437088,0.8043860793113708,0.5939918160438538,0,-0.18463023006916046,-0.5855526924133301,0.7893291711807251,0,0,1.2662559747695923,0,1,0.8426389694213867,0.523773193359375,0.12498798966407776,0,-0.5370520353317261,0.8343399167060852,0.1243022233247757,0,-0.039177004247903824,-0.17186763882637024,0.9843410849571228,0,0,1.4578490257263184,0,1,0.9890148639678955,0.11323627084493637,0.0950125977396965,0,-0.11444637179374695,0.9934019446372986,0.007366590201854706,0,-0.09355250000953674,-0.01815970242023468,0.995448887348175,0,0,1.7718620300292969,0,1,0.9944819808006287,0.10481401532888412,-0.0043910532258450985,0,-0.10478001832962036,0.99446702003479,0.007497025188058615,0,0.005153055302798748,-0.0069960192777216434,0.9999619722366333,0,0,0.5459910035133362,0,1,0.9390079975128174,0.343843013048172,-0.0060730427503585815,0,-0.3438189923763275,0.9390239715576172,0.004676027223467827,0,0.007311049848794937,-0.0023030107840895653,0.9999709725379944,0,0,0.20895400643348694,0,1,0.7561550140380859,-0.6461889743804932,-0.10329194366931915,0,0.38488897681236267,0.3115120232105255,0.8688039779663086,0,-0.5292350053787231,-0.6967069506645203,0.48426303267478943,0,0.09659499675035477,0.2691200077533722,0.02335299924015999,1,0.12786006927490234,0.00737075787037611,0.9917650818824768,0,-0.9787710309028625,-0.16056497395038605,0.12737806141376495,0,0.1601819545030594,-0.9869980216026306,-0.01331609021872282,0,-0.6129699945449829,0.8749340176582336,0.0015839999541640282,1,0.8611702919006348,0.5081214308738708,-0.014119709841907024,0,-0.406573623418808,0.7052060961723328,0.5808467268943787,0,0.30509766936302185,-0.49446678161621094,0.8138906955718994,0,0,1.2662559747695923,0,1,0.3384009003639221,-0.9184194207191467,-0.20491336286067963,0,0.9113321900367737,0.26561668515205383,0.3145175278186798,0,-0.23443113267421722,-0.2931768000125885,0.9268707036972046,0,0,1.457880973815918,0,1,0.8632116913795471,-0.08217084407806396,0.49811041355133057,0,0.22684413194656372,0.9445821046829224,-0.23729060590267181,0,-0.45100700855255127,0.3178255259990692,0.8340135216712952,0,0,1.7720019817352295,0,1,0.9839370250701904,-0.14709599316120148,0.10114900022745132,0,0.05626700073480606,0.7932680249214172,0.606266975402832,0,-0.16941800713539124,-0.5908370018005371,0.7888020277023315,0,0,0.780538022518158,0,1,0.849327027797699,0.12577399611473083,0.5126630067825317,0,-0.5203359723091125,0.3629460036754608,0.7729949951171875,0,-0.08884699642658234,-0.9232829809188843,0.3737049996852875,0,0,0.1600950062274933,0,1,0.9512590169906616,-0.2016810029745102,-0.2333039939403534,0,0.13800300657749176,0.9549279808998108,-0.2628079950809479,0,0.2757920026779175,0.2178020030260086,0.9362159967422485,0,0.06565500050783157,0.09985899925231934,0.0016589999431744218,1,-0.6529911160469055,-0.10544339567422867,0.7499898076057434,0,0.547920823097229,-0.7494173645973206,0.37169355154037476,0,0.5228630304336548,0.6536474823951721,0.5471375584602356,0,0.7412170171737671,-0.36634698510169983,0.0497560016810894,1,0.957550048828125,-0.19781483709812164,-0.20968471467494965,0,-0.01955091394484043,0.6811529397964478,-0.7318800091743469,0,0.2876046895980835,0.7049110531806946,0.648370087146759,0,0,3.067483901977539,0,1,0.9854410290718079,-0.1671401858329773,-0.031161801889538765,0,0.14341695606708527,0.7187267541885376,0.6803402304649353,0,-0.09131631255149841,-0.6749041676521301,0.7322327494621277,0,0,2.7296791076660156,0,1,0.9982969760894775,-0.04632095620036125,-0.03545799106359482,0,0.05553596466779709,0.5686909556388855,0.8206750750541687,0,-0.01784997060894966,-0.8212460875511169,0.5702949166297913,0,0,0.35755500197410583,0,1,-0.8950648903846741,0.4182533323764801,-0.15467469394207,0,-0.4450341761112213,-0.815746009349823,0.369462788105011,0,0.028354279696941376,0.3995286524295807,0.9162821173667908,0,-0.7412170171737671,-0.36634698510169983,0.06183899939060211,1,0.9841229319572449,0.024966247379779816,0.17572221159934998,0,0.12334796041250229,0.6156802177429199,-0.7782828211784363,0,-0.12761935591697693,0.7876008152961731,0.6028251647949219,0,0,3.067497968673706,0,1,0.920710027217865,0.34440603852272034,0.18351291120052338,0,-0.30649593472480774,0.34709110856056213,0.8863339424133301,0,0.24156302213668823,-0.8723029494285583,0.42512911558151245,0,0,2.729706048965454,0,1,0.9985100030899048,0.03302193060517311,-0.04343697428703308,0,0.01742401532828808,0.5614240765571594,0.8273450136184692,0,0.05170692875981331,-0.826869010925293,0.5600120425224304,0,0,0.3452860116958618,0,1
