1.767,30,53,33
B0,mixamorig_Hips,-1,0.6445175409317017,0.03577318787574768,0.7637040615081787,0,-0.10777571052312851,0.9931457042694092,0.04435327649116516,0,-0.756871223449707,-0.11092443019151688,0.6439855694770813,0,0.059105757623910904,3.264747142791748,-0.014990993775427341,1
B1,mixamorig_Spine,0,0.9981767535209656,-0.03631279245018959,-0.047771863639354706,0,0.0463554821908474,0.9719776511192322,0.23032362759113312,0,0.03804159164428711,-0.23210227489471436,0.9719176292419434,0,0,0.40995100140571594,0.013144000433385372,1
B2,mixamorig_Spine1,1,0.9948862195014954,-0.04926126450300217,-0.08726882189512253,0,0.05813264474272728,0.9930034875869751,0.10224497318267822,0,0.0816323310136795,-0.10687995702028275,0.9908904433250427,0,0,0.47852200269699097,0,1
B3,mixamorig_Spine2,2,0.9947182536125183,-0.04732402786612511,-0.09022198617458344,0,0.03804097697138786,0.9940181374549866,-0.10186724364757538,0,0.09452366083860397,0.09783153235912323,0.9906749129295349,0,0,0.5468819737434387,0,1
B4,mixamorig_Neck,3,0.9811151623725891,0.057673778384923935,-0.182430237531662,0,-0.053273554891347885,0.9978594183921814,0.02907128445804119,0,0.18377195298671722,-0.018462136387825012,0.9826861023902893,0,0,0.6152420043945312,0,1
B5,mixamorig_Head,4,0.9115619659423828,-0.13755595684051514,-0.3869813084602356,0,0.10422752052545547,0.9887000322341919,-0.10591990500688553,0,0.39726701378822327,0.05626513063907623,0.91596919298172,0,0,0.3500170111656189,0.05762200057506561,1
B6,mixamorig_HeadTop_End,5,1,0,0,0,0,1,0,0,0,0,1,0,0,1.500493049621582,0.24702100455760956,1
B7,mixamorig_LeftShoulder,3,0.30604785680770874,-0.030038876459002495,-0.9514813423156738,0,0.935607373714447,-0.17494384944438934,0.3064630627632141,0,-0.17565973103046417,-0.9841195940971375,-0.025443827733397484,0,0.48057499527931213,0.5398669838905334,0.002767999889329076,1
B8,mixamorig_LeftArm,7,0.98503178358078,-0.021409472450613976,0.1702071875333786,0,-0.0893450602889061,0.7828778028488159,0.6154496073722839,0,-0.14660058915615082,-0.621591329574585,0.7694594860076904,0,0,0.9808329939842224,0,1
B9,mixamorig_LeftForeArm,8,0.8109029531478882,0.47673171758651733,0.3389608860015869,0,-0.5289303064346313,0.8450002670288086,0.07706385105848312,0,-0.24970880150794983,-0.24169427156448364,0.9376198649406433,0,0,0.6651279926300049,0,1
B10,mixamorig_LeftHand,9,0.9994916915893555,0.016892725601792336,-0.023392384871840477,0,-0.020154939964413643,0.9878079295158386,-0.1532493233680725,0,0.020680364221334457,0.15375155210494995,0.9877406358718872,0,0,0.8764979839324951,0,1
B11,mixamorig_LeftHandIndex1,10,0.9964671730995178,0.07969354093074799,0.02291010320186615,0,-0.08047584444284439,0.9956386089324951,0.03765016794204712,0,-0.020145835354924202,-0.039403367787599564,0.9987034797668457,0,0,0.28557300567626953,0,1
B12,mixamorig_LeftHandIndex2,11,0.9945951104164124,0.10080896317958832,0.02449476160109043,0,-0.10197380185127258,0.9052953720092773,0.41060346364974976,0,0.0193445086479187,-0.41088178753852844,0.9106911420822144,0,0,0.20546099543571472,0,1
B13,mixamorig_LeftHandIndex3,12,0.915052056312561,-0.3543684184551239,0.19246624410152435,0,0.35331401228904724,0.4740946292877197,-0.8061109185218811,0,0.19452756643295288,0.8056260943412781,0.5590350031852722,0,0.023354999721050262,0.24012799561023712,-0.0703829973936081,1
B14,mixamorig_LeftHandIndex4,13,1,0,0,0,0,1,0,0,0,0,1,0,-0.033365000039339066,0.06550800055265427,0.08354900032281876,1
B15,mixamorig_RightShoulder,3,0.4071327745914459,0.07978552579879761,0.9098389148712158,0,-0.8990528583526611,-0.14030827581882477,0.41461899876594543,0,0.16076180338859558,-0.9868640899658203,0.01466041523963213,0,-0.48057499527931213,0.5398439764976501,0.002065999899059534,1
B16,mixamorig_RightArm,15,0.8272165060043335,0.5580534338951111,-0.05736120790243149,0,-0.35221388936042786,0.5959723591804504,0.7209625244140625,0,0.4372808635234833,-0.5767138004302979,0.689876914024353,0,0,0.9808329939842224,0,1
B17,mixamorig_RightForeArm,16,0.6496566534042358,-0.714449405670166,-0.2597062289714813,0,0.7511165738105774,0.6559257507324219,0.07421036064624786,0,0.11732729524374008,-0.24328084290027618,0.9627618789672852,0,0,0.6650000214576721,0,1
B18,mixamorig_RightHand,17,-0.21389149129390717,0.2368539571762085,-0.9476123452186584,0,0.5468698740005493,0.8327438235282898,0.08476865291595459,0,0.8092548251152039,-0.50018709897995,-0.30783259868621826,0,0,0.8764730095863342,0,1
B19,mixamorig_RightHandIndex1,18,-0.8020390272140503,-0.594825029373169,0.05400664359331131,0,-0.5965330004692078,0.793267011642456,-0.12196599692106247,0,0.02970699965953827,-0.13003799319267273,-0.9910640120506287,0,0,0.07839500159025192,0,1
B20,mixamorig_RightHandIndex2,19,0.11080636084079742,-0.9195629954338074,-0.3769949972629547,0,0.8192530274391174,-0.13022899627685547,0.5584489703178406,0,-0.562624990940094,-0.37073400616645813,0.7389249801635742,0,0,0.275738000869751,0,1
B21,mixamorig_RightHandIndex3,20,0.9955610036849976,-0.04630099982023239,0.08194735646247864,0,-0.0033209999091923237,0.8528213500976562,0.5221920013427734,0,-0.09406435489654541,-0.5201460123062134,0.8488820195198059,0,-0.13106699287891388,0.2971459925174713,-0.11203300207853317,1
B22,mixamorig_RightHandIndex4,21,1,0,0,0,0,1,0,0,0,0,1,0,0.08535800129175186,0.12809400260448456,-0.06155899912118912,1
B23,mixamorig_LeftUpLeg,0,-0.6444775462150574,0.0009880241705104709,0.7646152377128601,0,0.5901088118553162,-0.6352454423904419,0.4982229769229889,0,0.4862113296985626,0.7722994089126587,0.4088199734687805,0,0.45702099800109863,-0.22776900231838226,0.06938000023365021,1
B24,mixamorig_LeftLeg,23,0.9216254949569702,-0.25118181109428406,-0.2954266369342804,0,-0.05933575704693794,0.6617967486381531,-0.7472618818283081,0,0.3832234740257263,0.7062118649482727,0.5950347185134888,0,0,1.7867109775543213,0,1
B25,mixamorig_LeftFoot,24,0.7327852249145508,-0.060282595455646515,-0.6777019500732422,0,0.5293840169906616,0.6761868596076965,0.5122643113136292,0,0.4274088144302368,-0.7342374920845032,0.5274587273597717,0,0,1.655758023262024,0,1
B26,mixamorig_LeftToeBase,25,0.9944030046463013,-0.0460209995508194,-0.09510199725627899,0,0.1030070036649704,0.6224520206451416,0.7758499979972839,0,0.023490358144044876,-0.7813040018081665,0.6237090229988098,0,0,0.28195300698280334,0,1
B27,mixamorig_LeftToe_End,26,1,0,0,0,0,1,0,0,0,0,1,0,0,0.1600160002708435,0,1
B28,mixamorig_RightUpLeg,0,-0.9067648649215698,0.34708675742149353,-0.2393859624862671,0,-0.4200688600540161,-0.7920178174972534,0.4428381025791168,0,-0.03591371700167656,0.5021182298660278,0.8639716506004333,0,-0.45702099800109863,-0.22776900231838226,0.07642599940299988,1
B29,mixamorig_RightLeg,28,0.9924461245536804,-0.04302025958895683,0.11468565464019775,0,0.11914769560098648,0.5560098886489868,-0.8225889205932617,0,-0.028379760682582855,0.8300445079803467,0.556929886341095,0,0,1.7867259979248047,0,1
B30,mixamorig_RightFoot,29,0.7692088484764099,0.0171529408544302,0.6387457847595215,0,-0.6374591588973999,0.08935730904340744,0.7652588486671448,0,-0.043936457484960556,-0.9958452582359314,0.07968249171972275,0,0,1.6565749645233154,0,1
B31,mixamorig_RightToeBase,30,0.9687420129776001,0.05240900069475174,0.24246999621391296,0,-0.21451663970947266,0.6678590178489685,0.7127040028572083,0,-0.12458399683237076,-0.7424399852752686,0.6582260131835938,0,0,0.3066459894180298,0,1
B32,mixamorig_RightToe_End,31,1,0,0,0,0,1,0,0,0,0,1,0,0,0.16165600717067719,0,1
@28,0,1,2,3,4,5,7,8,9,10,11,12,13,15,16,17,18,19,20,21,23,24,25,26,28,29,30,31
K0.000,0.6382330060005188,0.04298499971628189,0.768642008304596,0,-0.12857100367546082,0.9903690218925476,0.05137300118803978,0,-0.7590309977531433,-0.13161300122737885,0.6376129984855652,0,0.0502300001680851,3.2761991024017334,-0.02696000039577484,1,0.9981840252876282,-0.027876999229192734,-0.053397998213768005,0,0.0389849990606308,0.9747480154037476,0.21987700462341309,0,0.0459199994802475,-0.22155900299549103,0.9740650057792664,0,0,0.40995100140571594,0.013144000433385372,1,0.9925029873847961,-0.06731300055980682,-0.10201799869537354,0,0.07743000239133835,0.9921010136604309,0.09869399666786194,0,0.09456899762153625,-0.10585399717092514,0.9898750185966492,0,0,0.47852200269699097,0,1,0.9925029873847961,-0.06727299839258194,-0.1020440012216568,0,0.05632200092077255,0.99270099401474,-0.10663799941539764,0,0.10847300291061401,0.10009100288152695,0.9890480041503906,0,0,0.5468819737434387,0,1,0.9866660237312317,-0.003261999925598502,-0.1627259999513626,0,0.004569999873638153,0.9999600052833557,0.007664999924600124,0,0.1626950055360794,-0.008306999690830708,0.986640989780426,0,0,0.6152420043945312,0,1,0.9176589846611023,-0.08968400210142136,-0.3871150016784668,0,0.056501999497413635,0.9937490224838257,-0.09628599882125854,0,0.39333099126815796,0.06648500263690948,0.9169899821281433,0,0,0.3500170111656189,0.05762200057506561,1,0.28543099761009216,-0.030299000442028046,-0.9579200148582458,0,0.9410039782524109,-0.1807039976119995,0.2861059904098511,0,-0.181768000125885,-0.9830710291862488,-0.02306699939072132,0,0.48057499527931213,0.5398669838905334,0.002767999889329076,1,0.9812530279159546,0.010869000107049942,0.1924149990081787,0,-0.12445800006389618,0.798039972782135,0.5896130204200745,0,-0.14714600145816803,-0.6025069952011108,0.7844319939613342,0,0,0.9808329939842224,0,1,0.8265640139579773,0.44326499104499817,0.3468550145626068,0,-0.49466899037361145,0.866096019744873,0.07197599858045578,0,-0.2685050070285797,-0.23107099533081055,0.9351530075073242,0,0,0.6651279926300049,0,1,0.9982770085334778,0.039673998951911926,-0.04322599992156029,0,-0.044576000422239304,0.9918860197067261,-0.11906000226736069,0,0.038152001798152924,0.12078200280666351,0.9919459819793701,0,0,0.8764979839324951,0,1,0.9946330189704895,0.10062400251626968,0.02410000003874302,0,-0.10059899836778641,0.994924008846283,-0.0022869999520480633,0,-0.02420799992978573,-0.0001500000071246177,0.9997069835662842,0,0,0.28557300567626953,0,1,0.9950420260429382,0.09771200269460678,0.018530000001192093,0,-0.09789100289344788,0.9293519854545593,0.3559809923171997,0,0.017563000321388245,-0.3560299873352051,0.9343100190162659,0,0,0.20546099543571472,0,1,0.9144009947776794,-0.34981200098991394,0.20371800661087036,0,0.35261499881744385,0.44111499190330505,-0.8252760171890259,0,0.19882899522781372,0.8264679908752441,0.5267050266265869,0,0.023354999721050262,0.24012799561023712,-0.0703829973936081,1,0.4165149927139282,0.07759500294923782,0.9058110117912292,0,-0.8973249793052673,-0.1249459981918335,0.42331600189208984,0,0.14602400362491608,-0.9891250133514404,0.01758600026369095,0,-0.48057499527931213,0.5398439764976501,0.002065999899059534,1,0.8297849893569946,0.5580739974975586,0.003335000015795231,0,-0.3766689896583557,0.5556290149688721,0.7412130236625671,0,0.41179901361465454,-0.616303026676178,0.6712620258331299,0,0,0.9808329939842224,0,1,0.6578490138053894,-0.7123600244522095,-0.24449600279331207,0,0.7432259917259216,0.6665480136871338,0.05770000070333481,0,0.12186499685049057,-0.21967299282550812,0.9679319858551025,0,0,0.6650000214576721,0,1,-0.1810470074415207,0.26096901297569275,-0.9482179880142212,0,0.581292986869812,0.8061059713363647,0.11086799949407578,0,0.7932969927787781,-0.5311200022697449,-0.2976419925689697,0,0,0.8764730095863342,0,1,-0.8020390272140503,-0.594825029373169,0.054005999118089676,0,-0.5965330004692078,0.793267011642456,-0.12196599692106247,0,0.02970699965953827,-0.13003799319267273,-0.9910640120506287,0,0,0.07839500159025192,0,1,0.11080600321292877,-0.9195629954338074,-0.3769949972629547,0,0.8192530274391174,-0.13022899627685547,0.5584489703178406,0,-0.562624990940094,-0.37073400616645813,0.7389240264892578,0,0,0.275738000869751,0,1,0.9955610036849976,-0.04630099982023239,0.08194799721240997,0,-0.0033209999091923237,0.8528220057487488,0.5221920013427734,0,-0.09406399726867676,-0.5201460123062134,0.8488820195198059,0,-0.13106699287891388,0.2971459925174713,-0.11203300207853317,1,-0.6456729769706726,0.012292999774217606,0.7635149955749512,0,0.5826050043106079,-0.6384339928627014,0.5029640197753906,0,0.49363699555397034,0.7695779800415039,0.40505799651145935,0,0.45702099800109863,-0.22776900231838226,0.06938000023365021,1,0.9332680106163025,-0.2254599928855896,-0.2796030044555664,0,-0.054083000868558884,0.6813639998435974,-0.7299439907073975,0,0.35508498549461365,0.6963549852371216,0.6237019896507263,0,0,1.7867109775543213,0,1,0.7169079780578613,-0.07583200186491013,-0.6930310130119324,0,0.5469710230827332,0.6775519847869873,0.4916769862174988,0,0.43227899074554443,-0.7315549850463867,0.5272210240364075,0,0,1.655758023262024,0,1,0.9944030046463013,-0.0460209995508194,-0.095100998878479,0,0.1030070036649704,0.6224520206451416,0.7758499979972839,0,0.023490000516176224,-0.7813040018081665,0.6237090229988098,0,0,0.28195300698280334,0,1,-0.9078220129013062,0.3445639908313751,-0.2390269935131073,0,-0.4185270071029663,-0.7802429795265198,0.46481800079345703,0,-0.026340000331401825,0.5220119953155518,0.8525320291519165,0,-0.45702099800109863,-0.22776900231838226,0.07642599940299988,1,0.9920430183410645,-0.03250899910926819,0.12163099646568298,0,0.11905299872159958,0.5564910173416138,-0.8222799897193909,0,-0.04095400124788284,0.8302180171012878,0.5559329986572266,0,0,1.7867259979248047,0,1,0.7793490290641785,0.015706000849604607,0.6263930201530457,0,-0.6248329877853394,0.09427700191736221,0.7750449776649475,0,-0.04688100144267082,-0.9954220056533813,0.0832889974117279,0,0,1.6565749645233154,0,1,0.9687420129776001,0.05240900069475174,0.24246999621391296,0,-0.21451599895954132,0.6678590178489685,0.7127040028572083,0,-0.12458399683237076,-0.7424399852752686,0.6582260131835938,0,0,0.3066459894180298,0,1
K0.033,0.6398611068725586,0.0378759391605854,0.76755690574646,0,-0.11407682299613953,0.9923999905586243,0.04612695053219795,0,-0.7599769234657288,-0.1170758306980133,0.639319121837616,0,0.05725705251097679,3.268786907196045,-0.017493929713964462,1,0.99822998046875,-0.032045118510723114,-0.05010293424129486,0,0.04258410260081291,0.9731999635696411,0.225984126329422,0,0.04151890426874161,-0.22771811485290527,0.9728419780731201,0,0,0.40995100140571594,0.013144000433385372,1,0.9940429925918579,-0.05648279935121536,-0.09321083873510361,0,0.06588978320360184,0.992688000202179,0.10113803297281265,0,0.08681685477495193,-0.10667701065540314,0.9904959797859192,0,0,0.47852200269699097,0,1,0.9939450025558472,-0.055323775857686996,-0.0949348658323288,0,0.04541079327464104,0.9935839772224426,-0.10357695817947388,0,0.10005584359169006,0.09863797575235367,0.9900799989700317,0,0,0.5468819737434387,0,1,0.9842609167098999,0.03937751427292824,-0.17227628827095032,0,-0.035288501530885696,0.9990199208259583,0.026733065024018288,0,0.17316029965877533,-0.020232949405908585,0.9846859574317932,0,0,0.6152420043945312,0,1,0.9129079580307007,-0.12326940149068832,-0.3891069293022156,0,0.08997239917516708,0.9906309247016907,-0.10274308919906616,0,0.3981259763240814,0.05878593027591705,0.9154450297355652,0,0,0.3500170111656189,0.05762200057506561,1,0.29841721057891846,-0.030001001432538033,-0.9539639353752136,0,0.9381939172744751,-0.17438501119613647,0.29896819591522217,0,-0.17532601952552795,-0.984220027923584,-0.02389204315841198,0,0.48057499527931213,0.5398669838905334,0.002767999889329076,1,0.9841809868812561,-0.01077529788017273,0.17683881521224976,0,-0.10079067945480347,0.786828875541687,0.6088851690292358,0,-0.1457030326128006,-0.617077112197876,0.7732958793640137,0,0,0.9808329939842224,0,1,0.815501868724823,0.46615830063819885,0.34300488233566284,0,-0.5187063217163086,0.8515757918357849,0.07590903341770172,0,-0.2567088007926941,-0.23982305824756622,0.9362610578536987,0,0,0.6651279926300049,0,1,0.9992430210113525,0.02375480905175209,-0.030805792659521103,0,-0.027897784486413002,0.9894869327545166,-0.14190731942653656,0,0.027110818773508072,0.14265930652618408,0.9893999695777893,0,0,0.8764979839324951,0,1,0.9956949949264526,0.08956772089004517,0.023871973156929016,0,-0.0900227352976799,0.9957640171051025,0.01870253123342991,0,-0.02209494635462761,-0.020770521834492683,0.9995399713516235,0,0,0.28557300567626953,0,1,0.99481201171875,0.09940903633832932,0.02161308005452156,0,-0.10004505515098572,0.9174566268920898,0.3850517272949219,0,0.01844802498817444,-0.38521572947502136,0.9226416349411011,0,0,0.20546099543571472,0,1,0.9147329926490784,-0.35231104493141174,0.1978408545255661,0,0.3530209958553314,0.45863643288612366,-0.8154927492141724,0,0.19656993448734283,0.8157997131347656,0.5439034104347229,0,0.023354999721050262,0.24012799561023712,-0.0703829973936081,1,0.4128718376159668,0.07972799986600876,0.9072930812835693,0,-0.8972970843315125,-0.13521914184093475,0.42020586133003235,0,0.15618613362312317,-0.9876030087471008,0.015711970627307892,0,-0.48057499527931213,0.5398439764976501,0.002065999899059534,1,0.8235241174697876,0.5661657452583313,-0.03555260971188545,0,-0.36678558588027954,0.5792264938354492,0.7279868125915527,0,0.43275412917137146,-0.5864747166633606,0.6846691370010376,0,0,0.9808329939842224,0,1,0.6504070162773132,-0.7158289551734924,-0.25408613681793213,0,0.7502890229225159,0.6576129198074341,0.06790817528963089,0,0.11847996711730957,-0.23480623960494995,0.964794933795929,0,0,0.6650000214576721,0,1,-0.20570021867752075,0.24265483021736145,-0.9480540156364441,0,0.55580073595047,0.8263301849365234,0.09090682864189148,0,0.8054641485214233,-0.5082297325134277,-0.30484408140182495,0,0,0.8764730095863342,0,1,-0.8020390272140503,-0.594825029373169,0.05400700122117996,0,-0.5965330004692078,0.793267011642456,-0.12196599692106247,0,0.02970699965953827,-0.13003799319267273,-0.9910640120506287,0,0,0.07839500159025192,0,1,0.11080600321292877,-0.9195629954338074,-0.3769949972629547,0,0.8192530274391174,-0.13022899627685547,0.5584489703178406,0,-0.562624990940094,-0.37073400616645813,0.7389249801635742,0,0,0.275738000869751,0,1,0.9955610036849976,-0.04630099982023239,0.08194699883460999,0,-0.0033209999091923237,0.8528209924697876,0.5221920013427734,0,-0.09406399726867676,-0.5201460123062134,0.8488820195198059,0,-0.13106699287891388,0.2971459925174713,-0.11203300207853317,1,-0.6434209942817688,0.0029889438301324844,0.7655060291290283,0,0.5889540314674377,-0.6368779540061951,0.4975130259990692,0,0.489021897315979,0.7709580659866333,0.4080210328102112,0,0.45702099800109863,-0.22776900231838226,0.06938000023365021,1,0.9260128736495972,-0.24251924455165863,-0.2892841696739197,0,-0.0571940578520298,0.6673478484153748,-0.7425461411476135,0,0.3731352686882019,0.7041530609130859,0.6041017770767212,0,0,1.7867109775543213,0,1,0.7280691266059875,-0.06447988003492355,-0.6824648976325989,0,0.5350698232650757,0.675777018070221,0.5069761276245117,0,0.42850396037101746,-0.734279990196228,0.5265139937400818,0,0,1.655758023262024,0,1,0.9944030046463013,-0.0460209995508194,-0.09510199725627899,0,0.1030070036649704,0.6224520206451416,0.7758499979972839,0,0.023490000516176224,-0.7813040018081665,0.6237090229988098,0,0,0.28195300698280334,0,1,-0.90733802318573,0.346157044172287,-0.2385670244693756,0,-0.4191870391368866,-0.7880620956420898,0.45082175731658936,0,-0.03195011243224144,0.5090517997741699,0.8601431250572205,0,-0.45702099800109863,-0.22776900231838226,0.07642599940299988,1,0.9922159910202026,-0.03926210477948189,0.1181768998503685,0,0.11992197483778,0.5569900274276733,-0.821815013885498,0,-0.03355785459280014,0.8295900225639343,0.557362973690033,0,0,1.7867259979248047,0,1,0.7716789245605469,0.016836009919643402,0.6357890367507935,0,-0.6343730688095093,0.09209892898797989,0.7675209641456604,0,-0.04563295096158981,-0.9956079721450806,0.08175093680620193,0,0,1.6565749645233154,0,1,0.9687420129776001,0.05240900069475174,0.24246999621391296,0,-0.2145169973373413,0.6678590178489685,0.7127040028572083,0,-0.12458399683237076,-0.7424399852752686,0.6582260131835938,0,0,0.3066459894180298,0,1
K0.067,0.6528928875923157,0.03199106082320213,0.7567741274833679,0,-0.09644217789173126,0.9944869875907898,0.04116304963827133,0,-0.7512850761413574,-0.09986016899347305,0.6523788571357727,0,0.06243094801902771,3.257481098175049,-0.010489069856703281,1,0.9980810284614563,-0.04398887977004051,-0.043579064309597015,0,0.05313889682292938,0.9697790741920471,0.2381288856267929,0,0.031787097454071045,-0.23998787999153137,0.9702550172805786,0,0,0.40995100140571594,0.013144000433385372,1,0.9964029788970947,-0.03627220168709755,-0.07658116519451141,0,0.044180214405059814,0.9935709834098816,0.10423596948385239,0,0.07230713963508606,-0.10724499076604843,0.991599977016449,0,0,0.47852200269699097,0,1,0.9961090087890625,-0.03293522447347641,-0.08174513280391693,0,0.024785205721855164,0.994799017906189,-0.09879204630851746,0,0.0845731571316719,0.09638102352619171,0.9917449951171875,0,0,0.5468819737434387,0,1,0.9754570722579956,0.09058248996734619,-0.20069371163845062,0,-0.08562250435352325,0.9957720637321472,0.033276937901973724,0,0.20285870134830475,-0.015277049504220486,0.979089081287384,0,0,0.6152420043945312,0,1,0.9091410636901855,-0.163252592086792,-0.3831580579280853,0,0.12986759841442108,0.9852270483970642,-0.11163391172885895,0,0.39572203159332275,0.05173107236623764,0.9169120192527771,0,0,0.3500170111656189,0.05762200057506561,1,0.31977277994155884,-0.03010699898004532,-0.9470160603523254,0,0.9309550523757935,-0.17594899237155914,0.31994378566741943,0,-0.17625997960567474,-0.983938992023468,-0.02823495678603649,0,0.48057499527931213,0.5398669838905334,0.002767999889329076,1,0.9865620136260986,-0.040536705404520035,0.1582791805267334,0,-0.06875832378864288,0.7757711410522461,0.6272568106651306,0,-0.14821496605873108,-0.629710853099823,0.7625591158866882,0,0,0.9808329939842224,0,1,0.802631139755249,0.49574971199035645,0.3316871225833893,0,-0.5473197102546692,0.8331731557846069,0.07914096862077713,0,-0.237118199467659,-0.24505995213985443,0.9400639533996582,0,0,0.6651279926300049,0,1,0.9999390244483948,0.004550191108137369,-0.0100582055747509,0,-0.006228215526789427,0.9847880601882935,-0.17364968359470367,0,0.009114178828895092,0.1737026870250702,0.9847560524940491,0,0,0.8764979839324951,0,1,0.9978560209274292,0.06193327531218529,0.02118002623319626,0,-0.06330426782369614,0.9954130053520203,0.07173047214746475,0,-0.016640054062008858,-0.07291747629642487,0.9971989989280701,0,0,0.28557300567626953,0,1,0.9942049980163574,0.1033269613981247,0.029677920043468475,0,-0.10544294863939285,0.8834213614463806,0.4565622806549072,0,0.020956976339221,-0.4570462703704834,0.8891963362693787,0,0,0.20546099543571472,0,1,0.9156259894371033,-0.35806894302368164,0.18279914557933807,0,0.35384100675582886,0.5018985867500305,-0.7892362475395203,0,0.1908540576696396,0.7873272895812988,0.5862515568733215,0,0.023354999721050262,0.24012799561023712,-0.0703829973936081,1,0.3968101441860199,0.07988899946212769,0.9144179224967957,0,-0.9022109508514404,-0.14946186542510986,0.40457016229629517,0,0.16899186372756958,-0.9855350255966187,0.012769028544425964,0,-0.48057499527931213,0.5398439764976501,0.002065999899059534,1,0.8338578939437866,0.5434622168540955,-0.0965873971581459,0,-0.32600441575050354,0.6260924935340881,0.7083281874656677,0,0.445422887802124,-0.5591573119163513,0.6992439031600952,0,0,0.9808329939842224,0,1,0.6483070254325867,-0.7119680643081665,-0.2698148488998413,0,0.7526050209999084,0.6528910398483276,0.08554582297801971,0,0.11525402963161469,-0.25852376222610474,0.9591050744056702,0,0,0.6650000214576721,0,1,-0.22862477600574493,0.22642016410827637,-0.9468179941177368,0,0.5308062434196472,0.8442798256874084,0.07372817397117615,0,0.8160728812217712,-0.485721230506897,-0.3132079243659973,0,0,0.8764730095863342,0,1,-0.8020390272140503,-0.594825029373169,0.054005999118089676,0,-0.5965330004692078,0.793267011642456,-0.12196599692106247,0,0.02970699965953827,-0.13003799319267273,-0.9910640120506287,0,0,0.07839500159025192,0,1,0.11080700159072876,-0.9195629954338074,-0.3769949972629547,0,0.8192530274391174,-0.13022899627685547,0.5584489703178406,0,-0.562624990940094,-0.37073400616645813,0.7389249801635742,0,0,0.275738000869751,0,1,0.9955610036849976,-0.04630099982023239,0.08194799721240997,0,-0.0033209999091923237,0.8528220057487488,0.5221920013427734,0,-0.09406500309705734,-0.5201460123062134,0.8488820195198059,0,-0.13106699287891388,0.2971459925174713,-0.11203300207853317,1,-0.6463779807090759,-0.0026109444443136454,0.7630130052566528,0,0.592185914516449,-0.632309079170227,0.49949997663497925,0,0.4811560809612274,0.7747119665145874,0.4102569818496704,0,0.45702099800109863,-0.22776900231838226,0.06938000023365021,1,0.9137341380119324,-0.26676276326179504,-0.30647483468055725,0,-0.06318794190883636,0.6518121957778931,-0.7557438611984253,0,0.40136873722076416,0.7099149227142334,0.5787262320518494,0,0,1.7867109775543213,0,1,0.7412678599357605,-0.05273311585187912,-0.6691350936889648,0,0.5191571712493896,0.6769239902496338,0.5217759013175964,0,0.4254390299320221,-0.7341610193252563,0.5291579961776733,0,0,1.655758023262024,0,1,0.9944030046463013,-0.0460209995508194,-0.09510199725627899,0,0.1030070036649704,0.6224520206451416,0.7758499979972839,0,0.02349100075662136,-0.7813040018081665,0.6237090229988098,0,0,0.28195300698280334,0,1,-0.9057340025901794,0.3487589657306671,-0.24085897207260132,0,-0.42165496945381165,-0.7991328835487366,0.4284782111644745,0,-0.04304288700222969,0.48964717984199524,0.8708578944206238,0,-0.45702099800109863,-0.22776900231838226,0.07642599940299988,1,0.9928600192070007,-0.049779895693063736,0.10840609669685364,0,0.11775502562522888,0.5542470216751099,-0.823980987071991,0,-0.01906614378094673,0.8308619856834412,0.5561509728431702,0,0,1.7867259979248047,0,1,0.7647660374641418,0.01772299036383629,0.6440639495849609,0,-0.6430099606513977,0.08442607522010803,0.7611900568008423,0,-0.04088504984974861,-0.9962720274925232,0.07596205919981003,0,0,1.6565749645233154,0,1,0.9687420129776001,0.05240900069475174,0.24246999621391296,0,-0.21451599895954132,0.6678590178489685,0.7127040028572083,0,-0.12458399683237076,-0.7424399852752686,0.6582260131835938,0,0,0.3066459894180298,0,1
K0.100,0.696183979511261,0.018871000036597252,0.717615008354187,0,-0.07395000010728836,0.9962210059165955,0.04554399847984314,0,-0.7140439748764038,-0.08477500081062317,0.6949489712715149,0,0.05310000106692314,3.2424139976501465,-0.01182899996638298,1,0.9972419738769531,-0.06716600060462952,-0.03158000111579895,0,0.07269500195980072,0.9697329998016357,0.2330940067768097,0,0.014968001283705235,-0.2347469925880432,0.9719409942626953,0,0,0.40995100140571594,0.013144000433385372,1,0.9988790154457092,0.000504998373799026,-0.04732299968600273,0,0.005074001848697662,0.9930369853973389,0.11769700050354004,0,0.04705300182104111,-0.11780499666929245,0.9919210076332092,0,0,0.47852200269699097,0,1,0.9983059763908386,0.005754997953772545,-0.057888999581336975,0,-0.010487997904419899,0.996595025062561,-0.08178599923849106,0,0.05722099915146828,0.08225499838590622,0.994966983795166,0,0,0.5468819737434387,0,1,0.9704740047454834,0.13904599845409393,-0.19709600508213043,0,-0.13377900421619415,0.9902089834213257,0.03985299915075302,0,0.20070700347423553,-0.0123089998960495,0.9795740246772766,0,0,0.6152420043945312,0,1,0.9323989748954773,-0.14407199621200562,-0.3314729928970337,0,0.112574003636837,0.9872609972953796,-0.11244399845600128,0,0.34345000982284546,0.06752700358629227,0.936739981174469,0,0,0.3500170111656189,0.05762200057506561,1,0.34167900681495667,-0.03057599999010563,-0.9393190145492554,0,0.9223949909210205,-0.18063800036907196,0.341403990983963,0,-0.18011599779129028,-0.9830740094184875,-0.03351699933409691,0,0.48057499527931213,0.5398669838905334,0.002767999889329076,1,0.9874770045280457,-0.06624499708414078,0.1431799978017807,0,-0.04147600010037422,0.766631007194519,0.6407470107078552,0,-0.152211993932724,-0.6386619806289673,0.7542830109596252,0,0,0.9808329939842224,0,1,0.782712996006012,0.5336419939994812,0.3202899992465973,0,-0.5839599967002869,0.8076969981193542,0.08133699744939804,0,-0.2152930051088333,-0.2506999969482422,0.9438210129737854,0,0,0.6651279926300049,0,1,0.999580979347229,-0.024932997301220894,0.014702999033033848,0,0.027477998286485672,0.9770359992980957,-0.2112949937582016,0,-0.00909699872136116,0.21161100268363953,0.9773120284080505,0,0,0.8764979839324951,0,1,0.9993619918823242,0.032489001750946045,0.01484300009906292,0,-0.0341389998793602,0.9910079836845398,0.1293729990720749,0,-0.010506000369787216,-0.12979699671268463,0.9914849996566772,0,0,0.28557300567626953,0,1,0.9935179948806763,0.10685200244188309,0.038795001804828644,0,-0.11107899993658066,0.8399999737739563,0.531095027923584,0,0.024160999804735184,-0.5319610238075256,0.8464239835739136,0,0,0.20546099543571472,0,1,0.9166920185089111,-0.3634369969367981,0.16610099375247955,0,0.3543950021266937,0.5473960041999817,-0.7581310272216797,0,0.18460999429225922,0.753836989402771,0.63059401512146,0,0.023354999721050262,0.24012799561023712,-0.0703829973936081,1,0.36147499084472656,0.07652299851179123,0.9292359948158264,0,-0.9147419929504395,-0.16383500397205353,0.3693290054798126,0,0.1805039942264557,-0.9835150241851807,0.010777000337839127,0,-0.48057499527931213,0.5398439764976501,0.002065999899059534,1,0.8535360097885132,0.4949769973754883,-0.16270700097084045,0,-0.26642000675201416,0.6829789876937866,0.6801180243492126,0,0.4477680027484894,-0.5371569991111755,0.7148190140724182,0,0,0.9808329939842224,0,1,0.6705030202865601,-0.6849439740180969,-0.28509199619293213,0,0.7316240072250366,0.6741979718208313,0.10091199725866318,0,0.12308900058269501,-0.2762419879436493,0.9531729817390442,0,0,0.6650000214576721,0,1,-0.24229200184345245,0.2145169973373413,-0.9461910128593445,0,0.5224549770355225,0.8506190180778503,0.059064000844955444,0,0.8175179958343506,-0.48003101348876953,-0.31817400455474854,0,0,0.8764730095863342,0,1,-0.8020390272140503,-0.5948259830474854,0.054005999118089676,0,-0.5965330004692078,0.793267011642456,-0.12196599692106247,0,0.02970699965953827,-0.13003799319267273,-0.9910640120506287,0,0,0.07839500159025192,0,1,0.11080600321292877,-0.9195629954338074,-0.3769949972629547,0,0.8192530274391174,-0.13022999465465546,0.5584489703178406,0,-0.562624990940094,-0.37073400616645813,0.7389240264892578,0,0,0.275738000869751,0,1,0.9955610036849976,-0.04630099982023239,0.08194799721240997,0,-0.0033209999091923237,0.8528220057487488,0.5221920013427734,0,-0.09406500309705734,-0.5201460123062134,0.8488820195198059,0,-0.13106699287891388,0.2971459925174713,-0.11203300207853317,1,-0.6596199870109558,0.004182999487966299,0.7515869736671448,0,0.5909180045127869,-0.6150590181350708,0.5220339894294739,0,0.4644539952278137,0.7884699702262878,0.40323400497436523,0,0.45702099800109863,-0.22776900231838226,0.06938000023365021,1,0.8862280249595642,-0.31018099188804626,-0.344074010848999,0,-0.07353299856185913,0.6391329765319824,-0.7655730247497559,0,0.45737600326538086,0.703773021697998,0.5436090230941772,0,0,1.7867109775543213,0,1,0.7567939758300781,-0.044204000383615494,-0.6521570086479187,0,0.4960609972476959,0.6885510087013245,0.5289809703826904,0,0.42566099762916565,-0.7238389849662781,0.5430189967155457,0,0,1.655758023262024,0,1,0.9944030046463013,-0.0460209995508194,-0.09510199725627899,0,0.1030070036649704,0.6224510073661804,0.7758510112762451,0,0.023490000516176224,-0.7813050150871277,0.6237080097198486,0,0,0.28195300698280334,0,1,-0.9044359922409058,0.34382501244544983,-0.2525489926338196,0,-0.4200809895992279,-0.8209429979324341,0.38676199316978455,0,-0.07434999942779541,0.45589199662208557,0.8869240283966064,0,-0.45702099800109863,-0.22776900231838226,0.07642599940299988,1,0.9940289855003357,-0.07466199994087219,0.07957399636507034,0,0.10757700353860855,0.5484859943389893,-0.8292109966278076,0,0.018264997750520706,0.8328199982643127,0.5532429814338684,0,0,1.7867259979248047,0,1,0.7595369815826416,0.01827700063586235,0.6502079963684082,0,-0.6498579978942871,0.0644650012254715,0.7573170065879822,0,-0.028074000030755997,-0.9977530241012573,0.06084100157022476,0,0,1.6565749645233154,0,1,0.9687420129776001,0.05240900069475174,0.24246999621391296,0,-0.2145169973373413,0.6678590178489685,0.7127040028572083,0,-0.12458399683237076,-0.7424399852752686,0.6582260131835938,0,0,0.3066459894180298,0,1
K0.133,0.7834029793739319,-0.015073608607053757,0.6213314533233643,0,-0.025981122627854347,0.9980379939079285,0.056969888508319855,0,-0.6209704875946045,-0.06077350303530693,0.7814739942550659,0,0.015332402661442757,3.2307779788970947,-0.017747029662132263,1,0.995917022228241,-0.08992516249418259,-0.007914779707789421,0,0.08943908661603928,0.9710368514060974,0.22155852615833282,0,-0.012238305062055588,-0.22136148810386658,0.9751148819923401,0,0,0.40995100140571594,0.013144000433385372,1,0.9993249773979187,0.03650415688753128,-0.0040436252020299435,0,-0.03573919087648392,0.9918940663337708,0.12193462997674942,0,0.00846162624657154,-0.12170764803886414,0.9925300478935242,0,0,0.47852200269699097,0,1,0.9988579750061035,0.04395122453570366,-0.0187496580183506,0,-0.045201193541288376,0.9963439106941223,-0.0724923238158226,0,0.015495621599256992,0.07325630635023117,0.9971929788589478,0,0,0.5468819737434387,0,1,0.9822638630867004,0.1735980361700058,-0.07085258513689041,0,-0.160592719912529,0.9739680886268616,0.1599844992160797,0,0.09678124636411667,-0.1457689255475998,0.9845731258392334,0,0,0.6152420043945312,0,1,0.9878138303756714,0.030670011416077614,-0.15258657932281494,0,-0.051368597894907,0.9896997213363647,-0.1336236298084259,0,0.1469172239303589,0.13983331620693207,0.9792150259017944,0,0,0.3500170111656189,0.05762200057506561,1,0.4371752440929413,-0.03373903036117554,-0.8987432718276978,0,0.8766272068023682,-0.20735116302967072,0.4342012107372284,0,-0.20100504159927368,-0.9776849150657654,-0.06107135862112045,0,0.48057499527931213,0.5398669838905334,0.002767999889329076,1,0.980621874332428,-0.07801564037799835,0.17970772087574005,0,-0.057784553617239,0.7613016366958618,0.6458180546760559,0,-0.1871955841779709,-0.6436874270439148,0.742040753364563,0,0,0.9808329939842224,0,1,0.8070022463798523,0.5260800719261169,0.2683046758174896,0,-0.5612168908119202,0.8246030211448669,0.0711735337972641,0,-0.1838020384311676,-0.2080145627260208,0.9607012271881104,0,0,0.6651279926300049,0,1,0.9883005023002625,-0.14644365012645721,-0.042619094252586365,0,0.12769275903701782,0.9472770690917969,-0.29386991262435913,0,0.08340796828269958,0.2849893867969513,0.9548940658569336,0,0,0.8764979839324951,0,1,0.9970959424972534,-0.06578250974416733,-0.038365598767995834,0,0.07488574832677841,0.9384823441505432,0.3371082842350006,0,0.013829175382852554,-0.3390023708343506,0.9406834244728088,0,0,0.28557300567626953,0,1,0.990822970867157,0.11272597312927246,0.07458724826574326,0,-0.12911508977413177,0.6260431408882141,0.7690241932868958,0,0.03999413922429085,-0.7715972065925598,0.6348531246185303,0,0,0.20546099543571472,0,1,0.9214450716972351,-0.3748970031738281,0.10193955153226852,0,0.3533409833908081,0.6995858550071716,-0.621070921421051,0,0.16152185201644897,0.6083018779754639,0.7770968079566956,0,0.023354999721050262,0.24012799561023712,-0.0703829973936081,1,0.31820550560951233,0.07304604351520538,0.9452031254768372,0,-0.9263579249382019,-0.18796874582767487,0.32638752460479736,0,0.2015097290277481,-0.9794548153877258,0.007853932678699493,0,-0.48057499527931213,0.5398439764976501,0.002065999899059534,1,0.8607867360115051,0.4654424488544464,-0.20593290030956268,0,-0.2405736744403839,0.7286381125450134,0.6412575840950012,0,0.4485189914703369,-0.5024443864822388,0.7391753792762756,0,0,0.9808329939842224,0,1,0.7061451077461243,-0.6377896666526794,-0.30754438042640686,0,0.6911476850509644,0.715242326259613,0.10364990681409836,0,0.15386146306991577,-0.2857501208782196,0.945871889591217,0,0,0.6650000214576721,0,1,-0.2522151470184326,0.21641592681407928,-0.9431599974632263,0,0.5105066895484924,0.8577571511268616,0.0603029690682888,0,0.8220531344413757,-0.4662797451019287,-0.32682108879089355,0,0,0.8764730095863342,0,1,-0.8020390272140503,-0.594825029373169,0.054005999118089676,0,-0.5965330004692078,0.793267011642456,-0.12196599692106247,0,0.02970699965953827,-0.13003799319267273,-0.9910640120506287,0,0,0.07839500159025192,0,1,0.11080700159072876,-0.9195629954338074,-0.3769940137863159,0,0.8192530274391174,-0.13022799789905548,0.5584499835968018,0,-0.562624990940094,-0.37073400616645813,0.7389240264892578,0,0,0.275738000869751,0,1,0.9955610036849976,-0.04630099982023239,0.08194699883460999,0,-0.0033199999015778303,0.8528220057487488,0.5221920013427734,0,-0.09406399726867676,-0.5201460123062134,0.8488820195198059,0,-0.13106699287891388,0.2971459925174713,-0.11203300207853317,1,-0.685684323310852,0.019393043592572212,0.727640688419342,0,0.5825228691101074,-0.5847947597503662,0.5645193457603455,0,0.4364676773548126,0.8109492063522339,0.3896879553794861,0,0.45702099800109863,-0.22776900231838226,0.06938000023365021,1,0.8261570334434509,-0.3815218210220337,-0.41461390256881714,0,-0.09055119752883911,0.6363920569419861,-0.7660318613052368,0,0.5561152100563049,0.6704073548316956,0.49121326208114624,0,0,1.7867109775543213,0,1,0.7706580758094788,-0.04277409613132477,-0.6358119249343872,0,0.4660077393054962,0.7183673977851868,0.5165126323699951,0,0.4346531927585602,-0.6943475008010864,0.573548436164856,0,0,1.655758023262024,0,1,0.9944030046463013,-0.04602000117301941,-0.095100998878479,0,0.10300599783658981,0.6224520206451416,0.7758499979972839,0,0.02349100075662136,-0.7813040018081665,0.6237090229988098,0,0,0.28195300698280334,0,1,-0.9021999835968018,0.3222596049308777,-0.28667742013931274,0,-0.4016733169555664,-0.8699026703834534,0.2862302362918854,0,-0.15714119374752045,0.3733883500099182,0.914269208908081,0,-0.45702099800109863,-0.22776900231838226,0.07642599940299988,1,0.9933708906173706,-0.11365044116973877,0.01722504012286663,0,0.07818354666233063,0.55817049741745,-0.8260347247123718,0,0.08426488935947418,0.8219055533409119,0.563356339931488,0,0,1.7867259979248047,0,1,0.7558860182762146,0.019083114340901375,0.6544250249862671,0,-0.6546420454978943,0.035749781876802444,0.755092978477478,0,-0.008985772728919983,-0.9991790056228638,0.03951491042971611,0,0,1.6565749645233154,0,1,0.9687420129776001,0.05240900069475174,0.24246999621391296,0,-0.2145169973373413,0.6678590178489685,0.7127040028572083,0,-0.12458399683237076,-0.7424399852752686,0.6582260131835938,0,0,0.3066459894180298,0,1
