13.933,30,418,33
B0,mixamorig_Hips,-1,0.9921202659606934,0.019529584795236588,-0.12375305593013763,0,-0.033777374774217606,0.9928935766220093,-0.11410471051931381,0,0.12064466625452042,0.11738558113574982,0.9857305884361267,0,-0.02521856501698494,3.899451494216919,-0.18609218299388885,1
B1,mixamorig_Spine,0,0.9883440732955933,-0.15204299986362457,0.007616370916366577,0,0.14889290928840637,0.9758694171905518,0.15971440076828003,0,-0.03171661123633385,-0.15671879053115845,0.9871339201927185,0,0,0.40995100140571594,0.013144000433385372,1
B2,mixamorig_Spine1,1,0.9999364614486694,0.009787289425730705,0.005569616798311472,0,-0.01019562128931284,0.9968435764312744,0.07873113453388214,0,-0.0047812024131417274,-0.07878284156322479,0.9968806505203247,0,0,0.47852200269699097,0,1
B3,mixamorig_Spine2,2,0.9999240636825562,0.010342882014811039,0.006685941480100155,0,-0.010476181283593178,0.9997416138648987,0.02017224207520485,0,-0.006475438363850117,-0.020240942016243935,0.9997742772102356,0,0,0.5468819737434387,0,1
B4,mixamorig_Neck,3,0.995219349861145,0.03914951533079147,-0.08947594463825226,0,-0.04747845232486725,0.9945387244224548,-0.0929422453045845,0,0.08534909039735794,0.09674639999866486,0.9916430711746216,0,0,0.6152420043945312,0,1
B5,mixamorig_Head,4,0.9125227332115173,-0.10732553154230118,-0.39468589425086975,0,0.1517931967973709,0.984906017780304,0.08314108103513718,0,0.37980595231056213,-0.13578006625175476,0.9150406122207642,0,0,0.3500170111656189,0.05762200057506561,1
B6,mixamorig_HeadTop_End,5,1,0,0,0,0,1,0,0,0,0,1,0,0,1.500493049621582,0.24702100455760956,1
B7,mixamorig_LeftShoulder,3,0.05247253552079201,0.02990124747157097,-0.9981749653816223,0,0.9715535044670105,-0.23267719149589539,0.04410320892930031,0,-0.23093371093273163,-0.9720941185951233,-0.04125974699854851,0,0.48057499527931213,0.5398669838905334,0.002767999889329076,1
B8,mixamorig_LeftArm,7,0.9618727564811707,0.2546135485172272,-0.09984271228313446,0,-0.015533672645688057,0.4153384864330292,0.9095317125320435,0,0.27304983139038086,-0.8733058571815491,0.4034573435783386,0,0,0.9808329939842224,0,1
B9,mixamorig_LeftForeArm,8,0.9755985736846924,0.21954041719436646,-0.00004477763650356792,0,-0.21953441202640533,0.975568950176239,-0.0077707478776574135,0,-0.0016630770405754447,0.0075914799235761166,0.9999698400497437,0,0,0.6651279926300049,0,1
B10,mixamorig_LeftHand,9,0.9028608798980713,0.04637164995074272,0.42740699648857117,0,-0.014329721219837666,0.9968520998954773,-0.0778837725520134,0,-0.42967960238456726,0.06419693678617477,0.9006963968276978,0,0,0.8764979839324951,0,1
B11,mixamorig_LeftHandIndex1,10,0.9985089898109436,-0.05458243191242218,0.00041556687210686505,0,0.05348843336105347,0.979958713054657,0.19188305735588074,0,-0.010880433022975922,-0.1915750652551651,0.981417715549469,0,0,0.28557300567626953,0,1
B12,mixamorig_LeftHandIndex2,11,0.9964094161987305,0.08079613000154495,0.02530086599290371,0,-0.08407256752252579,0.9089384078979492,0.4083666205406189,0,0.009997567161917686,-0.409027636051178,0.9124674201011658,0,0,0.20546099543571472,0,1
B13,mixamorig_LeftHandIndex3,12,0.9055929780006409,-0.3697287142276764,0.20785126090049744,0,0.3671538531780243,0.4379686415195465,-0.8205985426902771,0,0.2123659998178482,0.819441556930542,0.5323686003684998,0,0.023354999721050262,0.24012799561023712,-0.0703829973936081,1
B14,mixamorig_LeftHandIndex4,13,1,0,0,0,0,1,0,0,0,0,1,0,-0.033365000039339066,0.06550800055265427,0.08354900032281876,1
B15,mixamorig_RightShoulder,3,0.1263040155172348,-0.023239394649863243,0.9917191863059998,0,-0.9461479783058167,-0.30322614312171936,0.11339423805475235,0,0.2980802059173584,-0.9526351094245911,-0.06028631329536438,0,-0.48057499527931213,0.5398439764976501,0.002065999899059534,1
B16,mixamorig_RightArm,15,0.9969531297683716,0.06956786662340164,-0.035207320004701614,0,0.005579834803938866,0.38673707842826843,0.9221705198287964,0,0.07777080684900284,-0.9195622801780701,0.38517138361930847,0,0,0.9808329939842224,0,1
B17,mixamorig_RightForeArm,16,0.9880021810531616,-0.15440194308757782,0.0008722926140762866,0,0.15440437197685242,0.9879903197288513,-0.004809819161891937,0,-0.00011827427806565538,0.004887118469923735,0.9999881386756897,0,0,0.6650000214576721,0,1
B18,mixamorig_RightHand,17,-0.3895859718322754,-0.18214604258537292,-0.9027978777885437,0,0.15894785523414612,0.9522400498390198,-0.2607121765613556,0,0.9071702361106873,-0.24506762623786926,-0.3420267105102539,0,0,0.8764730095863342,0,1
B19,mixamorig_RightHandIndex1,18,-0.520920991897583,-0.77223801612854,0.3637169897556305,0,-0.8466439843177795,0.41311898827552795,-0.3354499936103821,0,0.10878799855709076,-0.4826819896697998,-0.8690130114555359,0,0,0.07839500159025192,0,1
B20,mixamorig_RightHandIndex2,19,0.03468356654047966,-0.8216909766197205,-0.5688769817352295,0,0.7657579779624939,-0.3439190089702606,0.5434470176696777,0,-0.6421930193901062,-0.4544700086116791,0.6172879934310913,0,0,0.275738000869751,0,1
B21,mixamorig_RightHandIndex3,20,0.9597449898719788,-0.2751424312591553,0.05643799901008606,0,0.14612899720668793,0.660742998123169,0.7362504005432129,0,-0.2398650050163269,-0.6983659863471985,0.6743515729904175,0,-0.13106699287891388,0.2971459925174713,-0.11203300207853317,1
B22,mixamorig_RightHandIndex4,21,1,0,0,0,0,1,0,0,0,0,1,0,0.08535800129175186,0.12809400260448456,-0.06155899912118912,1
B23,mixamorig_LeftUpLeg,0,-0.9930918216705322,0.023892395198345184,0.11487232148647308,0,-0.020338449627161026,-0.9992774128913879,0.032021813094615936,0,0.11555221676826477,0.029464075341820717,0.992862343788147,0,0.45702099800109863,-0.22776900231838226,0.06938000023365021,1
B24,mixamorig_LeftLeg,23,0.9908986687660217,-0.016611291095614433,-0.1335812658071518,0,-0.01864178478717804,0.965857207775116,-0.2583978474140167,0,0.13331235945224762,0.2585363984107971,0.9567562341690063,0,0,1.7867109775543213,0,1
B25,mixamorig_LeftFoot,24,0.7005124092102051,0.08275602757930756,-0.708825409412384,0,0.4330615997314453,0.7401694059371948,0.5143982768058777,0,0.5672205686569214,-0.6673077344894409,0.48265978693962097,0,0,1.655758023262024,0,1
B26,mixamorig_LeftToeBase,25,0.9995306730270386,0.026157235726714134,-0.015939462929964066,0,-0.0026272106915712357,0.5916638374328613,0.8061801791191101,0,0.03051811270415783,-0.8057599067687988,0.5914552807807922,0,0,0.28195300698280334,0,1
B27,mixamorig_LeftToe_End,26,1,0,0,0,0,1,0,0,0,0,1,0,0,0.1600160002708435,0,1
B28,mixamorig_RightUpLeg,0,-0.953639566898346,0.11265614628791809,-0.2790672779083252,0,-0.11885528266429901,-0.9928962588310242,0.0053366972133517265,0,-0.2764834761619568,0.03825796768069267,0.9602568745613098,0,-0.45702099800109863,-0.22776900231838226,0.07642599940299988,1
B29,mixamorig_RightLeg,28,0.9994699954986572,-0.013971874490380287,0.02938164211809635,0,0.02054588310420513,0.9713003635406494,-0.2369604855775833,0,-0.025226907804608345,0.2374390810728073,0.971072793006897,0,0,1.7867259979248047,0,1
B30,mixamorig_RightFoot,29,0.8224366307258606,0.023588331416249275,0.5683671832084656,0,-0.45420530438423157,0.6287673115730286,0.6311475038528442,0,-0.342483252286911,-0.7772344946861267,0.5278350114822388,0,0,1.6565749645233154,0,1
B31,mixamorig_RightToeBase,30,0.9711584448814392,-0.020175235345959663,0.23757995665073395,0,-0.16457556188106537,0.6642738580703735,0.7291471362113953,0,-0.17252866923809052,-0.747216522693634,0.6417951583862305,0,0,0.3066459894180298,0,1
B32,mixamorig_RightToe_End,31,1,0,0,0,0,1,0,0,0,0,1,0,0,0.16165600717067719,0,1
@28,0,1,2,3,4,5,7,8,9,10,11,12,13,15,16,17,18,19,20,21,23,24,25,26,28,29,30,31
K0.000,0.9993389844894409,0.021398000419139862,-0.029400000348687172,0,-0.02392200008034706,0.9958009719848633,-0.08835999667644501,0,0.02738500013947487,0.08900400251150131,0.9956550002098083,0,-0.022414999082684517,3.866295099258423,-0.08282099664211273,1,0.9967780113220215,-0.06997100263834,0.0392099991440773,0,0.06412599980831146,0.988847017288208,0.13442599773406982,0,-0.04817799851298332,-0.13147899508476257,0.9901480078697205,0,0,0.40995100140571594,0.013144000433385372,1,0.9998949766159058,0.005597999785095453,0.013369999825954437,0,-0.006624000146985054,0.9969289898872375,0.07802800089120865,0,-0.012892999686300755,-0.0781090036034584,0.9968609809875488,0,0,0.47852200269699097,0,1,0.9998679757118225,0.00607800018042326,0.015042000450193882,0,-0.00636299978941679,0.9997990131378174,0.019001999869942665,0,-0.014924000017344952,-0.019094999879598618,0.999705970287323,0,0,0.5468819737434387,0,1,0.9979329705238342,0.055814001709222794,-0.03183700144290924,0,-0.05936900153756142,0.9904289841651917,-0.12459900230169296,0,0.024577999487519264,0.12623199820518494,0.9916960000991821,0,0,0.6152420043945312,0,1,0.9994310140609741,-0.019223999232053757,0.027698000892996788,0,0.017640000209212303,0.9982569813728333,0.05631899833679199,0,-0.028731999918818474,-0.0557980015873909,0.9980289936065674,0,0,0.3500170111656189,0.05762200057506561,1,0.06508500128984451,0.012347999960184097,-0.9978029727935791,0,0.9757369756698608,-0.21026499569416046,0.06104400008916855,0,-0.20904900133609772,-0.9775670170783997,-0.02573399990797043,0,0.48057499527931213,0.5398669838905334,0.002767999889329076,1,0.9502279758453369,0.280335009098053,-0.13594099879264832,0,0.02376200072467327,0.36984699964523315,0.9287890195846558,0,0.31064900755882263,-0.885791003704071,0.34477800130844116,0,0,0.9808329939842224,0,1,0.9459879994392395,0.32420098781585693,-0.0010930000571534038,0,-0.32419100403785706,0.9459220170974731,-0.011475999839603901,0,-0.002686999971047044,0.011210000142455101,0.9999340176582336,0,0,0.6651279926300049,0,1,0.909171998500824,-0.08587100356817245,0.4074710011482239,0,0.09619700163602829,0.9953500032424927,-0.0048779998905956745,0,-0.4051569998264313,0.04363299906253815,0.9132050275802612,0,0,0.8764979839324951,0,1,0.9983569979667664,-0.05730099976062775,-0.00017299999308306724,0,0.0557980015873909,0.971472978591919,0.23049399256706238,0,-0.0130390003323555,-0.23012499511241913,0.9730740189552307,0,0,0.28557300567626953,0,1,0.996628999710083,0.07695800065994263,0.028418000787496567,0,-0.08156300336122513,0.8923320174217224,0.44394999742507935,0,0.008808000013232231,-0.44477200508117676,0.8956009745597839,0,0,0.20546099543571472,0,1,0.903885006904602,-0.379628986120224,0.19716200232505798,0,0.37174299359321594,0.46904000639915466,-0.8011299967765808,0,0.21165600419044495,0.7974230051040649,0.5650830268859863,0,0.023354999721050262,0.24012799561023712,-0.0703829973936081,1,0.12945300340652466,-0.00026699999580159783,0.9915860295295715,0,-0.9335929751396179,-0.3370020091533661,0.12179099768400192,0,0.3341340124607086,-0.9415040016174316,-0.04387500137090683,0,-0.48057499527931213,0.5398439764976501,0.002065999899059534,1,0.9992070198059082,0.039778001606464386,0.0019150000298395753,0,-0.019262999296188354,0.4406830072402954,0.8974559903144836,0,0.03485500067472458,-0.8967810273170471,0.44109898805618286,0,0,0.9808329939842224,0,1,0.9741420149803162,-0.2259339988231659,0.0013040000339969993,0,0.22593699395656586,0.9741160273551941,-0.007038999814540148,0,0.00031999999191612005,0.007151999976485968,0.9999740123748779,0,0,0.6650000214576721,0,1,-0.3989590108394623,-0.25432100892066956,-0.880994975566864,0,0.0660490021109581,0.9503030180931091,-0.3042379915714264,0,0.9145870208740234,-0.17956699430942535,-0.3623340129852295,0,0,0.8764730095863342,0,1,-0.520920991897583,-0.77223801612854,0.3637169897556305,0,-0.8466439843177795,0.41311898827552795,-0.3354499936103821,0,0.10878799855709076,-0.4826819896697998,-0.8690130114555359,0,0,0.07839500159025192,0,1,0.034683000296354294,-0.8216909766197205,-0.5688769817352295,0,0.7657579779624939,-0.3439190089702606,0.5434470176696777,0,-0.6421930193901062,-0.4544700086116791,0.6172879934310913,0,0,0.275738000869751,0,1,0.9597460031509399,-0.27514201402664185,0.05643799901008606,0,0.14612899720668793,0.660742998123169,0.7362509965896606,0,-0.2398650050163269,-0.6983659863471985,0.6743519902229309,0,-0.13106699287891388,0.2971459925174713,-0.11203300207853317,1,-0.9942309856414795,0.011095999740064144,0.10668399930000305,0,-0.013819999992847443,-0.9995959997177124,-0.024829000234603882,0,0.10636600106954575,-0.026159999892115593,0.9939829707145691,0,0.45702099800109863,-0.22776900231838226,0.06938000023365021,1,0.9990710020065308,-0.00864499993622303,-0.04222400113940239,0,0.0013099999632686377,0.9853159785270691,-0.1707340031862259,0,0.04307999834418297,0.17051999270915985,0.9844120144844055,0,0,1.7867109775543213,0,1,0.7066310048103333,0.08140499889850616,-0.7028840184211731,0,0.43514299392700195,0.7333199977874756,0.5223919749259949,0,0.557964026927948,-0.6749929785728455,0.48276400566101074,0,0,1.655758023262024,0,1,0.9997869729995728,0.01809599995613098,-0.009886999614536762,0,-0.002945000072941184,0.5998550057411194,0.8001030087471008,0,0.020409999415278435,-0.7999039888381958,0.5997809767723083,0,0,0.28195300698280334,0,1,-0.9552630186080933,0.10804600268602371,-0.27531498670578003,0,-0.11870300024747849,-0.992680013179779,0.022290999069809914,0,-0.270891010761261,0.05397399887442589,0.9610959887504578,0,-0.45702099800109863,-0.22776900231838226,0.07642599940299988,1,0.993681013584137,0.011776000261306763,0.11162000149488449,0,0.014653000049293041,0.972357988357544,-0.23303599655628204,0,-0.11127900332212448,0.23319900035858154,0.9660410284996033,0,0,1.7867259979248047,0,1,0.8245819807052612,0.005404999945312738,0.5657169818878174,0,-0.4440380036830902,0.6258080005645752,0.6412439942359924,0,-0.35056400299072266,-0.7799580097198486,0.5184299945831299,0,0,1.6565749645233154,0,1,0.9709830284118652,-0.021164000034332275,0.2382110059261322,0,-0.1646209955215454,0.6633719801902771,0.7299569845199585,0,-0.17347200214862823,-0.7479900121688843,0.6406390070915222,0,0,0.3066459894180298,0,1
K0.033,0.9993749856948853,0.01951098069548607,-0.02948099933564663,0,-0.022034982219338417,0.9958890080451965,-0.08785699307918549,0,0.027646001428365707,0.08845198899507523,0.995697021484375,0,-0.022342002019286156,3.8664610385894775,-0.08188499510288239,1,0.9969369769096375,-0.06751096993684769,0.03948100283741951,0,0.061667975038290024,0.9890530109405518,0.13405999541282654,0,-0.04809900000691414,-0.1312139928340912,0.9901859760284424,0,0,0.40995100140571594,0.013144000433385372,1,0.9998970031738281,0.005174995865672827,0.013350999914109707,0,-0.00620099576190114,0.9969310164451599,0.07803399860858917,0,-0.012906000018119812,-0.0781090036034584,0.9968609809875488,0,0,0.47852200269699097,0,1,0.999871015548706,0.005655996035784483,0.01504800096154213,0,-0.005940995644778013,0.9998019933700562,0.019007999449968338,0,-0.014937001280486584,-0.019094999879598618,0.999705970287323,0,0,0.5468819737434387,0,1,0.9979329705238342,0.055814001709222794,-0.03183700144290924,0,-0.05936900153756142,0.9904289841651917,-0.12459900230169296,0,0.024577999487519264,0.12623199820518494,0.9916960000991821,0,0,0.6152420043945312,0,1,0.999422013759613,-0.019297003746032715,0.027970004826784134,0,0.017698002979159355,0.9982560276985168,0.056324996054172516,0,-0.029008004814386368,-0.055796995759010315,0.9980210065841675,0,0,0.3500170111656189,0.05762200057506561,1,0.06543800234794617,0.011560991406440735,-0.9977899789810181,0,0.9758139848709106,-0.20975199341773987,0.061566002666950226,0,-0.2085759937763214,-0.9776859879493713,-0.025006992742419243,0,0.48057499527931213,0.5398669838905334,0.002767999889329076,1,0.9501960277557373,0.2808389961719513,-0.13511599600315094,0,0.023149995133280754,0.3687460124492645,0.9292420148849487,0,0.3107909858226776,-0.8860899806022644,0.3438799977302551,0,0,0.9808329939842224,0,1,0.9473009705543518,0.3203429579734802,-0.0010459995828568935,0,-0.32033395767211914,0.9472370147705078,-0.01133899949491024,0,-0.0026409996207803488,0.01107699889689684,0.99993497133255,0,0,0.6651279926300049,0,1,0.909958004951477,-0.08235696703195572,0.40643998980522156,0,0.09262396395206451,0.9956849813461304,-0.005615006200969219,0,-0.4042240083217621,0.04275599122047424,0.9136599898338318,0,0,0.8764979839324951,0,1,0.9983559846878052,-0.05731299892067909,-0.00017600001592654735,0,0.05580800026655197,0.9714319705963135,0.230662003159523,0,-0.013048999942839146,-0.23029300570487976,0.9730340242385864,0,0,0.28557300567626953,0,1,0.9966300129890442,0.07694099843502045,0.02843100018799305,0,-0.08155199885368347,0.8922560214996338,0.44410499930381775,0,0.008802000433206558,-0.44492700695991516,0.8955240249633789,0,0,0.20546099543571472,0,1,0.9038779735565186,-0.37967199087142944,0.1971140056848526,0,0.37176400423049927,0.46917399764060974,-0.8010420203208923,0,0.2116519957780838,0.797324001789093,0.5652239918708801,0,0.023354999721050262,0.24012799561023712,-0.0703829973936081,1,0.12954799830913544,0.0006650094292126596,0.9915729761123657,0,-0.9338399767875671,-0.33615899085998535,0.12223100662231445,0,0.3334070146083832,-0.9418050050735474,-0.04292799159884453,0,-0.48057499527931213,0.5398439764976501,0.002065999899059534,1,0.9992240071296692,0.039330996572971344,0.002110009314492345,0,-0.019212007522583008,0.4399220049381256,0.8978300094604492,0,0.03438399359583855,-0.8971740007400513,0.44033700227737427,0,0,0.9808329939842224,0,1,0.9740080237388611,-0.22651001811027527,0.0013080000644549727,0,0.22651401162147522,0.9739819765090942,-0.007057000417262316,0,0.0003240001678932458,0.007169000804424286,0.9999740123748779,0,0,0.6650000214576721,0,1,-0.40062204003334045,-0.253589004278183,-0.8804510235786438,0,0.06527398526668549,0.9505950212478638,-0.3034929931163788,0,0.9139149785041809,-0.17905698716640472,-0.3642760217189789,0,0,0.8764730095863342,0,1,-0.520920991897583,-0.77223801612854,0.3637169897556305,0,-0.8466439843177795,0.41311898827552795,-0.3354499936103821,0,0.10878799855709076,-0.4826819896697998,-0.8690130114555359,0,0,0.07839500159025192,0,1,0.03468399867415428,-0.8216909766197205,-0.5688769817352295,0,0.7657579779624939,-0.3439190089702606,0.5434470176696777,0,-0.6421930193901062,-0.45447099208831787,0.6172879934310913,0,0,0.275738000869751,0,1,0.9597449898719788,-0.27514299750328064,0.05643799901008606,0,0.14612899720668793,0.660742998123169,0.7362509965896606,0,-0.2398650050163269,-0.6983659863471985,0.6743509769439697,0,-0.13106699287891388,0.2971459925174713,-0.11203300207853317,1,-0.9942970275878906,0.009141979739069939,0.10625799000263214,0,-0.011556975543498993,-0.9996880292892456,-0.02213297039270401,0,0.10602299869060516,-0.02323496714234352,0.9940919876098633,0,0.45702099800109863,-0.22776900231838226,0.06938000023365021,1,0.9990879893302917,-0.008786004036664963,-0.04179299995303154,0,0.0013110016006976366,0.9844560027122498,-0.1756250411272049,0,0.04268699884414673,0.17541004717350006,0.9835699796676636,0,0,1.7867109775543213,0,1,0.7064880132675171,0.0833270251750946,-0.7028020024299622,0,0.4353019893169403,0.7318239808082581,0.52435302734375,0,0.5580199956893921,-0.6763799786567688,0.48075297474861145,0,0,1.655758023262024,0,1,0.9997869729995728,0.01809599995613098,-0.009886999614536762,0,-0.002945000072941184,0.5998560190200806,0.8001030087471008,0,0.020409999415278435,-0.7999039888381958,0.5997809767723083,0,0,0.28195300698280334,0,1,-0.955489993095398,0.10618797689676285,-0.27525201439857483,0,-0.11650297045707703,-0.9929609894752502,0.021348994225263596,0,-0.2710469961166382,0.0524669885635376,0.9611350297927856,0,-0.45702099800109863,-0.22776900231838226,0.07642599940299988,1,0.9937270283699036,0.011563998647034168,0.1112309992313385,0,0.014426997862756252,0.9730709791183472,-0.23005296289920807,0,-0.11089599877595901,0.23021496832370758,0.9667999744415283,0,0,1.7867259979248047,0,1,0.8244799971580505,0.0061730025336146355,0.565858006477356,0,-0.44411298632621765,0.6267679929733276,0.640254020690918,0,-0.3507089912891388,-0.7791810035705566,0.5194990038871765,0,0,1.6565749645233154,0,1,0.9709830284118652,-0.021164000034332275,0.2382110059261322,0,-0.1646209955215454,0.6633719801902771,0.7299569845199585,0,-0.17347200214862823,-0.7479900121688843,0.6406390070915222,0,0,0.3066459894180298,0,1
K0.067,0.9994080066680908,0.017606018111109734,-0.029558999463915825,0,-0.02012001909315586,0.9960049986839294,-0.08700400590896606,0,0.027908997610211372,0.08754700422286987,0.9957690238952637,0,-0.022598998621106148,3.866658926010132,-0.0809750109910965,1,0.9971110224723816,-0.0647200271487236,0.03975899517536163,0,0.05889502540230751,0.9893119931221008,0.13339300453662872,0,-0.047968000173568726,-0.13066600263118744,0.9902650117874146,0,0,0.40995100140571594,0.013144000433385372,1,0.9998999834060669,0.004736004397273064,0.01333099976181984,0,-0.005763004068285227,0.9969339966773987,0.0780399963259697,0,-0.012919999659061432,-0.0781090036034584,0.9968609809875488,0,0,0.47852200269699097,0,1,0.9998720288276672,0.005219004116952419,0.015133999288082123,0,-0.005507003981620073,0.9998040199279785,0.019014999270439148,0,-0.015031998977065086,-0.019094999879598618,0.9997050166130066,0,0,0.5468819737434387,0,1,0.9979360103607178,0.05575599893927574,-0.03184499964118004,0,-0.05931999906897545,0.9904000163078308,-0.12485600262880325,0,0.024577999487519264,0.12648700177669525,0.9916639924049377,0,0,0.6152420043945312,0,1,0.9994009733200073,-0.019623996689915657,0.028508994728326797,0,0.018004996702075005,0.9982690215110779,0.05599500238895416,0,-0.02955799363553524,-0.055448003113269806,0.9980239868164062,0,0,0.3500170111656189,0.05762200057506561,1,0.06574200093746185,0.010715008713304996,-0.9977790117263794,0,0.9758970141410828,-0.2092210054397583,0.06205299496650696,0,-0.20809200406074524,-0.9778100252151489,-0.024211008101701736,0,0.48057499527931213,0.5398669838905334,0.002767999889329076,1,0.9500129818916321,0.28174200654029846,-0.13452200591564178,0,0.02260800637304783,0.3676599860191345,0.9296860098838806,0,0.3113900125026703,-0.8862550258636475,0.3429119884967804,0,0,0.9808329939842224,0,1,0.9485980272293091,0.3164830207824707,-0.0010000005131587386,0,-0.3164740204811096,0.9485350251197815,-0.011202001012861729,0,-0.0025970004498958588,0.010943001136183739,0.9999369978904724,0,0,0.6651279926300049,0,1,0.9106019735336304,-0.0790170282125473,0.4056600034236908,0,0.08918903768062592,0.9959949851036072,-0.006199994590133429,0,-0.403546005487442,0.04182600602507591,0.9140030145645142,0,0,0.8764979839324951,0,1,0.9983559846878052,-0.05732300132513046,-0.0001779999874997884,0,0.05581599846482277,0.9713979959487915,0.23080499470233917,0,-0.013057000003755093,-0.23043499886989594,0.9729999899864197,0,0,0.28557300567626953,0,1,0.9966310262680054,0.07692699879407883,0.02844199910759926,0,-0.08154299855232239,0.8921909928321838,0.44423601031303406,0,0.008798000402748585,-0.44505900144577026,0.8954579830169678,0,0,0.20546099543571472,0,1,0.903872013092041,-0.3797079920768738,0.19707399606704712,0,0.37178099155426025,0.4692879915237427,-0.8009669780731201,0,0.21164900064468384,0.7972390055656433,0.565343976020813,0,0.023354999721050262,0.24012799561023712,-0.0703829973936081,1,0.12982699275016785,0.0016089905984699726,0.9915350079536438,0,-0.9340260028839111,-0.3354179859161377,0.1228409931063652,0,0.3327760100364685,-0.9420679807662964,-0.04204300791025162,0,-0.48057499527931213,0.5398439764976501,0.002065999899059534,1,0.9992349743843079,0.03897800296545029,0.003041990799829364,0,-0.01986699365079403,0.43921801447868347,0.898160994052887,0,0.0336730070412159,-0.8975350260734558,0.43965598940849304,0,0,0.9808329939842224,0,1,0.9734910130500793,-0.22871898114681244,0.0013239998370409012,0,0.22872298955917358,0.9734650254249573,-0.007125999312847853,0,0.0003409998316783458,0.0072389994747936726,0.9999740123748779,0,0,0.6650000214576721,0,1,-0.4025779664516449,-0.25346601009368896,-0.8795940279960632,0,0.0635560154914856,0.950842022895813,-0.30308499932289124,0,0.9131770133972168,-0.17791901528835297,-0.3666779696941376,0,0,0.8764730095863342,0,1,-0.520920991897583,-0.77223801612854,0.3637169897556305,0,-0.8466439843177795,0.41311898827552795,-0.3354499936103821,0,0.10878799855709076,-0.4826819896697998,-0.8690130114555359,0,0,0.07839500159025192,0,1,0.034683000296354294,-0.8216909766197205,-0.5688769817352295,0,0.7657579779624939,-0.3439190089702606,0.5434470176696777,0,-0.6421930193901062,-0.4544700086116791,0.6172879934310913,0,0,0.275738000869751,0,1,0.9597449898719788,-0.27514299750328064,0.05643799901008606,0,0.14612899720668793,0.660742998123169,0.7362509965896606,0,-0.2398650050163269,-0.6983659863471985,0.6743509769439697,0,-0.13106699287891388,0.2971459925174713,-0.11203300207853317,1,-0.994359016418457,0.007078020367771387,0.10582800954580307,0,-0.009148024022579193,-0.9997760057449341,-0.01908602938055992,0,0.10566899925470352,-0.019946033135056496,0.9942010045051575,0,0.45702099800109863,-0.22776900231838226,0.06938000023365021,1,0.9990919828414917,-0.009130996651947498,-0.04161899909377098,0,0.0014729984104633331,0.9835839867591858,-0.1804429590702057,0,0.042583998292684555,0.1802179515361786,0.9827039837837219,0,0,1.7867109775543213,0,1,0.7063419818878174,0.0852319747209549,-0.7027209997177124,0,0.4354180097579956,0.7303910255432129,0.5262500047683716,0,0.5581150054931641,-0.6776900291442871,0.47879403829574585,0,0,1.655758023262024,0,1,0.9997869729995728,0.01809599995613098,-0.009886999614536762,0,-0.002945000072941184,0.5998560190200806,0.8001030087471008,0,0.020409999415278435,-0.7999039888381958,0.5997809767723083,0,0,0.28195300698280334,0,1,-0.955784022808075,0.10370302200317383,-0.275177001953125,0,-0.11377602815628052,-0.993287980556488,0.02085200510919094,0,-0.27116701006889343,0.051238011568784714,0.9611669778823853,0,-0.45702099800109863,-0.22776900231838226,0.07642599940299988,1,0.9937649965286255,0.011444000527262688,0.11090900003910065,0,0.014195001684129238,0.9736400246620178,-0.22765003144741058,0,-0.11059100180864334,0.227805033326149,0.9674059748649597,0,0,1.7867259979248047,0,1,0.8244209885597229,0.006398997735232115,0.5659409761428833,0,-0.44390299916267395,0.6276360154151917,0.6395490169525146,0,-0.3511120080947876,-0.7784810066223145,0.5202770233154297,0,0,1.6565749645233154,0,1,0.9709830284118652,-0.021164000034332275,0.2382110059261322,0,-0.1646209955215454,0.6633719801902771,0.7299569845199585,0,-0.17347200214862823,-0.7479900121688843,0.6406390070915222,0,0,0.3066459894180298,0,1
K0.100,0.9994379878044128,0.01568000018596649,-0.029642999172210693,0,-0.01818699948489666,0.9961040019989014,-0.0862869992852211,0,0.028175000101327896,0.08677700161933899,0.9958289861679077,0,-0.0232900008559227,3.866797924041748,-0.07994899898767471,1,0.9972739815711975,-0.06201700121164322,0.03997499868273735,0,0.05621099844574928,0.9895409941673279,0.13284799456596375,0,-0.04779599979519844,-0.13023899495601654,0.9903299808502197,0,0,0.40995100140571594,0.013144000433385372,1,0.9999009966850281,0.004279999993741512,0.013384000398218632,0,-0.005311999935656786,0.996936023235321,0.07804600149393082,0,-0.01300899963825941,-0.0781090036034584,0.9968600273132324,0,0,0.47852200269699097,0,1,0.9998729825019836,0.004767999984323978,0.015223000198602676,0,-0.0050570000894367695,0.9998059868812561,0.01902100071310997,0,-0.015128999948501587,-0.019096000120043755,0.9997029900550842,0,0,0.5468819737434387,0,1,0.9979400038719177,0.05568699911236763,-0.03186099976301193,0,-0.05926299840211868,0.9903519749641418,-0.12525999546051025,0,0.024577999487519264,0.12689000368118286,0.9916120171546936,0,0,0.6152420043945312,0,1,0.9993889927864075,-0.019812000915408134,0.02879600040614605,0,0.018199000507593155,0.9983069896697998,0.055240001529455185,0,-0.02984200045466423,-0.05468299984931946,0.998058021068573,0,0,0.3500170111656189,0.05762200057506561,1,0.06612499803304672,0.009909999556839466,-0.9977620244026184,0,0.9759759902954102,-0.20868800580501556,0.06260800361633301,0,-0.20760099589824677,-0.9779319763183594,-0.02347099967300892,0,0.48057499527931213,0.5398669838905334,0.002767999889329076,1,0.9498180150985718,0.2821890115737915,-0.13496600091457367,0,0.023143000900745392,0.3668929934501648,0.9299749732017517,0,0.31194600462913513,-0.886430025100708,0.34195101261138916,0,0,0.9808329939842224,0,1,0.9492059946060181,0.31465500593185425,-0.0009790000040084124,0,-0.31464600563049316,0.9491440057754517,-0.011137999594211578,0,-0.0025760000571608543,0.010881000198423862,0.9999369978904724,0,0,0.6651279926300049,0,1,0.9111089706420898,-0.07681500166654587,0.4049440026283264,0,0.087008997797966,0.9961839914321899,-0.006798999849706888,0,-0.40287598967552185,0.04142799973487854,0.9143159985542297,0,0,0.8764979839324951,0,1,0.998354971408844,-0.05733099952340126,-0.00018000000272877514,0,0.05582299828529358,0.9713680148124695,0.23092900216579437,0,-0.01306500006467104,-0.23055900633335114,0.9729710221290588,0,0,0.28557300567626953,0,1,0.9966319799423218,0.0769139975309372,0.02845199964940548,0,-0.08153499662876129,0.8921350240707397,0.444350004196167,0,0.008794000372290611,-0.4451729953289032,0.8954010009765625,0,0,0.20546099543571472,0,1,0.9038659930229187,-0.379738986492157,0.19703899323940277,0,0.37179499864578247,0.4693869948387146,-0.8009020090103149,0,0.21164600551128387,0.7971659898757935,0.565447986125946,0,0.023354999721050262,0.24012799561023712,-0.0703829973936081,1,0.13020700216293335,0.002471999963745475,0.9914839863777161,0,-0.9341750144958496,-0.33475399017333984,0.12351500242948532,0,0.3322089910507202,-0.9423019886016846,-0.04127800092101097,0,-0.48057499527931213,0.5398439764976501,0.002065999899059534,1,0.9992550015449524,0.03843899816274643,0.0034179999493062496,0,-0.019940000027418137,0.4384779930114746,0.8985199928283691,0,0.03303999826312065,-0.8979189991950989,0.43891799449920654,0,0,0.9808329939842224,0,1,0.9731820225715637,-0.2300339937210083,0.0013340000296011567,0,0.23003800213336945,0.9731550216674805,-0.007166000083088875,0,0.00035099999513477087,0.007280999794602394,0.9999729990959167,0,0,0.6650000214576721,0,1,-0.4048120081424713,-0.25318199396133423,-0.8786500096321106,0,0.062217000871896744,0.9510499835014343,-0.3027079999446869,0,0.9122809767723083,-0.17720699310302734,-0.3692440092563629,0,0,0.8764730095863342,0,1,-0.520920991897583,-0.77223801612854,0.3637169897556305,0,-0.8466439843177795,0.41311898827552795,-0.3354499936103821,0,0.10878799855709076,-0.4826819896697998,-0.8690130114555359,0,0,0.07839500159025192,0,1,0.03468399867415428,-0.8216909766197205,-0.5688769817352295,0,0.7657579779624939,-0.3439190089702606,0.5434470176696777,0,-0.6421930193901062,-0.45447099208831787,0.6172879934310913,0,0,0.275738000869751,0,1,0.9597449898719788,-0.27514201402664185,0.05643799901008606,0,0.14612799882888794,0.660742998123169,0.7362509965896606,0,-0.2398650050163269,-0.6983659863471985,0.6743509769439697,0,-0.13106699287891388,0.2971459925174713,-0.11203300207853317,1,-0.9944180250167847,0.004879999905824661,0.10539499670267105,0,-0.006577999796718359,-0.9998540282249451,-0.01577099971473217,0,0.10530299693346024,-0.01637599989771843,0.9943050146102905,0,0.45702099800109863,-0.22776900231838226,0.06938000023365021,1,0.9991090297698975,-0.009379999712109566,-0.041143998503685,0,0.0015559999737888575,0.9825109839439392,-0.18619999289512634,0,0.042169999331235886,0.1859699934720993,0.9816499948501587,0,0,1.7867109775543213,0,1,0.7062230110168457,0.08718200027942657,-0.7026010155677795,0,0.43611499667167664,0.7281889915466309,0.5287200212478638,0,0.5577210187911987,-0.6798089742660522,0.4762429893016815,0,0,1.655758023262024,0,1,0.9997900128364563,0.017994999885559082,-0.009809999726712704,0,-0.002948000095784664,0.5999590158462524,0.800025999546051,0,0.020282000303268433,-0.7998290061950684,0.5998860001564026,0,0,0.28195300698280334,0,1,-0.9560850262641907,0.10125800222158432,-0.2750430107116699,0,-0.11110199987888336,-0.993598997592926,0.02040800079703331,0,-0.2712160050868988,0.05006999894976616,0.9612150192260742,0,-0.45702099800109863,-0.22776900231838226,0.07642599940299988,1,0.9938330054283142,0.01116000022739172,0.11032799631357193,0,0.014082999899983406,0.9741640090942383,-0.22540299594402313,0,-0.10999300330877304,0.22556599974632263,0.9679989814758301,0,0,1.7867259979248047,0,1,0.8243470191955566,0.006688999943435192,0.5660449862480164,0,-0.4437820017337799,0.6284160017967224,0.6388670206069946,0,-0.3514379858970642,-0.777849018573761,0.5210019946098328,0,0,1.6565749645233154,0,1,0.9709830284118652,-0.021164000034332275,0.2382110059261322,0,-0.1646209955215454,0.6633719801902771,0.7299569845199585,0,-0.17347200214862823,-0.7479900121688843,0.6406390070915222,0,0,0.3066459894180298,0,1
K0.133,0.9994639754295349,0.01373698003590107,-0.029729999601840973,0,-0.016234979033470154,0.9962069988250732,-0.08548799157142639,0,0.028443001210689545,0.08592399209737778,0.9958959817886353,0,-0.024322012439370155,3.866852045059204,-0.0790099948644638,1,0.9974390268325806,-0.05916297063231468,0.04020100459456444,0,0.05337696895003319,0.9897729754447937,0.13228799402713776,0,-0.04761699587106705,-0.12980400025844574,0.9903960227966309,0,0,0.40995100140571594,0.013144000433385372,1,0.9999020099639893,0.003808995010331273,0.013439000584185123,0,-0.004846995230764151,0.9969379901885986,0.07805100083351135,0,-0.013101001270115376,-0.0781090036034584,0.9968590140342712,0,0,0.47852200269699097,0,1,0.9998729825019836,0.004302995279431343,0.015315000899136066,0,-0.004593995399773121,0.9998080134391785,0.01902800053358078,0,-0.015230000950396061,-0.019096000120043755,0.999701976776123,0,0,0.5468819737434387,0,1,0.9979419708251953,0.05563800036907196,-0.031877998262643814,0,-0.059227000921964645,0.9903039932250977,-0.12565800547599792,0,0.024577999487519264,0.12728700041770935,0.9915609955787659,0,0,0.6152420043945312,0,1,0.9993789792060852,-0.019964002072811127,0.029019003733992577,0,0.01836700178682804,0.9983559846878052,0.05429399386048317,0,-0.030056003481149673,-0.05372699350118637,0.9981030225753784,0,0,0.3500170111656189,0.05762200057506561,1,0.06656500697135925,0.009063990786671638,-0.9977409839630127,0,0.9760550260543823,-0.2081339955329895,0.06322700530290604,0,-0.20709000527858734,-0.9780579805374146,-0.022700991481542587,0,0.48057499527931213,0.5398669838905334,0.002767999889329076,1,0.9497249722480774,0.28213000297546387,-0.1357409954071045,0,0.024179009720683098,0.3661699891090393,0.9302340149879456,0,0.3121510148048401,-0.8867480158805847,0.3409389853477478,0,0,0.9808329939842224,0,1,0.9495149850845337,0.3137199878692627,-0.0009679998038336635,0,-0.3137109875679016,0.9494540095329285,-0.011104999110102654,0,-0.0025649997405707836,0.010847998782992363,0.9999380111694336,0,0,0.6651279926300049,0,1,0.9116849899291992,-0.07506497949361801,0.4039739966392517,0,0.08529298007488251,0.9963290095329285,-0.0073540061712265015,0,-0.4019390046596527,0.04115999490022659,0.9147409796714783,0,0,0.8764979839324951,0,1,0.998354971408844,-0.05733900144696236,-0.00018200001795776188,0,0.05583000183105469,0.9713420271873474,0.2310349941253662,0,-0.01307000033557415,-0.23066499829292297,0.972944974899292,0,0,0.28557300567626953,0,1,0.9966319799423218,0.07690300047397614,0.028459999710321426,0,-0.08152800053358078,0.892087996006012,0.44444701075553894,0,0.008790000341832638,-0.44527000188827515,0.8953530192375183,0,0,0.20546099543571472,0,1,0.9038609862327576,-0.37976598739624023,0.19700899720191956,0,0.3718079924583435,0.4694719910621643,-0.8008459806442261,0,0.2116439938545227,0.797104001045227,0.5655369758605957,0,0.023354999721050262,0.24012799561023712,-0.0703829973936081,1,0.13064900040626526,0.0033850104082375765,0.9914230108261108,0,-0.9343029856681824,-0.3341220021247864,0.1242620050907135,0,0.33167698979377747,-0.9425240159034729,-0.04048999398946762,0,-0.48057499527931213,0.5398439764976501,0.002065999899059534,1,0.9992570281028748,0.03833499923348427,0.004108008462935686,0,-0.020485008135437965,0.43766599893569946,0.898904025554657,0,0.03266099467873573,-0.8983200192451477,0.43812501430511475,0,0,0.9808329939842224,0,1,0.9726409912109375,-0.23231102526187897,0.0013510002754628658,0,0.2323150336742401,0.9726139903068542,-0.007237000856548548,0,0.00036800021189264953,0.007353000808507204,0.9999729990959167,0,0,0.6650000214576721,0,1,-0.40678203105926514,-0.2532239854335785,-0.8777279853820801,0,0.0605049803853035,0.9512360095977783,-0.30247199535369873,0,0.9115189909934998,-0.1761469841003418,-0.37162402272224426,0,0,0.8764730095863342,0,1,-0.520920991897583,-0.77223801612854,0.3637169897556305,0,-0.8466439843177795,0.41311898827552795,-0.3354499936103821,0,0.10878799855709076,-0.4826819896697998,-0.8690130114555359,0,0,0.07839500159025192,0,1,0.03468399867415428,-0.8216909766197205,-0.5688769817352295,0,0.7657579779624939,-0.3439190089702606,0.5434470176696777,0,-0.6421930193901062,-0.4544700086116791,0.6172879934310913,0,0,0.275738000869751,0,1,0.9597449898719788,-0.27514299750328064,0.05643799901008606,0,0.14612899720668793,0.660742998123169,0.7362509965896606,0,-0.2398650050163269,-0.6983659863471985,0.6743509769439697,0,-0.13106699287891388,0.2971459925174713,-0.11203300207853317,1,-0.9944639801979065,0.0025459728203713894,0.10504599660634995,0,-0.003772968193516135,-0.9999269843101501,-0.011482956819236279,0,0.10500899702310562,-0.01181495375931263,0.9944009780883789,0,0.45702099800109863,-0.22776900231838226,0.06938000023365021,1,0.9991210103034973,-0.009736008010804653,-0.04078200086951256,0,0.0016520051285624504,0.9810550212860107,-0.19372107088565826,0,0.041895002126693726,0.19348406791687012,0.9802089929580688,0,0,1.7867109775543213,0,1,0.7060779929161072,0.09012403339147568,-0.7023749947547913,0,0.4363900125026703,0.7257649898529053,0.5318160653114319,0,0.5576890110969543,-0.682013988494873,0.47311797738075256,0,0,1.655758023262024,0,1,0.9997929930686951,0.01786799728870392,-0.00971399899572134,0,-0.002951999893411994,0.6000880002975464,0.7999290227890015,0,0.020121997222304344,-0.7997350096702576,0.6000170111656189,0,0,0.28195300698280334,0,1,-0.9565370082855225,0.09843797236680984,-0.2744959890842438,0,-0.10811197012662888,-0.993930995464325,0.02030099928379059,0,-0.27083200216293335,0.049094993621110916,0.9613739848136902,0,-0.45702099800109863,-0.22776900231838226,0.07642599940299988,1,0.9939529895782471,0.010343996807932854,0.1093209907412529,0,0.014455999247729778,0.9745609760284424,-0.22365398705005646,0,-0.10885399580001831,0.22388198971748352,0.9685180187225342,0,0,1.7867259979248047,0,1,0.8242499828338623,0.006933998316526413,0.5661829710006714,0,-0.44380900263786316,0.6288740038871765,0.6383969783782959,0,-0.3516309857368469,-0.7774760127067566,0.5214269757270813,0,0,1.6565749645233154,0,1,0.9709830284118652,-0.021164000034332275,0.2382110059261322,0,-0.1646209955215454,0.6633719801902771,0.7299569845199585,0,-0.17347200214862823,-0.7479900121688843,0.6406390070915222,0,0,0.3066459894180298,0,1
