2.400,30,72,33
B0,mixamorig_Hips,-1,0.5219064950942993,0.046765875071287155,0.851417601108551,0,-0.10945526510477066,0.9939026832580566,0.012608390301465988,0,-0.8456379771232605,-0.09980565309524536,0.523838460445404,0,0.04408889636397362,3.307220458984375,-0.05169660598039627,1
B1,mixamorig_Spine,0,0.9990525841712952,-0.02856632135808468,-0.032542772591114044,0,0.03508942946791649,0.974425196647644,0.22195300459861755,0,0.02537083625793457,-0.2228875756263733,0.9745052456855774,0,0,0.40995100140571594,0.013144000433385372,1
B2,mixamorig_Spine1,1,0.996342658996582,-0.061368200927972794,-0.058806467801332474,0,0.067242331802845,0.9923098683357239,0.10390201956033707,0,0.0519791878759861,-0.1074918806552887,0.9928082227706909,0,0,0.47852200269699097,0,1
B3,mixamorig_Spine2,2,0.996342658996582,-0.06134453043341637,-0.05883125588297844,0,0.055112436413764954,0.9932409524917603,-0.10214560478925705,0,0.06469964236021042,0.09852989763021469,0.9929894804954529,0,0,0.5468819737434387,0,1
B4,mixamorig_Neck,3,0.9655269980430603,0.01567859761416912,-0.2591944932937622,0,-0.005120797548443079,0.9991276860237122,0.04122363030910492,0,0.2596249580383301,-0.038409940898418427,0.9647793769836426,0,0,0.6152420043945312,0,1
B5,mixamorig_Head,4,0.8998323678970337,-0.17707742750644684,-0.3983718752861023,0,0.13001449406147003,0.9811233282089233,-0.14240530133247375,0,0.41617339849472046,0.07627229392528534,0.9060583114624023,0,0,0.3500170111656189,0.05762200057506561,1
B6,mixamorig_HeadTop_End,5,1,0,0,0,0,1,0,0,0,0,1,0,0,1.500493049621582,0.24702100455760956,1
B7,mixamorig_LeftShoulder,3,0.15439127385616302,-0.022323600947856903,-0.9876500964164734,0,0.9534606337547302,-0.2581520080566406,0.1548953503370285,0,-0.25847309827804565,-0.9658049941062927,-0.01845393143594265,0,0.48057499527931213,0.5398669838905334,0.002767999889329076,1
B8,mixamorig_LeftArm,7,0.9861194491386414,-0.0414079912006855,0.16057074069976807,0,-0.04775426536798477,0.8560603260993958,0.5144459009170532,0,-0.15867911279201508,-0.5149725079536438,0.8422712683677673,0,0,0.9808329939842224,0,1
B9,mixamorig_LeftForeArm,8,0.8073623776435852,0.5539730787277222,0.20184308290481567,0,-0.5733709931373596,0.8176959156990051,0.04916926473379135,0,-0.13799311220645905,-0.15525133907794952,0.978017270565033,0,0,0.6651279926300049,0,1
B10,mixamorig_LeftHand,9,0.9935417175292969,0.1045251339673996,-0.0432242751121521,0,-0.11133436113595963,0.9708369970321655,-0.21169441938400269,0,0.019717568531632423,0.21513637900352478,0.9762891530990601,0,0,0.8764979839324951,0,1
B11,mixamorig_LeftHandIndex1,10,0.9937118887901306,0.1093345433473587,0.024081066250801086,0,-0.11136707663536072,0.9869139790534973,0.11482167989015579,0,-0.011180855333805084,-0.11677851527929306,0.9928882122039795,0,0,0.28557300567626953,0,1
B12,mixamorig_LeftHandIndex2,11,0.99416583776474,0.10348904132843018,0.030329778790473938,0,-0.10575143992900848,0.8800815939903259,0.4624515473842621,0,0.021201923489570618,-0.46296048164367676,0.8858939409255981,0,0,0.20546099543571472,0,1
B13,mixamorig_LeftHandIndex3,12,0.9165450930595398,-0.3621351420879364,0.1695980280637741,0,0.3541622757911682,0.5379668474197388,-0.7647041082382202,0,0.18576444685459137,0.7609456181526184,0.6213322281837463,0,0.023354999721050262,0.24012799561023712,-0.0703829973936081,1
B14,mixamorig_LeftHandIndex4,13,1,0,0,0,0,1,0,0,0,0,1,0,-0.033365000039339066,0.06550800055265427,0.08354900032281876,1
B15,mixamorig_RightShoulder,3,0.22560887038707733,0.10468629002571106,0.9681518077850342,0,-0.9388253688812256,-0.2399885356426239,0.24488553404808044,0,0.25804996490478516,-0.9649003148078918,0.044689636677503586,0,-0.48057499527931213,0.5398439764976501,0.002065999899059534,1
B16,mixamorig_RightArm,15,0.8499230146408081,0.5089629292488098,0.13495902717113495,0,-0.49379876255989075,0.6841391324996948,0.5330918431282043,0,0.17989228665828705,-0.5192579030990601,0.8332696557044983,0,0,0.9808329939842224,0,1
B17,mixamorig_RightForeArm,16,0.5727383494377136,-0.7469303011894226,-0.3360750079154968,0,0.81296306848526,0.5699465870857239,0.11821401864290237,0,0.10369967669248581,-0.3408109247684479,0.9339064955711365,0,0,0.6650000214576721,0,1
B18,mixamorig_RightHand,17,-0.21902383863925934,0.024199647828936577,-0.9753822684288025,0,0.23193734884262085,0.9719130396842957,-0.028178013861179352,0,0.9473029971122742,-0.2323695421218872,-0.21860666573047638,0,0,0.8764730095863342,0,1
B19,mixamorig_RightHandIndex1,18,-0.8020390272140503,-0.5948252081871033,0.054005999118089676,0,-0.5965330004692078,0.793267011642456,-0.12196599692106247,0,0.02970699965953827,-0.13003799319267273,-0.9910640120506287,0,0,0.07839500159025192,0,1
B20,mixamorig_RightHandIndex2,19,0.11080621182918549,-0.9195629954338074,-0.3769949972629547,0,0.8192530274391174,-0.13022899627685547,0.5584489703178406,0,-0.562624990940094,-0.37073320150375366,0.7389249801635742,0,0,0.275738000869751,0,1
B21,mixamorig_RightHandIndex3,20,0.9955610036849976,-0.04630099982023239,0.08194799721240997,0,-0.0033199999015778303,0.8528217673301697,0.5221920013427734,0,-0.09406500309705734,-0.5201452374458313,0.8488820195198059,0,-0.13106699287891388,0.2971459925174713,-0.11203300207853317,1
B22,mixamorig_RightHandIndex4,21,1,0,0,0,0,1,0,0,0,0,1,0,0.08535800129175186,0.12809400260448456,-0.06155899912118912,1
B23,mixamorig_LeftUpLeg,0,-0.6261484026908875,-0.052984219044446945,0.7778372764587402,0,0.5776622891426086,-0.7014797329902649,0.41714489459991455,0,0.5236639380455017,0.7105477452278137,0.46980854868888855,0,0.45702099800109863,-0.22776900231838226,0.06938000023365021,1
B24,mixamorig_LeftLeg,23,0.9658178091049194,-0.08940105885267258,-0.24201856553554535,0,-0.10613419860601425,0.7177594900131226,-0.688017725944519,0,0.2353624701499939,0.6900860071182251,0.6839866638183594,0,0,1.7867109775543213,0,1
B25,mixamorig_LeftFoot,24,0.7023854851722717,-0.13781701028347015,-0.6982342600822449,0,0.6128740310668945,0.6156205534934998,0.49514490365982056,0,0.36159980297088623,-0.7757130265235901,0.5170108675956726,0,0,1.655758023262024,0,1
B26,mixamorig_LeftToeBase,25,0.9967825412750244,-0.05001699924468994,-0.06257909536361694,0,0.0801125168800354,0.6207346320152283,0.7799089550971985,0,-0.00016971163859125227,-0.7824188470840454,0.6227480173110962,0,0,0.28195300698280334,0,1
B27,mixamorig_LeftToe_End,26,1,0,0,0,0,1,0,0,0,0,1,0,0,0.1600160002708435,0,1
B28,mixamorig_RightUpLeg,0,-0.9107717871665955,0.3391990065574646,-0.2354174554347992,0,-0.41276875138282776,-0.7616643309593201,0.49942490458488464,0,-0.009931364096701145,0.5520488023757935,0.8337223529815674,0,-0.45702099800109863,-0.22776900231838226,0.07642599940299988,1
B29,mixamorig_RightLeg,28,0.9858735799789429,0.035092227160930634,0.16334626078605652,0,0.11450543999671936,0.5697973966598511,-0.8137606978416443,0,-0.12163028866052628,0.8209664225578308,0.5577341914176941,0,0,1.7867259979248047,0,1
B30,mixamorig_RightFoot,29,0.7526207566261292,-0.029764549806714058,0.6577168107032776,0,-0.6444643139839172,0.17028196156024933,0.7453053593635559,0,-0.13421152532100677,-0.984841525554657,0.10890313237905502,0,0,1.6565749645233154,0,1
B31,mixamorig_RightToeBase,30,0.9687420129776001,0.05240979045629501,0.24247078597545624,0,-0.2145167887210846,0.6678590178489685,0.7127040028572083,0,-0.12458399683237076,-0.7424399852752686,0.6582260131835938,0,0,0.3066459894180298,0,1
B32,mixamorig_RightToe_End,31,1,0,0,0,0,1,0,0,0,0,1,0,0,0.16165600717067719,0,1
@28,0,1,2,3,4,5,7,8,9,10,11,12,13,15,16,17,18,19,20,21,23,24,25,26,28,29,30,31
K0.000,0.6382330060005188,0.04298499971628189,0.768642008304596,0,-0.12857100367546082,0.9903690218925476,0.05137300118803978,0,-0.7590309977531433,-0.13161300122737885,0.6376129984855652,0,0.0502300001680851,3.27620005607605,-0.026959000155329704,1,0.9981840252876282,-0.027876999229192734,-0.053397998213768005,0,0.0389849990606308,0.9747480154037476,0.21987700462341309,0,0.0459199994802475,-0.22155900299549103,0.9740650057792664,0,0,0.40995100140571594,0.013144000433385372,1,0.9925029873847961,-0.06731300055980682,-0.10201799869537354,0,0.07743000239133835,0.9921010136604309,0.09869399666786194,0,0.09456899762153625,-0.10585399717092514,0.9898750185966492,0,0,0.47852200269699097,0,1,0.9925029873847961,-0.06727299839258194,-0.1020440012216568,0,0.05632200092077255,0.99270099401474,-0.10663799941539764,0,0.10847300291061401,0.10009100288152695,0.9890480041503906,0,0,0.5468819737434387,0,1,0.9866660237312317,-0.0032629999332129955,-0.16272500157356262,0,0.00457100011408329,0.9999600052833557,0.007662999909371138,0,0.16269400715827942,-0.008303999900817871,0.9866420030593872,0,0,0.6152420043945312,0,1,0.9176589846611023,-0.08968199789524078,-0.3871159851551056,0,0.05650100111961365,0.9937490224838257,-0.09628300368785858,0,0.39333099126815796,0.06648200005292892,0.9169899821281433,0,0,0.3500170111656189,0.05762200057506561,1,0.285849004983902,-0.030340999364852905,-0.9577940106391907,0,0.9408689737319946,-0.18074899911880493,0.2865230143070221,0,-0.18181400001049042,-0.9830610156059265,-0.02311999909579754,0,0.48057499527931213,0.5398669838905334,0.002767999889329076,1,0.9812510013580322,0.010452999733388424,0.19245100021362305,0,-0.12413199990987778,0.7981290221214294,0.5895599722862244,0,-0.14743800461292267,-0.6023960113525391,0.7844619750976562,0,0,0.9808329939842224,0,1,0.8265640139579773,0.44326499104499817,0.34685400128364563,0,-0.49466800689697266,0.866096019744873,0.07197500020265579,0,-0.2685050070285797,-0.23106999695301056,0.9351530075073242,0,0,0.6651279926300049,0,1,0.9982770085334778,0.039673998951911926,-0.0432250015437603,0,-0.04457499831914902,0.9918860197067261,-0.1190589964389801,0,0.03815099969506264,0.12078099697828293,0.9919459819793701,0,0,0.8764979839324951,0,1,0.9946330189704895,0.10062400251626968,0.02410000003874302,0,-0.10059899836778641,0.994924008846283,-0.0022869999520480633,0,-0.02420799992978573,-0.0001500000071246177,0.9997069835662842,0,0,0.28557300567626953,0,1,0.9950420260429382,0.09771300107240677,0.018528999760746956,0,-0.09789100289344788,0.9293519854545593,0.3559800088405609,0,0.017563000321388245,-0.3560290038585663,0.9343100190162659,0,0,0.20546099543571472,0,1,0.9144020080566406,-0.34981200098991394,0.20371800661087036,0,0.35261398553848267,0.44111499190330505,-0.8252760171890259,0,0.19882899522781372,0.8264679908752441,0.5267050266265869,0,0.023354999721050262,0.24012799561023712,-0.0703829973936081,1,0.41711199283599854,0.07760600000619888,0.9055359959602356,0,-0.8970469832420349,-0.12493299692869186,0.4239090085029602,0,0.14602899551391602,-0.9891250133514404,0.01750599965453148,0,-0.48057499527931213,0.5398439764976501,0.002065999899059534,1,0.8294199705123901,0.5586159825325012,0.003254000097513199,0,-0.3769789934158325,0.5554119944572449,0.7412179708480835,0,0.41224899888038635,-0.6160079836845398,0.6712560057640076,0,0,0.9808329939842224,0,1,0.6578490138053894,-0.7123600244522095,-0.24449600279331207,0,0.7432249784469604,0.666549026966095,0.05770000070333481,0,0.12186600267887115,-0.21967299282550812,0.9679319858551025,0,0,0.6650000214576721,0,1,-0.18104800581932068,0.26096901297569275,-0.9482179880142212,0,0.581292986869812,0.8061059713363647,0.11086799949407578,0,0.7932969927787781,-0.5311200022697449,-0.2976439893245697,0,0,0.8764730095863342,0,1,-0.8020380139350891,-0.5948259830474854,0.054005999118089676,0,-0.5965330004692078,0.793267011642456,-0.12196599692106247,0,0.02970699965953827,-0.13003799319267273,-0.9910640120506287,0,0,0.07839500159025192,0,1,0.11080700159072876,-0.9195629954338074,-0.3769949972629547,0,0.8192530274391174,-0.13022799789905548,0.5584489703178406,0,-0.562624990940094,-0.37073400616645813,0.7389240264892578,0,0,0.275738000869751,0,1,0.9955610036849976,-0.04630099982023239,0.08194699883460999,0,-0.0033199999015778303,0.8528209924697876,0.5221920013427734,0,-0.09406399726867676,-0.5201460123062134,0.8488820195198059,0,-0.13106699287891388,0.2971459925174713,-0.11203300207853317,1,-0.6456729769706726,0.012292999774217606,0.7635149955749512,0,0.5826050043106079,-0.6384339928627014,0.5029640197753906,0,0.49363699555397034,0.7695779800415039,0.40505799651145935,0,0.45702099800109863,-0.22776900231838226,0.06938000023365021,1,0.9332680106163025,-0.2254599928855896,-0.2796030044555664,0,-0.054083000868558884,0.6813629865646362,-0.7299439907073975,0,0.35508400201797485,0.6963559985160828,0.6237019896507263,0,0,1.7867109775543213,0,1,0.7169089913368225,-0.07583200186491013,-0.6930310130119324,0,0.5469710230827332,0.6775519847869873,0.49167799949645996,0,0.43227899074554443,-0.7315549850463867,0.5272210240364075,0,0,1.655758023262024,0,1,0.9944030046463013,-0.04602200165390968,-0.09510199725627899,0,0.10300800204277039,0.6224520206451416,0.7758499979972839,0,0.023490000516176224,-0.7813040018081665,0.6237080097198486,0,0,0.28195300698280334,0,1,-0.9078220129013062,0.34456300735473633,-0.23902900516986847,0,-0.4185270071029663,-0.7802420258522034,0.464819997549057,0,-0.026340000331401825,0.5220140218734741,0.8525300025939941,0,-0.45702099800109863,-0.22776900231838226,0.07642599940299988,1,0.9920430183410645,-0.03250600025057793,0.12163300067186356,0,0.11905299872159958,0.5564860105514526,-0.8222839832305908,0,-0.04095799848437309,0.8302209973335266,0.5559269785881042,0,0,1.7867259979248047,0,1,0.7793490290641785,0.015706999227404594,0.6263930201530457,0,-0.6248329877853394,0.09428399801254272,0.7750440239906311,0,-0.04688499867916107,-0.9954209923744202,0.08329399675130844,0,0,1.6565749645233154,0,1,0.9687420129776001,0.05240900069475174,0.24246999621391296,0,-0.21451599895954132,0.6678590178489685,0.7127040028572083,0,-0.12458399683237076,-0.7424399852752686,0.6582260131835938,0,0,0.3066459894180298,0,1
K0.033,0.6219027638435364,0.04664003476500511,0.7817041873931885,0,-0.12725596129894257,0.990975022315979,0.042115870863199234,0,-0.7726852297782898,-0.12566889822483063,0.6222257614135742,0,0.05133399739861488,3.27874493598938,-0.029816051945090294,1,0.998212993144989,-0.02787099964916706,-0.05286296084523201,0,0.03882599249482155,0.9749199748039246,0.21914200484752655,0,0.045429959893226624,-0.22080299258232117,0.9742599725723267,0,0,0.40995100140571594,0.013144000433385372,1,0.9926819801330566,-0.0666629821062088,-0.10068691521883011,0,0.07649897783994675,0.9923189878463745,0.09721901267766953,0,0.09343291819095612,-0.1042100042104721,0.9901570081710815,0,0,0.47852200269699097,0,1,0.9926819801330566,-0.06662298738956451,-0.10071291774511337,0,0.05564499646425247,0.9925770163536072,-0.10813998430967331,0,0.10716991871595383,0.10174499452114105,0.9890210032463074,0,0,0.5468819737434387,0,1,0.9848649501800537,-0.006499962415546179,-0.17320120334625244,0,0.008884988725185394,0.9998760223388672,0.013003121130168438,0,0.1730952113866806,-0.014345117844641209,0.9848009347915649,0,0,0.6152420043945312,0,1,0.9167659878730774,-0.09600920975208282,-0.38771501183509827,0,0.06176216900348663,0.9930809736251831,-0.09987613558769226,0,0.3946210443973541,0.06761705130338669,0.9163529872894287,0,0,0.3500170111656189,0.05762200057506561,1,0.249155655503273,-0.02995799109339714,-0.968000054359436,0,0.9473060369491577,-0.20024721324443817,0.2500256597995758,0,-0.20133021473884583,-0.9792869687080383,-0.021512985229492188,0,0.48057499527931213,0.5398669838905334,0.002767999889329076,1,0.9834989905357361,0.0007308891508728266,0.18091286718845367,0,-0.10627879947423935,0.8115851879119873,0.5744867920875549,0,-0.14640597999095917,-0.5842337608337402,0.7982701659202576,0,0,0.9808329939842224,0,1,0.8296089172363281,0.45849230885505676,0.31864359974861145,0,-0.5029422044754028,0.8614928722381592,0.06985094398260117,0,-0.24248364567756653,-0.21820782124996185,0.945297122001648,0,0,0.6651279926300049,0,1,0.9980959892272949,0.046750180423259735,-0.04024399444460869,0,-0.05177218094468117,0.9895659685134888,-0.13445724546909332,0,0.03353795409202576,0.1362842321395874,0.9901019334793091,0,0,0.8764979839324951,0,1,0.9945619702339172,0.10132302343845367,0.024101000279188156,0,-0.10153502225875854,0.9948019981384277,0.00774227362126112,0,-0.023191969841718674,-0.010147272609174252,0.9996799826622009,0,0,0.28557300567626953,0,1,0.9949749708175659,0.09820901602506638,0.0195110272616148,0,-0.09853102266788483,0.9256588816642761,0.36530324816703796,0,0.017816007137298584,-0.36539027094841003,0.9306838512420654,0,0,0.20546099543571472,0,1,0.9145600199699402,-0.35104602575302124,0.20086392760276794,0,0.35281699895858765,0.44965922832489014,-0.820564866065979,0,0.1977359652519226,0.8213238716125488,0.53509521484375,0,0.023354999721050262,0.24012799561023712,-0.0703829973936081,1,0.38837459683418274,0.08235607296228409,0.9178141951560974,0,-0.9079990983009338,-0.13567323982715607,0.39639562368392944,0,0.15716823935508728,-0.9873249530792236,0.02208705246448517,0,-0.48057499527931213,0.5398439764976501,0.002065999899059534,1,0.8238529562950134,0.5623279809951782,0.0710885301232338,0,-0.4198695123195648,0.5212140679359436,0.7429976463317871,0,0.3807555139064789,-0.6419689655303955,0.6655082702636719,0,0,0.9808329939842224,0,1,0.5893706679344177,-0.7744352221488953,-0.22998210787773132,0,0.8027262687683105,0.5934435725212097,0.0587850958108902,0,0.09095588326454163,-0.21925917267799377,0.9714179635047913,0,0,0.6650000214576721,0,1,-0.2259911149740219,0.14329831302165985,-0.963532030582428,0,0.46015504002571106,0.8875124454498291,0.024065585806965828,0,0.8585954308509827,-0.4379352033138275,-0.2665098309516907,0,0,0.8764730095863342,0,1,-0.8020390272140503,-0.594825029373169,0.05400700122117996,0,-0.5965319871902466,0.793267011642456,-0.12196599692106247,0,0.02970699965953827,-0.13003799319267273,-0.9910640120506287,0,0,0.07839500159025192,0,1,0.11080600321292877,-0.9195629954338074,-0.3769949972629547,0,0.8192520141601562,-0.13022999465465546,0.5584499835968018,0,-0.5626260042190552,-0.37073400616645813,0.7389240264892578,0,0,0.275738000869751,0,1,0.9955610036849976,-0.04630099982023239,0.08194699883460999,0,-0.0033199999015778303,0.8528220057487488,0.5221920013427734,0,-0.09406500309705734,-0.5201460123062134,0.8488820195198059,0,-0.13106699287891388,0.2971459925174713,-0.11203300207853317,1,-0.6433159112930298,0.00359583948738873,0.7655920386314392,0,0.5807120203971863,-0.649368166923523,0.491013765335083,0,0.4989171028137207,0.7604658007621765,0.41566115617752075,0,0.45702099800109863,-0.22776900231838226,0.06938000023365021,1,0.9391950368881226,-0.20697973668575287,-0.27399390935897827,0,-0.06082708761096001,0.6850200891494751,-0.7259808778762817,0,0.3379547595977783,0.6985030174255371,0.63077712059021,0,0,1.7867109775543213,0,1,0.7149389982223511,-0.0826251283288002,-0.6942880153656006,0,0.5563181042671204,0.6687158942222595,0.4932830035686493,0,0.42352384328842163,-0.7389121055603027,0.5240569710731506,0,0,1.655758023262024,0,1,0.9948840141296387,-0.048201028257608414,-0.0887829065322876,0,0.09946694225072861,0.6210200190544128,0.7774580121040344,0,0.017661914229393005,-0.7823110222816467,0.6226369738578796,0,0,0.28195300698280334,0,1,-0.906404972076416,0.34848204255104065,-0.23872600495815277,0,-0.42187604308128357,-0.7752069234848022,0.4701860547065735,0,-0.02121094986796379,0.5268920660018921,0.8496679663658142,0,-0.45702099800109863,-0.22776900231838226,0.07642599940299988,1,0.9915130138397217,-0.02184283174574375,0.12815910577774048,0,0.11858799308538437,0.5559449791908264,-0.8227159976959229,0,-0.053279198706150055,0.8309320211410522,0.5538169741630554,0,0,1.7867259979248047,0,1,0.7757709622383118,0.00842488557100296,0.6309590339660645,0,-0.6282610893249512,0.10363417118787766,0.7710699439048767,0,-0.058892205357551575,-0.9945799708366394,0.08568905293941498,0,0,1.6565749645233154,0,1,0.9687420129776001,0.05240900069475174,0.24247099459171295,0,-0.2145169973373413,0.6678590178489685,0.7127040028572083,0,-0.12458399683237076,-0.7424399852752686,0.6582260131835938,0,0,0.3066459894180298,0,1
K0.067,0.595386266708374,0.049946967512369156,0.8018858432769775,0,-0.12240304797887802,0.9920539855957031,0.02909013070166111,0,-0.7940607666969299,-0.11547310650348663,0.5967692136764526,0,0.0508430041372776,3.28580904006958,-0.035064946860075,1,0.998416006565094,-0.027960000559687614,-0.04883304238319397,0,0.03804700821638107,0.9748110175132751,0.21976499259471893,0,0.04145904257893562,-0.22127500176429749,0.9743300080299377,0,0,0.40995100140571594,0.013144000433385372,1,0.9935809969902039,-0.06545501202344894,-0.09226508438587189,0,0.07453702390193939,0.9923229813575745,0.09869198501110077,0,0.08509708195924759,-0.10493499040603638,0.9908319711685181,0,0,0.47852200269699097,0,1,0.9935809969902039,-0.06541801244020462,-0.09229008108377457,0,0.05543900281190872,0.9927300214767456,-0.10683801770210266,0,0.0986090824007988,0.10103500634431839,0.9899839758872986,0,0,0.5468819737434387,0,1,0.9808740615844727,-0.0027170374523848295,-0.19462479650974274,0,0.0077560110948979855,0.9996539950370789,0.02513187937438488,0,0.1944887936115265,-0.02616088278591633,0.980556070804596,0,0,0.6152420043945312,0,1,0.9141219854354858,-0.1168207898736,-0.38824400305747986,0,0.07852383702993393,0.9904710054397583,-0.11314186453819275,0,0.3977619707584381,0.0729389488697052,0.9145849943161011,0,0,0.3500170111656189,0.05762200057506561,1,0.21550333499908447,-0.029050009325146675,-0.9760709404945374,0,0.9509589672088623,-0.22088579833507538,0.2165333330631256,0,-0.22189079225063324,-0.974867045879364,-0.019976014271378517,0,0.48057499527931213,0.5398669838905334,0.002767999889329076,1,0.985729992389679,-0.01034488994628191,0.1680181324481964,0,-0.08608119934797287,0.8267648220062256,0.5559231638908386,0,-0.1446630209684372,-0.5624532103538513,0.8140758275985718,0,0,0.9808329939842224,0,1,0.8263330459594727,0.48830869793891907,0.280585378408432,0,-0.5237748026847839,0.8494301438331604,0.06424905359745026,0,-0.20696435868740082,-0.20005518198013306,0.9576758742332458,0,0,0.6651279926300049,0,1,0.9971190094947815,0.06458982080221176,-0.039768002927303314,0,-0.07009482383728027,0.984993040561676,-0.15771976113319397,0,0.02898404560983181,0.16005276143550873,0.9866830706596375,0,0,0.8764979839324951,0,1,0.9943580031394958,0.10331498086452484,0.024056000635027885,0,-0.10412097722291946,0.9939450025558472,0.03509572893381119,0,-0.020284030586481094,-0.03740272670984268,0.9990940093994141,0,0,0.28557300567626953,0,1,0.9947720170021057,0.09967098385095596,0.02221197448670864,0,-0.10040798038244247,0.9150950908660889,0.3905377686023712,0,0.018598992377519608,-0.390726774930954,0.920319139957428,0,0,0.20546099543571472,0,1,0.9150300025939941,-0.3542019724845886,0.19303207099437714,0,0.35329800844192505,0.4727497696876526,-0.8072721362113953,0,0.19468103349208832,0.8068761229515076,0.5577187538146973,0,0.023354999721050262,0.24012799561023712,-0.0703829973936081,1,0.3466024100780487,0.08989392220973969,0.9336948394775391,0,-0.9202618598937988,-0.1601397544145584,0.3570334017276764,0,0.18161676824092865,-0.9829930663108826,0.0272209495306015,0,-0.48057499527931213,0.5398439764976501,0.002065999899059534,1,0.8166410326957703,0.5636450052261353,0.12410347163677216,0,-0.471624493598938,0.5277779698371887,0.7064143419265747,0,0.3326674699783325,-0.6354170441627502,0.6968337297439575,0,0,0.9808329939842224,0,1,0.5523813366889954,-0.7979687452316284,-0.24108289182186127,0,0.8298407196998596,0.5538004040718079,0.0683279037475586,0,0.07898911833763123,-0.23780381679534912,0.9680960774421692,0,0,0.6650000214576721,0,1,-0.23738987743854523,0.07465668767690659,-0.9685419201850891,0,0.36343494057655334,0.9314596056938171,-0.01727958768606186,0,0.9008665680885315,-0.3561038076877594,-0.24825118482112885,0,0,0.8764730095863342,0,1,-0.8020390272140503,-0.594825029373169,0.054005999118089676,0,-0.5965330004692078,0.793267011642456,-0.12196599692106247,0,0.02970699965953827,-0.13003799319267273,-0.9910640120506287,0,0,0.07839500159025192,0,1,0.11080600321292877,-0.9195640087127686,-0.3769940137863159,0,0.8192530274391174,-0.13022899627685547,0.5584489703178406,0,-0.562624990940094,-0.37073299288749695,0.7389249801635742,0,0,0.275738000869751,0,1,0.9955610036849976,-0.04630199819803238,0.08194699883460999,0,-0.0033199999015778303,0.8528209924697876,0.5221920013427734,0,-0.09406500309705734,-0.5201460123062134,0.8488820195198059,0,-0.13106699287891388,0.2971459925174713,-0.11203300207853317,1,-0.6366350650787354,-0.01243384089320898,0.7710649371147156,0,0.5798280239105225,-0.6669268012046814,0.4679832458496094,0,0.5084248781204224,0.7450191974639893,0.4317988455295563,0,0.45702099800109863,-0.22776900231838226,0.06938000023365021,1,0.9468849301338196,-0.17993927001953125,-0.2665150463581085,0,-0.06994391232728958,0.6937029361724854,-0.7168571352958679,0,0.3138732314109802,0.6974220275878906,0.6442719101905823,0,0,1.7867109775543213,0,1,0.7119730114936829,-0.09498287737369537,-0.6957529783248901,0,0.5703418850898743,0.656217098236084,0.4940530061721802,0,0.4096381366252899,-0.748569905757904,0.5213819742202759,0,0,1.655758023262024,0,1,0.9955639839172363,-0.05102697014808655,-0.07905209809541702,0,0.09364605695009232,0.6189429759979248,0.779833972454071,0,0.009136084467172623,-0.7837769985198975,0.6209750175476074,0,0,0.28195300698280334,0,1,-0.9055219888687134,0.35110098123550415,-0.23823800683021545,0,-0.4239879846572876,-0.7702640891075134,0.4763689339160919,0,-0.016253048554062843,0.5323729515075684,0.846354067325592,0,-0.45702099800109863,-0.22776900231838226,0.07642599940299988,1,0.9903820157051086,-0.005166165996342897,0.13826389610767365,0,0.11756400763988495,0.5583320260047913,-0.821245014667511,0,-0.07295480370521545,0.829600989818573,0.5535699725151062,0,0,1.7867259979248047,0,1,0.7696870565414429,-0.002992886584252119,0.6384149193763733,0,-0.6334609389305115,0.12083082646131516,0.7642820477485657,0,-0.0794278010725975,-0.9926689863204956,0.09110594540834427,0,0,1.6565749645233154,0,1,0.9687420129776001,0.05240900069475174,0.24246999621391296,0,-0.2145169973373413,0.6678590178489685,0.7127040028572083,0,-0.12458399683237076,-0.7424399852752686,0.6582260131835938,0,0,0.3066459894180298,0,1
K0.100,0.5590879917144775,0.04847300052642822,0.8276900053024292,0,-0.11449199914932251,0.9932389855384827,0.019168000668287277,0,-0.8211659789085388,-0.10548000037670135,0.5608569979667664,0,0.04780299961566925,3.2965939044952393,-0.04296699911355972,1,0.9987710118293762,-0.028150999918580055,-0.04078499972820282,0,0.0364920012652874,0.9746040105819702,0.22094200551509857,0,0.03353000059723854,-0.2221589982509613,0.9744340181350708,0,0,0.40995100140571594,0.013144000433385372,1,0.9951300024986267,-0.06301599740982056,-0.07579799741506577,0,0.07056800276041031,0.9923319816589355,0.10147500038146973,0,0.0688219964504242,-0.10632900148630142,0.9919459819793701,0,0,0.47852200269699097,0,1,0.9951300024986267,-0.06298600137233734,-0.07582200318574905,0,0.05490199849009514,0.993025004863739,-0.10434400290250778,0,0.08186600357294083,0.09967300295829773,0.9916470050811768,0,0,0.5468819737434387,0,1,0.974111020565033,0.007225999608635902,-0.22595499455928802,0,0.0008510003099218011,0.999364972114563,0.0356299988925457,0,0.22606900334358215,-0.0348999984562397,0.9734860062599182,0,0,0.6152420043945312,0,1,0.9080389738082886,-0.14851799607276917,-0.3916729986667633,0,0.10635499656200409,0.9861379861831665,-0.12736299633979797,0,0.40516000986099243,0.07399400323629379,0.9112470149993896,0,0,0.3500170111656189,0.05762200057506561,1,0.18198800086975098,-0.026475999504327774,-0.9829440116882324,0,0.9529139995574951,-0.24184000492095947,0.18294300138950348,0,-0.24255900084972382,-0.9699550271034241,-0.018782999366521835,0,0.48057499527931213,0.5398669838905334,0.002767999889329076,1,0.9868710041046143,-0.025092000141739845,0.15954700112342834,0,-0.0649230033159256,0.8428999781608582,0.5341389775276184,0,-0.14788399636745453,-0.5374850034713745,0.8302050232887268,0,0,0.9808329939842224,0,1,0.8176779747009277,0.5254009962081909,0.235276997089386,0,-0.5511410236358643,0.8325080275535583,0.056338001042604446,0,-0.16627000272274017,-0.17573699355125427,0.9702939987182617,0,0,0.6651279926300049,0,1,0.9953240156173706,0.08728999644517899,-0.04135100170969963,0,-0.0935169979929924,0.9780009984970093,-0.18646299839019775,0,0.024165000766515732,0.1894579976797104,0.981590986251831,0,0,0.8764979839324951,0,1,0.9940369725227356,0.10636799782514572,0.023997999727725983,0,-0.1078990027308464,0.9912800192832947,0.07564199715852737,0,-0.01574300043284893,-0.07778000086545944,0.9968460202217102,0,0,0.28557300567626953,0,1,0.9944679737091064,0.1017019972205162,0.026285000145435333,0,-0.10314799845218658,0.8981379866600037,0.4274440109729767,0,0.019865000620484352,-0.42778998613357544,0.903659999370575,0,0,0.20546099543571472,0,1,0.9157729744911194,-0.3584969937801361,0.18121500313282013,0,0.3538300096988678,0.5063380002975464,-0.7864009737968445,0,0.19016599655151367,0.7842839956283569,0.5905380249023438,0,0.023354999721050262,0.24012799561023712,-0.0703829973936081,1,0.2796410024166107,0.09973499923944473,0.9549099802970886,0,-0.9340559840202332,-0.20184600353240967,0.2946150004863739,0,0.2221280038356781,-0.9743260145187378,0.03671399876475334,0,-0.48057499527931213,0.5398439764976501,0.002065999899059534,1,0.8296729922294617,0.5397279858589172,0.1426050066947937,0,-0.4988729953765869,0.6021860241889954,0.6232960224151611,0,0.2505359947681427,-0.5882740020751953,0.7688729763031006,0,0,0.9808329939842224,0,1,0.5534330010414124,-0.7825769782066345,-0.28510600328445435,0,0.8289909958839417,0.550661027431488,0.09770700335502625,0,0.0805329978466034,-0.29042500257492065,0.9535030126571655,0,0,0.6650000214576721,0,1,-0.2303519994020462,0.035905998200178146,-0.972445011138916,0,0.2849079966545105,0.9580169916152954,-0.03211599960923195,0,0.9304649829864502,-0.28445500135421753,-0.2309110015630722,0,0,0.8764730095863342,0,1,-0.8020390272140503,-0.5948259830474854,0.054005999118089676,0,-0.5965330004692078,0.793267011642456,-0.12196599692106247,0,0.02970699965953827,-0.13003799319267273,-0.9910640120506287,0,0,0.07839500159025192,0,1,0.11080700159072876,-0.9195629954338074,-0.3769949972629547,0,0.8192530274391174,-0.13022899627685547,0.5584489703178406,0,-0.562624990940094,-0.37073400616645813,0.7389249801635742,0,0,0.275738000869751,0,1,0.9955610036849976,-0.04630099982023239,0.08194799721240997,0,-0.0033199999015778303,0.8528209924697876,0.5221920013427734,0,-0.09406500309705734,-0.5201460123062134,0.8488820195198059,0,-0.13106699287891388,0.2971459925174713,-0.11203300207853317,1,-0.630482017993927,-0.034226998686790466,0.7754489779472351,0,0.5797079801559448,-0.6851099729537964,0.4410940110683441,0,0.5161700248718262,0.7276350259780884,0.451790988445282,0,0.45702099800109863,-0.22776900231838226,0.06938000023365021,1,0.9572370052337646,-0.13554300367832184,-0.25558799505233765,0,-0.08785799890756607,0.7055349946022034,-0.7032080292701721,0,0.27564099431037903,0.6955919861793518,0.6634550094604492,0,0,1.7867109775543213,0,1,0.7068060040473938,-0.11601100116968155,-0.6978300213813782,0,0.5922459959983826,0.6365270018577576,0.4940429925918579,0,0.3868730068206787,-0.7624800205230713,0.5186079740524292,0,0,1.655758023262024,0,1,0.9963529706001282,-0.05246699973940849,-0.06729699671268463,0,0.0853319987654686,0.6169509887695312,0.7823619842529297,0,0.00047100038500502706,-0.7852500081062317,0.6191779971122742,0,0,0.28195300698280334,0,1,-0.9076470136642456,0.34634798765182495,-0.2371080070734024,0,-0.4195230007171631,-0.7665010094642639,0.48628899455070496,0,-0.013318000361323357,0.5408509969711304,0.8410130143165588,0,-0.45702099800109863,-0.22776900231838226,0.07642599940299988,1,0.9883900284767151,0.015747997909784317,0.1511169970035553,0,0.1159989982843399,0.5641419887542725,-0.8174890279769897,0,-0.09812500327825546,0.825527012348175,0.5557659864425659,0,0,1.7867259979248047,0,1,0.7612490057945251,-0.01724099926650524,0.648231029510498,0,-0.639494001865387,0.14569999277591705,0.754863977432251,0,-0.10746199637651443,-0.9891790151596069,0.09988799691200256,0,0,1.6565749645233154,0,1,0.9687420129776001,0.05240900069475174,0.24246999621391296,0,-0.21451599895954132,0.6678590178489685,0.7127040028572083,0,-0.12458399683237076,-0.7424399852752686,0.6582260131835938,0,0,0.3066459894180298,0,1
K0.133,0.5120863914489746,0.04631500318646431,0.8576843738555908,0,-0.1081249937415123,0.9940779805183411,0.010875911451876163,0,-0.8521013855934143,-0.09830698370933533,0.5140613913536072,0,0.043107952922582626,3.3100271224975586,-0.05400221049785614,1,0.9991269707679749,-0.02867601253092289,-0.030365895479917526,0,0.034718990325927734,0.9743779897689819,0.2222200185060501,0,0.023215895518660545,-0.22307999432086945,0.9745240211486816,0,0,0.40995100140571594,0.013144000433385372,1,0.996662974357605,-0.06093299761414528,-0.054318781942129135,0,0.06636397540569305,0.9923040270805359,0.10454302281141281,0,0.04753078520298004,-0.10779900848865509,0.9930359721183777,0,0,0.47852200269699097,0,1,0.996662974357605,-0.06091099604964256,-0.054343778640031815,0,0.055168017745018005,0.9932979941368103,-0.10156498104333878,0,0.060165781527757645,0.09822799265384674,0.9933440089225769,0,0,0.5468819737434387,0,1,0.9632598161697388,0.017911039292812347,-0.26797348260879517,0,-0.006698026787489653,0.9990649819374084,0.042700979858636856,0,0.26848751306533813,-0.03933696448802948,0.962479829788208,0,0,0.6152420043945312,0,1,0.8976649045944214,-0.18462033569812775,-0.4001411199569702,0,0.13626328110694885,0.9797989130020142,-0.14637817442417145,0,0.4190821647644043,0.0768740177154541,0.9046879410743713,0,0,0.3500170111656189,0.05762200057506561,1,0.14710262417793274,-0.021226897835731506,-0.9888930320739746,0,0.9536049962043762,-0.26246020197868347,0.147487610578537,0,-0.2626762092113495,-0.9647089242935181,-0.018367020413279533,0,0.48057499527931213,0.5398669838905334,0.002767999889329076,1,0.9859209656715393,-0.045717254281044006,0.16084112226963043,0,-0.043219778686761856,0.8595361709594727,0.5092446804046631,0,-0.1615302413702011,-0.5090266466140747,0.8454580903053284,0,0,0.9808329939842224,0,1,0.8046379089355469,0.5615193247795105,0.1930127590894699,0,-0.5792422294616699,0.8137838244438171,0.047275908291339874,0,-0.13052481412887573,-0.1498408168554306,0.9800570607185364,0,0,0.6651279926300049,0,1,0.9930710196495056,0.10907715559005737,-0.043719030916690826,0,-0.11604016274213791,0.9689449071884155,-0.2183583676815033,0,0.0185429435223341,0.22191837430000305,0.9748888611793518,0,0,0.8764979839324951,0,1,0.9936259984970093,0.11011804640293121,0.02410300448536873,0,-0.11228304356336594,0.9857608675956726,0.1251695454120636,0,-0.009975933469831944,-0.12707853317260742,0.9918429255485535,0,0,0.28557300567626953,0,1,0.9940860271453857,0.1039610207080841,0.03139805793762207,0,-0.10643903911113739,0.8753126859664917,0.47169747948646545,0,0.021555021405220032,-0.47224947810173035,0.8812016844749451,0,0,0.20546099543571472,0,1,0.9167490005493164,-0.3630960285663605,0.1665298342704773,0,0.3542500138282776,0.5463204383850098,-0.7589737176895142,0,0.18460194766521454,0.7547816634178162,0.6294654011726379,0,0.023354999721050262,0.24012799561023712,-0.0703829973936081,1,0.21133828163146973,0.10599399358034134,0.9716491103172302,0,-0.9400849938392639,-0.2500624656677246,0.23175133764743805,0,0.2675374150276184,-0.9624108672142029,0.046796105802059174,0,-0.48057499527931213,0.5398439764976501,0.002065999899059534,1,0.8552713394165039,0.5008374452590942,0.13293962180614471,0,-0.4924585819244385,0.705784022808075,0.5092677474021912,0,0.16123436391353607,-0.5010298490524292,0.8502776622772217,0,0,0.9808329939842224,0,1,0.5778371095657349,-0.7375155687332153,-0.34953656792640686,0,0.808729887008667,0.5750401616096497,0.12363018840551376,0,0.10981829464435577,-0.3541184961795807,0.9287307858467102,0,0,0.6650000214576721,0,1,-0.21603192389011383,0.02110784873366356,-0.9761580228805542,0,0.2179471105337143,0.9755831956863403,-0.027137940749526024,0,0.9517501592636108,-0.21861310303211212,-0.21535693109035492,0,0,0.8764730095863342,0,1,-0.8020390272140503,-0.594825029373169,0.054005999118089676,0,-0.5965330004692078,0.793267011642456,-0.12196599692106247,0,0.02970699965953827,-0.13003799319267273,-0.9910640120506287,0,0,0.07839500159025192,0,1,0.11080600321292877,-0.9195629954338074,-0.3769949972629547,0,0.8192530274391174,-0.13022899627685547,0.5584489703178406,0,-0.562624990940094,-0.37073299288749695,0.7389249801635742,0,0,0.275738000869751,0,1,0.9955610036849976,-0.04630099982023239,0.08194799721240997,0,-0.0033199999015778303,0.8528220057487488,0.5221920013427734,0,-0.09406500309705734,-0.5201449990272522,0.8488820195198059,0,-0.13106699287891388,0.2971459925174713,-0.11203300207853317,1,-0.6250038743019104,-0.05793824419379234,0.7784680724143982,0,0.5771219730377197,-0.7058032155036926,0.4108196198940277,0,0.5256431698799133,0.706034779548645,0.4745672047138214,0,0.45702099800109863,-0.22776900231838226,0.06938000023365021,1,0.9680840969085693,-0.07721437513828278,-0.23843470215797424,0,-0.1109611764550209,0.7209881544113159,-0.6840057373046875,0,0.22472438216209412,0.6886318325996399,0.6894093751907349,0,0,1.7867109775543213,0,1,0.7012179493904114,-0.1435762643814087,-0.6983410120010376,0,0.6183221936225891,0.6100988984107971,0.4954359233379364,0,0.3549248278141022,-0.7792080640792847,0.5165890455245972,0,0,1.655758023262024,0,1,0.9968960285186768,-0.049369923770427704,-0.06133303418755531,0,0.07873398065567017,0.6217339038848877,0.7792611122131348,0,-0.00033893200452439487,-0.7816711068153381,0.6236909031867981,0,0,0.28195300698280334,0,1,-0.9115970730781555,0.33731088042259216,-0.23497095704078674,0,-0.4109848737716675,-0.7603868842124939,0.5028942823410034,0,-0.00903690978884697,0.5550062656402588,0.8317968249320984,0,-0.45702099800109863,-0.22776900231838226,0.07642599940299988,1,0.9852089285850525,0.04020129144191742,0.16657617688179016,0,0.11411097645759583,0.5712910890579224,-0.8127759695053101,0,-0.1278383433818817,0.8197619318962097,0.5582540035247803,0,0,1.7867259979248047,0,1,0.7503418922424316,-0.033072181046009064,0.6602221131324768,0,-0.6457770466804504,0.17677438259124756,0.7427808046340942,0,-0.14127641916275024,-0.983695924282074,0.11128414422273636,0,0,1.6565749645233154,0,1,0.9687420129776001,0.05240999907255173,0.24247099459171295,0,-0.2145169973373413,0.6678590178489685,0.7127040028572083,0,-0.12458399683237076,-0.7424399852752686,0.6582260131835938,0,0,0.3066459894180298,0,1
