3.167,30,95,33
B0,mixamorig_Hips,-1,-0.5668889880180359,-0.18430586159229279,0.8023183941841125,0,-0.2064298391342163,0.9748376607894897,0.07683707773685455,0,-0.7964378595352173,-0.12234338372945786,-0.5905178785324097,0,0.0383141003549099,3.3942930698394775,0.5741221904754639,1
B1,mixamorig_Spine,0,0.9960137009620667,0.08870822936296463,0.005440086126327515,0,-0.08705613017082214,0.9619629383087158,0.2588105797767639,0,0.01769559271633625,-0.2582906484603882,0.9658709168434143,0,0,0.40995100140571594,0.013144000433385372,1
B2,mixamorig_Spine1,1,0.9918533563613892,0.06661117821931839,-0.10762237757444382,0,-0.0468892902135849,0.9832997918128967,0.17520181834697723,0,0.11740196496248245,-0.1688481718301773,0.978486180305481,0,0,0.47852200269699097,0,1
B3,mixamorig_Spine2,2,0.988237202167511,0.09398550540208817,-0.11982066184282303,0,-0.09591739624738693,0.995219886302948,-0.011751030571758747,0,0.11807592958211899,0.02301865816116333,0.9925811886787415,0,0,0.5468819737434387,0,1
B4,mixamorig_Neck,3,0.9165751338005066,0.0925351232290268,0.38562288880348206,0,-0.15695177018642426,0.9774333238601685,0.13905684649944305,0,-0.36421626806259155,-0.18920651078224182,0.9107880592346191,0,0,0.6152420043945312,0,1
B5,mixamorig_Head,4,0.9435762166976929,0.2147621065378189,0.24856723845005035,0,-0.17334869503974915,0.9686934947967529,-0.17748263478279114,0,-0.2789077162742615,0.12423911690711975,0.9512935876846313,0,0,0.3500170111656189,0.05762200057506561,1
B6,mixamorig_HeadTop_End,5,1,0,0,0,0,1,0,0,0,0,1,0,0,1.500493049621582,0.24702100455760956,1
B7,mixamorig_LeftShoulder,3,0.21071043610572815,0.009826436638832092,-0.977459728717804,0,0.9726364016532898,-0.10147415101528168,0.20865140855312347,0,-0.09715855121612549,-0.9947556853294373,-0.030870405957102776,0,0.48057499527931213,0.5398669838905334,0.002767999889329076,1
B8,mixamorig_LeftArm,7,0.5914139747619629,0.3206847608089447,-0.7395012974739075,0,0.5162105560302734,0.5535988807678223,0.6530073881149292,0,0.6191874742507935,-0.7683030366897583,0.16165673732757568,0,0,0.9808329939842224,0,1
B9,mixamorig_LeftForeArm,8,0.41187772154808044,0.9107194542884827,-0.019628340378403664,0,-0.8982351422309875,0.4025893807411194,-0.17326723039150238,0,-0.1501225084066391,0.08852112293243408,0.9844223260879517,0,0,0.6651279926300049,0,1
B10,mixamorig_LeftHand,9,0.9901429414749146,0.08813555538654327,-0.1045653447508812,0,-0.07767700403928757,0.9901520013809204,0.10994639247655869,0,0.1130409836769104,-0.10062048584222794,0.9872934818267822,0,0,0.8764979839324951,0,1
B11,mixamorig_LeftHandIndex1,10,0.9866009950637817,0.0906900018453598,-0.13562467694282532,0,0.005562676582485437,0.81209397315979,0.583500325679779,0,0.16305766999721527,-0.5764359831809998,0.800707995891571,0,0,0.28557300567626953,0,1
B12,mixamorig_LeftHandIndex2,11,0.9927756786346436,0.062199000269174576,0.1026042029261589,0,-0.11992549151182175,0.5413703322410583,0.832187294960022,0,-0.003785438369959593,-0.8384803533554077,0.5449186563491821,0,0,0.20546099543571472,0,1
B13,mixamorig_LeftHandIndex3,12,0.91178297996521,-0.40890300273895264,0.038088999688625336,0,0.3918229937553406,0.8384039998054504,-0.37888532876968384,0,0.12299299985170364,0.36038532853126526,0.924659013748169,0,0.023354999721050262,0.24012799561023712,-0.0703829973936081,1
B14,mixamorig_LeftHandIndex4,13,1,0,0,0,0,1,0,0,0,0,1,0,-0.033365000039339066,0.06550800055265427,0.08354900032281876,1
B15,mixamorig_RightShoulder,3,0.7193818688392639,0.04740685969591141,0.692750096321106,0,-0.6761623620986938,-0.17828468978405,0.7145537734031677,0,0.15736953914165497,-0.9826692342758179,-0.09648151695728302,0,-0.48057499527931213,0.5398439764976501,0.002065999899059534,1
B16,mixamorig_RightArm,15,0.8062768578529358,-0.46585971117019653,0.3628239333629608,0,0.4839214086532593,0.871879518032074,0.04946691915392876,0,-0.3398257791996002,0.13567225635051727,0.9283078908920288,0,0,0.9808329939842224,0,1
B17,mixamorig_RightForeArm,16,0.6367470622062683,-0.7673362493515015,0.00467069074511528,0,0.7612553834915161,0.6294741034507751,-0.13432583212852478,0,0.10383094847202301,0.08884493261575699,0.9894992709159851,0,0,0.6650000214576721,0,1
B18,mixamorig_RightHand,17,-0.02563471347093582,-0.5615270137786865,-0.8270061612129211,0,-0.07010874152183533,0.8253729343414307,-0.5576909780502319,0,0.9957669377326965,0.043836094439029694,-0.06036660075187683,0,0,0.8764730095863342,0,1
B19,mixamorig_RightHandIndex1,18,-0.8020380139350891,-0.5948259830474854,0.054005999118089676,0,-0.596534013748169,0.793267011642456,-0.12196531891822815,0,0.02970699965953827,-0.130037322640419,-0.9910640120506287,0,0,0.07839500159025192,0,1
B20,mixamorig_RightHandIndex2,19,0.11080700159072876,-0.9195629954338074,-0.3769949972629547,0,0.8192530274391174,-0.1302286684513092,0.5584489703178406,0,-0.562624990940094,-0.37073400616645813,0.7389249801635742,0,0,0.275738000869751,0,1
B21,mixamorig_RightHandIndex3,20,0.9955610036849976,-0.04630099982023239,0.08194799721240997,0,-0.0033209999091923237,0.8528216481208801,0.5221920013427734,0,-0.09406500309705734,-0.5201460123062134,0.8488820195198059,0,-0.13106699287891388,0.2971459925174713,-0.11203300207853317,1
B22,mixamorig_RightHandIndex4,21,1,0,0,0,0,1,0,0,0,0,1,0,0.08535800129175186,0.12809400260448456,-0.06155899912118912,1
B23,mixamorig_LeftUpLeg,0,-0.9700204730033875,-0.02149132825434208,-0.24096618592739105,0,-0.13192395865917206,-0.7864858508110046,0.6025265455245972,0,-0.20210543274879456,0.6163002252578735,0.7606199383735657,0,0.45702099800109863,-0.22776900231838226,0.06938000023365021,1
B24,mixamorig_LeftLeg,23,0.9863713383674622,-0.060819223523139954,-0.14911511540412903,0,-0.12027248740196228,0.3486696779727936,-0.9285167455673218,0,0.10880445688962936,0.9337438344955444,0.33680030703544617,0,0,1.7867109775543213,0,1
B25,mixamorig_LeftFoot,24,0.6178696751594543,0.4635023772716522,-0.6334895491600037,0,0.4445558488368988,0.4563974440097809,0.7694156169891357,0,0.6461478471755981,-0.7576925754547119,0.07745413482189178,0,0,1.655758023262024,0,1
B26,mixamorig_LeftToeBase,25,0.9942323565483093,0.07268717885017395,0.051492366939783096,0,-0.08731260150671005,0.6897445917129517,0.7187468409538269,0,0.016726717352867126,-0.7190801501274109,0.6921311616897583,0,0,0.28195300698280334,0,1
B27,mixamorig_LeftToe_End,26,1,0,0,0,0,1,0,0,0,0,1,0,0,0.1600160002708435,0,1
B28,mixamorig_RightUpLeg,0,-0.9956324696540833,0.06489714980125427,0.026682976633310318,0,-0.01970759592950344,-0.6161876320838928,0.7855325937271118,0,0.06849022954702377,0.7846306562423706,0.6149443984031677,0,-0.45702099800109863,-0.22776900231838226,0.07642599940299988,1
B29,mixamorig_RightLeg,28,0.9879098534584045,-0.10443344712257385,0.10914943367242813,0,0.1502469778060913,0.7806333899497986,-0.6048769950866699,0,-0.02096729353070259,0.6147492527961731,0.7871706485748291,0,0,1.7867259979248047,0,1
B30,mixamorig_RightFoot,29,0.8186622262001038,0.16499760746955872,0.5492768883705139,0,-0.5576820969581604,0.44631239771842957,0.6988844871520996,0,-0.1299925446510315,-0.8787593841552734,0.45704010128974915,0,0,1.6565749645233154,0,1
B31,mixamorig_RightToeBase,30,0.9859087467193604,0.06818883121013641,0.1507321447134018,0,-0.1582729071378708,0.6523777842521667,0.7406265139579773,0,-0.04820874705910683,-0.7545968890190125,0.6542147994041443,0,0,0.3066459894180298,0,1
B32,mixamorig_RightToe_End,31,1,0,0,0,0,1,0,0,0,0,1,0,0,0.16165600717067719,0,1
@28,0,1,2,3,4,5,7,8,9,10,11,12,13,15,16,17,18,19,20,21,23,24,25,26,28,29,30,31
K0.000,0.63823401927948,0.04298499971628189,0.768642008304596,0,-0.12857100367546082,0.9903690218925476,0.05137300118803978,0,-0.7590309977531433,-0.13161300122737885,0.6376129984855652,0,0.05022900179028511,3.276201009750366,-0.026959000155329704,1,0.9981840252876282,-0.027876999229192734,-0.05339900031685829,0,0.0389849990606308,0.9747480154037476,0.21987700462341309,0,0.045921001583337784,-0.22156000137329102,0.9740650057792664,0,0,0.40995100140571594,0.013144000433385372,1,0.9925029873847961,-0.06731300055980682,-0.10201799869537354,0,0.07743000239133835,0.9921010136604309,0.09869399666786194,0,0.09456899762153625,-0.10585399717092514,0.9898750185966492,0,0,0.47852200269699097,0,1,0.9925029873847961,-0.06727299839258194,-0.1020440012216568,0,0.05632200092077255,0.99270099401474,-0.10663799941539764,0,0.10847300291061401,0.10009100288152695,0.9890480041503906,0,0,0.5468819737434387,0,1,0.9866660237312317,-0.0032629999332129955,-0.1627269983291626,0,0.004569999873638153,0.9999600052833557,0.007658000104129314,0,0.1626950055360794,-0.00829899962991476,0.986640989780426,0,0,0.6152420043945312,0,1,0.9176589846611023,-0.08967900276184082,-0.3871159851551056,0,0.05649999901652336,0.9937499761581421,-0.09627900272607803,0,0.39333099126815796,0.06647899746894836,0.9169899821281433,0,0,0.3500170111656189,0.05762200057506561,1,0.28543099761009216,-0.030299000442028046,-0.9579200148582458,0,0.9410049915313721,-0.18070299923419952,0.2861059904098511,0,-0.181768000125885,-0.9830710291862488,-0.02306699939072132,0,0.48057499527931213,0.5398669838905334,0.002767999889329076,1,0.9812530279159546,0.010870000347495079,0.1924149990081787,0,-0.12445800006389618,0.798039972782135,0.5896130204200745,0,-0.14714600145816803,-0.6025069952011108,0.7844319939613342,0,0,0.9808329939842224,0,1,0.8265640139579773,0.44326499104499817,0.3468550145626068,0,-0.49466899037361145,0.866096019744873,0.07197699695825577,0,-0.26850399374961853,-0.23107199370861053,0.9351530075073242,0,0,0.6651279926300049,0,1,0.9982770085334778,0.039673998951911926,-0.04322599992156029,0,-0.04457499831914902,0.9918860197067261,-0.11906000226736069,0,0.03815099969506264,0.12078200280666351,0.9919459819793701,0,0,0.8764979839324951,0,1,0.9946330189704895,0.10062400251626968,0.02410000003874302,0,-0.10059899836778641,0.994924008846283,-0.0022869999520480633,0,-0.02420799992978573,-0.0001500000071246177,0.9997069835662842,0,0,0.28557300567626953,0,1,0.9950420260429382,0.09771200269460678,0.018530000001192093,0,-0.09788999706506729,0.9293519854545593,0.3559809923171997,0,0.017563000321388245,-0.3560299873352051,0.9343090057373047,0,0,0.20546099543571472,0,1,0.9144020080566406,-0.34981200098991394,0.20371800661087036,0,0.35261499881744385,0.44111499190330505,-0.8252760171890259,0,0.19882899522781372,0.8264679908752441,0.5267050266265869,0,0.023354999721050262,0.24012799561023712,-0.0703829973936081,1,0.4165079891681671,0.07759399712085724,0.9058150053024292,0,-0.8973289728164673,-0.12494499981403351,0.42330899834632874,0,0.1460230052471161,-0.9891250133514404,0.017587000504136086,0,-0.48057499527931213,0.5398439764976501,0.002065999899059534,1,0.8297889828681946,0.5580670237541199,0.0033360000234097242,0,-0.37666401267051697,0.5556319952011108,0.7412130236625671,0,0.4117929935455322,-0.6163070201873779,0.6712610125541687,0,0,0.9808329939842224,0,1,0.6578490138053894,-0.7123590111732483,-0.24449600279331207,0,0.7432249784469604,0.666549026966095,0.05769899860024452,0,0.12186600267887115,-0.21967299282550812,0.9679319858551025,0,0,0.6650000214576721,0,1,-0.18104800581932068,0.26096901297569275,-0.9482179880142212,0,0.581292986869812,0.8061059713363647,0.11086799949407578,0,0.7932969927787781,-0.5311200022697449,-0.2976430058479309,0,0,0.8764730095863342,0,1,-0.8020380139350891,-0.5948259830474854,0.054005999118089676,0,-0.5965330004692078,0.793267011642456,-0.12196599692106247,0,0.02970699965953827,-0.13003799319267273,-0.9910640120506287,0,0,0.07839500159025192,0,1,0.11080700159072876,-0.9195629954338074,-0.3769940137863159,0,0.8192530274391174,-0.13022799789905548,0.5584499835968018,0,-0.562624990940094,-0.37073400616645813,0.7389240264892578,0,0,0.275738000869751,0,1,0.9955610036849976,-0.04630099982023239,0.08194799721240997,0,-0.0033199999015778303,0.8528209924697876,0.5221920013427734,0,-0.09406500309705734,-0.5201460123062134,0.8488820195198059,0,-0.13106699287891388,0.2971459925174713,-0.11203300207853317,1,-0.6456739902496338,0.012294000014662743,0.76351398229599,0,0.5826029777526855,-0.6384360194206238,0.5029640197753906,0,0.4936380088329315,0.7695770263671875,0.40505900979042053,0,0.45702099800109863,-0.22776900231838226,0.06938000023365021,1,0.9332680106163025,-0.2254589945077896,-0.2796030044555664,0,-0.0540819987654686,0.6813669800758362,-0.7299410104751587,0,0.35508498549461365,0.696353018283844,0.6237050294876099,0,0,1.7867109775543213,0,1,0.7169079780578613,-0.0758339986205101,-0.6930310130119324,0,0.5469710230827332,0.6775529980659485,0.4916749894618988,0,0.4322800040245056,-0.7315539717674255,0.5272219777107239,0,0,1.655758023262024,0,1,0.9944030046463013,-0.04602300003170967,-0.09510000050067902,0,0.1030070036649704,0.6224460005760193,0.7758550047874451,0,0.023486999794840813,-0.7813079953193665,0.6237030029296875,0,0,0.28195300698280334,0,1,-0.9078230261802673,0.34456300735473633,-0.23902800679206848,0,-0.4185259938240051,-0.7802420258522034,0.464819997549057,0,-0.026340000331401825,0.5220140218734741,0.8525300025939941,0,-0.45702099800109863,-0.22776900231838226,0.07642599940299988,1,0.9920430183410645,-0.0325080007314682,0.12163200229406357,0,0.11905299872159958,0.5564849972724915,-0.8222839832305908,0,-0.04095499962568283,0.8302209973335266,0.5559279918670654,0,0,1.7867259979248047,0,1,0.7793490290641785,0.01570500060915947,0.6263930201530457,0,-0.6248329877853394,0.0942780002951622,0.7750449776649475,0,-0.0468829981982708,-0.9954220056533813,0.0832889974117279,0,0,1.6565749645233154,0,1,0.9687420129776001,0.05240900069475174,0.24246999621391296,0,-0.2145169973373413,0.6678590178489685,0.7127040028572083,0,-0.12458399683237076,-0.7424399852752686,0.6582260131835938,0,0,0.3066459894180298,0,1
K0.033,0.5976235866546631,0.037230975925922394,0.8009123206138611,0,-0.11221984028816223,0.9929730296134949,0.03757685050368309,0,-0.7938852906227112,-0.11233580112457275,0.597601592540741,0,0.05473598092794418,3.2728281021118164,-0.013171836733818054,1,0.9981909990310669,-0.026859981939196587,-0.05379699915647507,0,0.03813797980546951,0.9745110273361206,0.22107602655887604,0,0.04648800194263458,-0.22272703051567078,0.9737719893455505,0,0,0.40995100140571594,0.013144000433385372,1,0.9923220276832581,-0.06693599373102188,-0.10400505363941193,0,0.07749400287866592,0.9918599724769592,0.10103205591440201,0,0.09639504551887512,-0.10831606388092041,0.9894319772720337,0,0,0.47852200269699097,0,1,0.9920690059661865,-0.06542398035526276,-0.10732905566692352,0,0.05422597751021385,0.9930850267410278,-0.1041269302368164,0,0.11339905112981796,0.09748093038797379,0.988756000995636,0,0,0.5468819737434387,0,1,0.9869610071182251,-0.001460969215258956,-0.16095395386219025,0,0.0036839765962213278,0.9999020099639893,0.013517051935195923,0,0.1609179526567459,-0.013934047892689705,0.9868689775466919,0,0,0.6152420043945312,0,1,0.9184460043907166,-0.09067106992006302,-0.3850139379501343,0,0.06055810675024986,0.99413001537323,-0.08965593576431274,0,0.3908839523792267,0.059028904885053635,0.9185450673103333,0,0,0.3500170111656189,0.05762200057506561,1,0.26665377616882324,-0.028887979686260223,-0.9633590579032898,0,0.9471180438995361,-0.1772739589214325,0.2674737572669983,0,-0.17850495874881744,-0.9837369918823242,-0.019910963252186775,0,0.48057499527931213,0.5398669838905334,0.002767999889329076,1,0.9845410585403442,0.013096936978399754,0.1746656596660614,0,-0.11478272825479507,0.8014830350875854,0.586898922920227,0,-0.13230477273464203,-0.5978748798370361,0.7905961275100708,0,0,0.9808329939842224,0,1,0.8216299414634705,0.4554671347141266,0.3427438735961914,0,-0.5069941282272339,0.8587498664855957,0.07419206202030182,0,-0.26053884625434875,-0.23472803831100464,0.9364950656890869,0,0,0.6651279926300049,0,1,0.9975079298019409,0.03787495568394661,-0.059517428278923035,0,-0.04464900493621826,0.9921349883079529,-0.11693894118070602,0,0.05462043359875679,0.11930495500564575,0.9913539886474609,0,0,0.8764979839324951,0,1,0.9954220056533813,0.09400086104869843,0.017263799905776978,0,-0.09454984217882156,0.9949279427528381,0.03433094173669815,0,-0.013949730433523655,-0.03580692037940025,0.9992609620094299,0,0,0.28557300567626953,0,1,0.9949010014533997,0.09781498461961746,0.02458915300667286,0,-0.09963904321193695,0.9154375791549683,0.3899298310279846,0,0.01563095487654209,-0.39039087295532227,0.9205166101455688,0,0,0.20546099543571472,0,1,0.9140179753303528,-0.35532912611961365,0.19573377072811127,0,0.3561331033706665,0.47176873683929443,-0.8066004514694214,0,0.1942678838968277,0.8069544434547424,0.5577497482299805,0,0.023354999721050262,0.24012799561023712,-0.0703829973936081,1,0.425753116607666,0.08250600844621658,0.9010699391365051,0,-0.8908629417419434,-0.1361350268125534,0.433395117521286,0,0.15842503309249878,-0.9872490167617798,0.015541969798505306,0,-0.48057499527931213,0.5398439764976501,0.002065999899059534,1,0.8619322776794434,0.506853461265564,-0.01313216332346201,0,-0.3388475477695465,0.5951082706451416,0.7287169694900513,0,0.377167671918869,-0.6236551403999329,0.6846890449523926,0,0,0.9808329939842224,0,1,0.6533640623092651,-0.7144128680229187,-0.25046011805534363,0,0.7480839490890503,0.6600240468978882,0.06884004920721054,0,0.116129070520401,-0.23234310746192932,0.965675950050354,0,0,0.6650000214576721,0,1,-0.1613306999206543,0.17196603119373322,-0.9718021750450134,0,0.5383737087249756,0.8406121730804443,0.0593743771314621,0,0.8271192312240601,-0.5136138796806335,-0.22819824516773224,0,0,0.8764730095863342,0,1,-0.8020390272140503,-0.5948259830474854,0.054005999118089676,0,-0.5965330004692078,0.793267011642456,-0.12196599692106247,0,0.02970699965953827,-0.13003799319267273,-0.9910640120506287,0,0,0.07839500159025192,0,1,0.11080600321292877,-0.9195629954338074,-0.3769949972629547,0,0.8192530274391174,-0.13022899627685547,0.5584489703178406,0,-0.562624990940094,-0.37073400616645813,0.7389249801635742,0,0,0.275738000869751,0,1,0.9955610036849976,-0.046300001442432404,0.08194799721240997,0,-0.0033209999091923237,0.8528220057487488,0.5221920013427734,0,-0.09406399726867676,-0.5201460123062134,0.8488820195198059,0,-0.13106699287891388,0.2971459925174713,-0.11203300207853317,1,-0.6456102132797241,-0.03917448967695236,0.7626616954803467,0,0.5972900390625,-0.6481929421424866,0.47232404351234436,0,0.475848525762558,0.760468065738678,0.44187840819358826,0,0.45702099800109863,-0.22776900231838226,0.06938000023365021,1,0.9378300905227661,-0.22192679345607758,-0.26687562465667725,0,-0.05995814502239227,0.653742253780365,-0.7543376088142395,0,0.34187552332878113,0.7234427332878113,0.5997933149337769,0,0,1.7867109775543213,0,1,0.7321752905845642,-0.041788674890995026,-0.6798326969146729,0,0.5346367955207825,0.6536625027656555,0.5356196761131287,0,0.42199864983558655,-0.7556314468383789,0.5009376406669617,0,0,1.655758023262024,0,1,0.9961810111999512,-0.050247903913259506,-0.0714086964726448,0,0.0872277021408081,0.6094394326210022,0.7880197167396545,0,0.003922917414456606,-0.7912386655807495,0.6114954352378845,0,0,0.28195300698280334,0,1,-0.9114570617675781,0.3465590476989746,-0.2216835469007492,0,-0.4112728238105774,-0.7807860374450684,0.4703490436077118,0,-0.010083620436489582,0.5198758840560913,0.8541820645332336,0,-0.45702099800109863,-0.22776900231838226,0.07642599940299988,1,0.990513026714325,-0.012625997886061668,0.13683608174324036,0,0.12047306448221207,0.5587909817695618,-0.820510983467102,0,-0.06610304117202759,0.8292120099067688,0.555010974407196,0,0,1.7867259979248047,0,1,0.7721539735794067,0.004833009093999863,0.6354169845581055,0,-0.6320639848709106,0.10870597511529922,0.7672539949417114,0,-0.06536497920751572,-0.9940620064735413,0.08699298650026321,0,0,1.6565749645233154,0,1,0.9684100151062012,0.05054894834756851,0.24418604373931885,0,-0.21471700072288513,0.6669790148735046,0.713467001914978,0,-0.12680205702781677,-0.7433599829673767,0.656762957572937,0,0,0.3066459894180298,0,1
K0.067,0.5580494403839111,0.03497202321887016,0.8290696740150452,0,-0.09621115773916245,0.9951000213623047,0.022784147411584854,0,-0.8242107033729553,-0.09248019009828568,0.5586803555488586,0,0.053023017942905426,3.2665090560913086,0.003137837862595916,1,0.9982330203056335,-0.024943018332123756,-0.053936999291181564,0,0.03645201399922371,0.9738439917564392,0.22427496314048767,0,0.04693199694156647,-0.22584496438503265,0.9730319976806641,0,0,0.40995100140571594,0.013144000433385372,1,0.9918609857559204,-0.0658230111002922,-0.10899195075035095,0,0.07756099849939346,0.9912049770355225,0.10722293704748154,0,0.10097595304250717,-0.11480393260717392,0.9882429838180542,0,0,0.47852200269699097,0,1,0.9916139841079712,-0.06307101994752884,-0.11280395090579987,0,0.05213902145624161,0.9938820004463196,-0.09736806899309158,0,0.11825395375490189,0.09067006409168243,0.9888349771499634,0,0,0.5468819737434387,0,1,0.9877319931983948,0.0016129694413393736,-0.1561480462551117,0,0.0013280233833938837,0.9998239874839783,0.018727947026491165,0,0.15615004301071167,-0.018705952912569046,0.987555980682373,0,0,0.6152420043945312,0,1,0.9204710125923157,-0.09763393551111221,-0.37841907143592834,0,0.07127689570188522,0.9939910173416138,-0.08307906985282898,0,0.3842560648918152,0.04950009286403656,0.9218989610671997,0,0,0.3500170111656189,0.05762200057506561,1,0.24161624908447266,-0.02680502086877823,-0.9700019359588623,0,0.9545879364013672,-0.17299704253673553,0.24255725741386414,0,-0.17430904507637024,-0.9845569729804993,-0.01621103659272194,0,0.48057499527931213,0.5398669838905334,0.002767999889329076,1,0.9900479316711426,0.006753062829375267,0.14056634902954102,0,-0.08786927163600922,0.8098799586296082,0.5799780488014221,0,-0.10992522537708282,-0.5865570902824402,0.8024128675460815,0,0,0.9808329939842224,0,1,0.8178240656852722,0.4700188636779785,0.3320331275463104,0,-0.520991861820221,0.8497740626335144,0.08032294362783432,0,-0.24439916014671326,-0.23867595195770264,0.9398419260978699,0,0,0.6651279926300049,0,1,0.9941920638084412,0.03345904499292374,-0.10228557884693146,0,-0.044846996665000916,0.992792010307312,-0.11114306002855301,0,0.09782956540584564,0.11508404463529587,0.9885269999504089,0,0,0.8764979839324951,0,1,0.9967939853668213,0.07996014505624771,-0.002695801667869091,0,-0.07895415276288986,0.9885790348052979,0.12836706638336182,0,0.012929732911288738,-0.12774309515953064,0.9917230606079102,0,0,0.28557300567626953,0,1,0.9945210218429565,0.09665801376104355,0.03980584815144539,0,-0.10394395887851715,0.8740054368972778,0.4746691584587097,0,0.011090044863522053,-0.47620612382888794,0.8792634010314941,0,0,0.20546099543571472,0,1,0.9131590127944946,-0.3685638904571533,0.17407020926475525,0,0.36447492241859436,0.5471482276916504,-0.7535165548324585,0,0.18247711658477783,0.7515245079994202,0.633965253829956,0,0.023354999721050262,0.24012799561023712,-0.0703829973936081,1,0.4382718801498413,0.08344998955726624,0.8949600458145142,0,-0.8840980529785156,-0.13958196341991425,0.4459678828716278,0,0.16213597357273102,-0.9866880178451538,0.012603028677403927,0,-0.48057499527931213,0.5398439764976501,0.002065999899059534,1,0.8915306925773621,0.4520045220851898,-0.02939983829855919,0,-0.29354044795036316,0.625970721244812,0.7224920392036438,0,0.3449723422527313,-0.6354938745498657,0.6907539367675781,0,0,0.9808329939842224,0,1,0.6607699394226074,-0.7035401463508606,-0.26156187057495117,0,0.7405120730400085,0.667945921421051,0.07409894466400146,0,0.12257793545722961,-0.24265189468860626,0.9623380303382874,0,0,0.6650000214576721,0,1,-0.13222327828407288,0.07521796226501465,-0.9883618354797363,0,0.5098292827606201,0.8602707982063293,-0.002735382877290249,0,0.8500537872314453,-0.5042580962181091,-0.15209676325321198,0,0,0.8764730095863342,0,1,-0.8020380139350891,-0.5948259830474854,0.054005999118089676,0,-0.5965330004692078,0.793267011642456,-0.12196499854326248,0,0.02970699965953827,-0.13003699481487274,-0.9910640120506287,0,0,0.07839500159025192,0,1,0.11080700159072876,-0.9195640087127686,-0.3769940137863159,0,0.8192530274391174,-0.13022899627685547,0.5584489703178406,0,-0.562624990940094,-0.37073400616645813,0.7389249801635742,0,0,0.275738000869751,0,1,0.9955610036849976,-0.04630099982023239,0.08194699883460999,0,-0.0033199999015778303,0.8528220057487488,0.5221920013427734,0,-0.09406399726867676,-0.5201460123062134,0.8488820195198059,0,-0.13106699287891388,0.2971459925174713,-0.11203300207853317,1,-0.6723887324333191,-0.08803751319646835,0.7349442839622498,0,0.6036509275436401,-0.639832079410553,0.4756259620189667,0,0.428368479013443,0.7634559869766235,0.48335957527160645,0,0.45702099800109863,-0.22776900231838226,0.06938000023365021,1,0.9526509046554565,-0.2007192075252533,-0.22840438783168793,0,-0.07441885769367218,0.5744077563285828,-0.8151794075965881,0,0.2948194742202759,0.7935782670974731,0.5322726368904114,0,0,1.7867109775543213,0,1,0.7617546916007996,-0.009302322752773762,-0.6477982997894287,0,0.519547164440155,0.6061185002326965,0.6022383570671082,0,0.3870413601398468,-0.7953195571899414,0.46654632687568665,0,0,1.655758023262024,0,1,0.998350977897644,-0.04061509668827057,-0.04056330397725105,0,0.05724029988050461,0.6513586044311523,0.7566072940826416,0,-0.00430891802534461,-0.7576823830604553,0.6526095867156982,0,0,0.28195300698280334,0,1,-0.9190969467163086,0.3521059453487396,-0.1768704503774643,0,-0.3930441737174988,-0.7874729633331299,0.47476595640182495,0,0.027887621894478798,0.5058731436729431,0.8621569275856018,0,-0.45702099800109863,-0.22776900231838226,0.07642599940299988,1,0.9893800020217896,-0.012441001832485199,0.14481791853904724,0,0.1270759403705597,0.5576959848403931,-0.8202599883079529,0,-0.07055895775556564,0.8299520015716553,0.553354024887085,0,0,1.7867259979248047,0,1,0.7705320119857788,0.005741991102695465,0.637374997138977,0,-0.6342369914054871,0.10640702396631241,0.7657809853553772,0,-0.0634240210056305,-0.9943060278892517,0.08563201129436493,0,0,1.6565749645233154,0,1,0.967477023601532,0.04545005038380623,0.24884095788002014,0,-0.21526199579238892,0.6645770072937012,0.7155420184135437,0,-0.13285194337368011,-0.7458369731903076,0.6527470350265503,0,0,0.3066459894180298,0,1
K0.100,0.5170130133628845,0.034035999327898026,0.8553000092506409,0,-0.07958099991083145,0.9967929720878601,0.008439000695943832,0,-0.8522700071334839,-0.07242900133132935,0.518064022064209,0,0.04940799996256828,3.257668972015381,0.022095000371336937,1,0.9982929825782776,-0.022175999358296394,-0.054023001343011856,0,0.033994998782873154,0.9728729724884033,0.22882699966430664,0,0.04748300090432167,-0.23027299344539642,0.9719669818878174,0,0,0.40995100140571594,0.013144000433385372,1,0.991241991519928,-0.06398800015449524,-0.11551699787378311,0,0.07744400203227997,0.9902210235595703,0.11603599786758423,0,0.10696300119161606,-0.12396600097417831,0.9865049719810486,0,0,0.47852200269699097,0,1,0.9911550283432007,-0.060159001499414444,-0.11828800290822983,0,0.04992400109767914,0.9948980212211609,-0.08766300231218338,0,0.12295900285243988,0.0809829980134964,0.9891020059585571,0,0,0.5468819737434387,0,1,0.9888020157814026,0.005532999988645315,-0.14913299679756165,0,-0.0020409997086972,0.9997199773788452,0.023554999381303787,0,0.1492220014333725,-0.022987000644207,0.98853600025177,0,0,0.6152420043945312,0,1,0.9231860041618347,-0.10874199867248535,-0.3686490058898926,0,0.0864579975605011,0.9933149814605713,-0.07649099826812744,0,0.3745020031929016,0.03874199837446213,0.9264159798622131,0,0,0.3500170111656189,0.05762200057506561,1,0.19901999831199646,-0.023284999653697014,-0.9797189831733704,0,0.9655269980430603,-0.16649100184440613,0.20009399950504303,0,-0.16777299344539642,-0.9857680201530457,-0.010652000084519386,0,0.48057499527931213,0.5398669838905334,0.002767999889329076,1,0.9956809878349304,0.00661499984562397,0.09260199964046478,0,-0.058664001524448395,0.817916989326477,0.5723369717597961,0,-0.07195500284433365,-0.575298011302948,0.8147730231285095,0,0,0.9808329939842224,0,1,0.8140379786491394,0.4869830012321472,0.31652799248695374,0,-0.536454975605011,0.8392879962921143,0.08838299661874771,0,-0.2226170003414154,-0.24175000190734863,0.9444569945335388,0,0,0.6651279926300049,0,1,0.9863529801368713,0.02807600051164627,-0.16223500669002533,0,-0.045145001262426376,0.9937080144882202,-0.10250499844551086,0,0.15833699703216553,0.10842999815940857,0.9814130067825317,0,0,0.8764979839324951,0,1,0.9970600008964539,0.06849899888038635,-0.03434700146317482,0,-0.05754400044679642,0.9653080105781555,0.25469401478767395,0,0.05060200020670891,-0.25196900963783264,0.9664120078086853,0,0,0.28557300567626953,0,1,0.9939950108528137,0.09195800125598907,0.0593160018324852,0,-0.10927200317382812,0.8050919771194458,0.5829970240592957,0,0.005856000352650881,-0.5859779715538025,0.8103060126304626,0,0,0.20546099543571472,0,1,0.912293016910553,-0.384101003408432,0.14208300411701202,0,0.37419500946998596,0.6407989859580994,-0.6703400015830994,0,0.1664319932460785,0.6647130250930786,0.7283250093460083,0,0.023354999721050262,0.24012799561023712,-0.0703829973936081,1,0.4585280120372772,0.08419699966907501,0.8846819996833801,0,-0.8729829788208008,-0.14360299706459045,0.4661319851875305,0,0.16629000008106232,-0.9860470294952393,0.007656999863684177,0,-0.48057499527931213,0.5398439764976501,0.002065999899059534,1,0.9202560186386108,0.3902440071105957,-0.028940999880433083,0,-0.2571620047092438,0.658856987953186,0.7069479823112488,0,0.294950008392334,-0.6431310176849365,0.7066730260848999,0,0,0.9808329939842224,0,1,0.6669719815254211,-0.6937549710273743,-0.27175799012184143,0,0.733398973941803,0.6756250262260437,0.07521100342273712,0,0.13142800331115723,-0.24946999549865723,0.9594219923019409,0,0,0.6650000214576721,0,1,-0.12426500022411346,-0.035645995289087296,-0.9916089773178101,0,0.48761698603630066,0.868162989616394,-0.09231499582529068,0,0.8641690015792847,-0.4949969947338104,-0.09050100296735764,0,0,0.8764730095863342,0,1,-0.8020380139350891,-0.5948269963264465,0.05400700122117996,0,-0.596534013748169,0.7932659983634949,-0.12196499854326248,0,0.02970699965953827,-0.13003799319267273,-0.9910640120506287,0,0,0.07839500159025192,0,1,0.11080700159072876,-0.9195629954338074,-0.3769949972629547,0,0.8192530274391174,-0.13022799789905548,0.5584489703178406,0,-0.5626239776611328,-0.37073400616645813,0.7389249801635742,0,0,0.275738000869751,0,1,0.9955610036849976,-0.04630099982023239,0.08194699883460999,0,-0.0033209999091923237,0.8528209924697876,0.5221930146217346,0,-0.09406500309705734,-0.5201460123062134,0.8488810062408447,0,-0.13106699287891388,0.2971459925174713,-0.11203300207853317,1,-0.6881790161132812,-0.1187639981508255,0.715753972530365,0,0.6118670105934143,-0.6251540184020996,0.4845629930496216,0,0.38990798592567444,0.7714130282402039,0.5028859972953796,0,0.45702099800109863,-0.22776900231838226,0.06938000023365021,1,0.9736589789390564,-0.14299799501895905,-0.17759400606155396,0,-0.09095200151205063,0.47065699100494385,-0.8776159882545471,0,0.20908300578594208,0.8706510066986084,0.44525301456451416,0,0,1.7867109775543213,0,1,0.7501680254936218,0.011152999475598335,-0.6611530184745789,0,0.5651170015335083,0.5083630084991455,0.6497769951820374,0,0.3433530032634735,-0.861070990562439,0.3750549852848053,0,0,1.655758023262024,0,1,0.9984599947929382,-0.025311000645160675,-0.04936499893665314,0,0.05134100094437599,0.7586870193481445,0.6494290232658386,0,0.021013997495174408,-0.6509630084037781,0.7588179707527161,0,0,0.28195300698280334,0,1,-0.92644202709198,0.3586390018463135,-0.1143840029835701,0,-0.36776700615882874,-0.7974629998207092,0.4783309996128082,0,0.0803309977054596,0.4852119982242584,0.8706989884376526,0,-0.45702099800109863,-0.22776900231838226,0.07642599940299988,1,0.9885749816894531,-0.02247999981045723,0.14904600381851196,0,0.13635900616645813,0.5547739863395691,-0.8207510113716125,0,-0.06423600018024445,0.8316969871520996,0.5515009760856628,0,0,1.7867259979248047,0,1,0.7712069749832153,0.016076000407338142,0.6363809704780579,0,-0.6347919702529907,0.09438800066709518,0.7668960094451904,0,-0.04773800075054169,-0.9954059720039368,0.08299800008535385,0,0,1.6565749645233154,0,1,0.9660220146179199,0.03782299906015396,0.2556779980659485,0,-0.21607300639152527,0.661001980304718,0.7186020016670227,0,-0.14182400703430176,-0.7494300007820129,0.646714985370636,0,0,0.3066459894180298,0,1
K0.133,0.47161245346069336,0.031925950199365616,0.8812282681465149,0,-0.06123579666018486,0.998117983341217,-0.003389079123735428,0,-0.8796772956848145,-0.05236480012536049,0.47267946600914,0,0.044141944497823715,3.2468929290771484,0.04347022995352745,1,0.9983649849891663,-0.018173953518271446,-0.054190002381801605,0,0.030394956469535828,0.9717400074005127,0.23408706486225128,0,0.048404011875391006,-0.2353520393371582,0.9707040190696716,0,0,0.40995100140571594,0.013144000433385372,1,0.9906089901924133,-0.06149296835064888,-0.12211304903030396,0,0.07695598900318146,0.9890099763870239,0.12624409794807434,0,0.1130080446600914,-0.1344560980796814,0.9844549894332886,0,0,0.47852200269699097,0,1,0.9907119870185852,-0.05666495859622955,-0.12360905110836029,0,0.0474429689347744,0.9959539771080017,-0.0763188824057579,0,0.12743304669857025,0.06974589079618454,0.9893919825553894,0,0,0.5468819737434387,0,1,0.9899939894676208,0.009894044138491154,-0.1407589167356491,0,-0.005972040351480246,0.9995830059051514,0.028263049200177193,0,0.14097991585731506,-0.027140045538544655,0.9896399974822998,0,0,0.6152420043945312,0,1,0.9260910153388977,-0.12212814390659332,-0.3569868803024292,0,0.10392017662525177,0.9921309947967529,-0.06982793658971786,0,0.36270588636398315,0.027568889781832695,0.9314960837364197,0,0,0.3500170111656189,0.05762200057506561,1,0.15942059457302094,-0.020291972905397415,-0.9870020747184753,0,0.9740160703659058,-0.1596839278936386,0.16060559451580048,0,-0.16086792945861816,-0.9869599938392639,-0.005691951606422663,0,0.48057499527931213,0.5398669838905334,0.002767999889329076,1,0.9993219971656799,-0.0036311147268861532,0.036635398864746094,0,-0.017670568078756332,0.8256950378417969,0.5638399124145508,0,-0.032297566533088684,-0.5641049146652222,0.8250710368156433,0,0,0.9808329939842224,0,1,0.8092129230499268,0.50629723072052,0.2980557978153229,0,-0.5532091856002808,0.8274468779563904,0.09638906270265579,0,-0.19782374799251556,-0.2428869903087616,0.9496690630912781,0,0,0.6651279926300049,0,1,0.972937822341919,0.023282969370484352,-0.22989167273044586,0,-0.04551100358366966,0.9947310090065002,-0.09186287969350815,0,0.226541668176651,0.09983890503644943,0.9688708186149597,0,0,0.8764979839324951,0,1,0.995121955871582,0.06706308573484421,-0.07235535979270935,0,-0.033990781754255295,0.9215854406356812,0.3866841197013855,0,0.09261339157819748,-0.38233813643455505,0.9193693995475769,0,0,0.28557300567626953,0,1,0.9934560060501099,0.08318588882684708,0.07826215028762817,0,-0.11420703679323196,0.715531051158905,0.6891828179359436,0,0.0013309678761288524,-0.6936108469963074,0.7203490734100342,0,0,0.20546099543571472,0,1,0.9117590188980103,-0.39720410108566284,0.10451963543891907,0,0.38261106610298157,0.7288556694984436,-0.5677840113639832,0,0.14934685826301575,0.5576719045639038,0.8165156841278076,0,0.023354999721050262,0.24012799561023712,-0.0703829973936081,1,0.4846132695674896,0.08558003604412079,0.8705317974090576,0,-0.8576698303222656,-0.14909309148788452,0.4921112656593323,0,0.17190510034561157,-0.9851130247116089,0.001146931666880846,0,-0.48057499527931213,0.5398439764976501,0.002065999899059534,1,0.9444732666015625,0.32808026671409607,-0.01825205609202385,0,-0.22281241416931152,0.6802761554718018,0.6982679963111877,0,0.24150450527668,-0.6554291248321533,0.7156040072441101,0,0,0.9808329939842224,0,1,0.6632221937179565,-0.6980518698692322,-0.2699239253997803,0,0.7317246794700623,0.6805443167686462,0.037940382957458496,0,0.15721045434474945,-0.2226724475622177,0.9621340036392212,0,0,0.6650000214576721,0,1,-0.12146081030368805,-0.1328117400407791,-0.9836708903312683,0,0.45548176765441895,0.8730520009994507,-0.1741175800561905,0,0.8819200992584229,-0.4691927433013916,-0.04554854333400726,0,0,0.8764730095863342,0,1,-0.8020380139350891,-0.5948259830474854,0.054005999118089676,0,-0.5965330004692078,0.793267011642456,-0.12196599692106247,0,0.02970699965953827,-0.13003799319267273,-0.9910640120506287,0,0,0.07839500159025192,0,1,0.11080700159072876,-0.9195629954338074,-0.3769949972629547,0,0.8192530274391174,-0.13022899627685547,0.5584489703178406,0,-0.5626239776611328,-0.37073400616645813,0.7389249801635742,0,0,0.275738000869751,0,1,0.9955610036849976,-0.04630099982023239,0.08194699883460999,0,-0.0033209999091923237,0.8528209924697876,0.5221920013427734,0,-0.09406399726867676,-0.5201460123062134,0.8488820195198059,0,-0.13106699287891388,0.2971459925174713,-0.11203300207853317,1,-0.6992382407188416,-0.141439288854599,0.7007576823234558,0,0.6175569295883179,-0.6132979989051819,0.492431104183197,0,0.3601246774196625,0.7770839333534241,0.5161883234977722,0,0.45702099800109863,-0.22776900231838226,0.06938000023365021,1,0.9819290637969971,-0.11381494253873825,-0.15119679272174835,0,-0.10087299346923828,0.36120885610580444,-0.9270123839378357,0,0.16012176871299744,0.9255133867263794,0.3431999087333679,0,0,1.7867109775543213,0,1,0.7473070025444031,0.0508156344294548,-0.6625329256057739,0,0.5880517959594727,0.4136858582496643,0.6950242519378662,0,0.309398353099823,-0.9089999794960022,0.2792685627937317,0,0,1.655758023262024,0,1,0.9983779788017273,-0.036161020398139954,-0.043973688036203384,0,0.05603279545903206,0.7608522772789001,0.6465017795562744,0,0.010078711435198784,-0.6479167938232422,0.7616443037986755,0,0,0.28195300698280334,0,1,-0.9304980039596558,0.3635919988155365,-0.04443332552909851,0,-0.338772714138031,-0.808090090751648,0.4818960726261139,0,0.13930757343769073,0.46345582604408264,0.8751009702682495,0,-0.45702099800109863,-0.22776900231838226,0.07642599940299988,1,0.987434983253479,-0.029719024896621704,0.15520507097244263,0,0.14574307203292847,0.5509069561958313,-0.8217419981956482,0,-0.061082012951374054,0.8340370059013367,0.5483159422874451,0,0,1.7867259979248047,0,1,0.7689579129219055,0.040620189160108566,0.6380080580711365,0,-0.6390100717544556,0.07885488122701645,0.7651459574699402,0,-0.01922978088259697,-0.9960579872131348,0.08659303188323975,0,0,1.6565749645233154,0,1,0.9641209840774536,0.028383893892169,0.263943076133728,0,-0.21707701683044434,0.6566059589385986,0.7223200798034668,0,-0.15280412137508392,-0.7537000775337219,0.6392089128494263,0,0,0.3066459894180298,0,1
