2.267,30,68,33
B0,mixamorig_Hips,-1,0.9909738898277283,-0.06301211565732956,0.11440633237361908,0,0.05133095011115074,0.9932661056518555,0.10359776765108109,0,-0.12020260095596313,-0.09696464240550995,0.9875486493110657,0,0.0051744189113378525,3.398935556411743,0.13612855970859528,1
B1,mixamorig_Spine,0,0.9996336698532104,-0.007342409808188677,-0.02597592957317829,0,0.013759910129010677,0.9665253758430481,0.2561933100223541,0,0.02322477288544178,-0.2564573287963867,0.966272234916687,0,0,0.40995100140571594,0.013144000433385372,1
B2,mixamorig_Spine1,1,0.9792904853820801,-0.13621915876865387,-0.14972808957099915,0,0.15981927514076233,0.9742802381515503,0.15880827605724335,0,0.12424560636281967,-0.17944812774658203,0.9758737087249756,0,0,0.47852200269699097,0,1
B3,mixamorig_Spine2,2,0.9807209968566895,-0.10866716504096985,-0.1623624712228775,0,0.10582628846168518,0.9940317869186401,-0.026166142895817757,0,0.16424128413200378,0.008483059704303741,0.9863680005073547,0,0,0.5468819737434387,0,1
B4,mixamorig_Neck,3,0.9947802424430847,0.05626668035984039,-0.0847792699933052,0,-0.036695171147584915,0.9755122661590576,0.2168610394001007,0,0.09490472823381424,-0.2126103788614273,0.9724876284599304,0,0,0.6152420043945312,0,1
B5,mixamorig_Head,4,0.993049144744873,-0.062016554176807404,-0.09942393004894257,0,0.016182679682970047,0.9127275943756104,-0.4082161486148834,0,0.11605525761842728,0.4037555754184723,0.9073981046676636,0,0,0.3500170111656189,0.05762200057506561,1
B6,mixamorig_HeadTop_End,5,1,0,0,0,0,1,0,0,0,0,1,0,0,1.500493049621582,0.24702100455760956,1
B7,mixamorig_LeftShoulder,3,-0.06326942890882492,0.0039933244697749615,-0.9979860782623291,0,0.9743638038635254,-0.21605002880096436,-0.06263446062803268,0,-0.21586504578590393,-0.9763687252998352,0.009785616770386696,0,0.48057499527931213,0.5398669838905334,0.002767999889329076,1
B8,mixamorig_LeftArm,7,0.973701536655426,-0.22497637569904327,0.035347312688827515,0,0.12652024626731873,0.6634039282798767,0.73743736743927,0,-0.18939989805221558,-0.7135981321334839,0.6744390726089478,0,0,0.9808329939842224,0,1
B9,mixamorig_LeftForeArm,8,0.871451199054718,0.2751495838165283,-0.4055981934070587,0,-0.20167547464370728,0.9556231498718262,0.21446596086025238,0,0.44660484790802,-0.10511590540409088,0.8882712721824646,0,0,0.6651279926300049,0,1
B10,mixamorig_LeftHand,9,0.7212115526199341,-0.1888158768415451,0.6648558378219604,0,-0.037674687802791595,0.9499143958091736,0.309870183467865,0,-0.6902283430099487,-0.2481079399585724,0.6781068444252014,0,0,0.8764979839324951,0,1
B11,mixamorig_LeftHandIndex1,10,0.9819498658180237,-0.0017392324516549706,-0.18910618126392365,0,0.06682848185300827,0.938650906085968,0.3383100628852844,0,0.1769140511751175,-0.3448425233364105,0.9218237996101379,0,0,0.28557300567626953,0,1
B12,mixamorig_LeftHandIndex2,11,0.9951188564300537,0.07729782164096832,0.06135101243853569,0,-0.08670879155397415,0.3880102038383484,0.917540967464447,0,0.04712185636162758,-0.9183819890022278,0.39281901717185974,0,0,0.20546099543571472,0,1
B13,mixamorig_LeftHandIndex3,12,0.9383224248886108,-0.3392006754875183,-0.06700320541858673,0,0.3297394812107086,0.9361616969108582,-0.12175071984529495,0,0.10403335094451904,0.09214693307876587,0.9902698993682861,0,0.023354999721050262,0.24012799561023712,-0.0703829973936081,1
B14,mixamorig_LeftHandIndex4,13,1,0,0,0,0,1,0,0,0,0,1,0,-0.033365000039339066,0.06550800055265427,0.08354900032281876,1
B15,mixamorig_RightShoulder,3,0.3289448916912079,-0.17286600172519684,0.9283479452133179,0,-0.90484619140625,-0.3388197422027588,0.25761738419532776,0,0.2700096368789673,-0.9247546792030334,-0.26786959171295166,0,-0.48057499527931213,0.5398439764976501,0.002065999899059534,1
B16,mixamorig_RightArm,15,0.40527600049972534,-0.9137634038925171,-0.020378151908516884,0,0.9116618037223816,0.40253332257270813,0.08022598922252655,0,-0.06523171812295914,-0.05102497339248657,0.9965401887893677,0,0,0.9808329939842224,0,1
B17,mixamorig_RightForeArm,16,0.6635491847991943,-0.7384076714515686,-0.11097878962755203,0,0.7462694048881531,0.6455166339874268,0.16197434067726135,0,-0.04783603549003601,-0.19023676216602325,0.9794110655784607,0,0,0.6650000214576721,0,1
B18,mixamorig_RightHand,17,0.06618762761354446,0.26700934767723083,-0.9603102207183838,0,-0.03968972712755203,0.9632976651191711,0.26476943492889404,0,0.9961031675338745,0.019823774695396423,0.07430814951658249,0,0,0.8764730095863342,0,1
B19,mixamorig_RightHandIndex1,18,-0.8020381927490234,-0.594825804233551,0.05400683358311653,0,-0.5965330004692078,0.793267011642456,-0.12196599692106247,0,0.02970699965953827,-0.13003799319267273,-0.9910640120506287,0,0,0.07839500159025192,0,1
B20,mixamorig_RightHandIndex2,19,0.11080700159072876,-0.9195629954338074,-0.3769949972629547,0,0.8192530274391174,-0.13022883236408234,0.5584489703178406,0,-0.562624990940094,-0.37073400616645813,0.7389240264892578,0,0,0.275738000869751,0,1
B21,mixamorig_RightHandIndex3,20,0.9955610036849976,-0.04630099982023239,0.08194699883460999,0,-0.003320833435282111,0.8528209924697876,0.5221920013427734,0,-0.09406483918428421,-0.5201460123062134,0.8488820195198059,0,-0.13106699287891388,0.2971459925174713,-0.11203300207853317,1
B22,mixamorig_RightHandIndex4,21,1,0,0,0,0,1,0,0,0,0,1,0,0.08535800129175186,0.12809400260448456,-0.06155899912118912,1
B23,mixamorig_LeftUpLeg,0,-0.9841117858886719,0.016801385208964348,0.17438367009162903,0,0.12345360964536667,-0.6385185718536377,0.7593058347702026,0,0.12429436296224594,0.7693563103675842,0.6262122988700867,0,0.45702099800109863,-0.22776900231838226,0.06938000023365021,1
B24,mixamorig_LeftLeg,23,0.8790928721427917,-0.14278604090213776,-0.45474690198898315,0,-0.18292488157749176,0.7799328565597534,-0.5984833836555481,0,0.4401520788669586,0.6093053221702576,0.6595137715339661,0,0,1.7867109775543213,0,1
B25,mixamorig_LeftFoot,24,0.8210764527320862,-0.158396914601326,-0.5483858585357666,0,0.46497267484664917,0.7428602576255798,0.4816141426563263,0,0.33109456300735474,-0.6504252552986145,0.6836034059524536,0,0,1.655758023262024,0,1
B26,mixamorig_LeftToeBase,25,0.9974240064620972,-0.03194216638803482,-0.06423283368349075,0,0.0701650008559227,0.6207753419876099,0.7808418273925781,0,0.014931833371520042,-0.7833376526832581,0.6214173436164856,0,0,0.28195300698280334,0,1
B27,mixamorig_LeftToe_End,26,1,0,0,0,0,1,0,0,0,0,1,0,0,0.1600160002708435,0,1
B28,mixamorig_RightUpLeg,0,-0.8592023849487305,0.24583393335342407,-0.44829970598220825,0,-0.20749609172344208,-0.9690557718276978,-0.13324663043022156,0,-0.4671822786331177,-0.021470757201313972,0.8836254477500916,0,-0.45702099800109863,-0.22776900231838226,0.07642599940299988,1
B29,mixamorig_RightLeg,28,0.9674948453903198,-0.17445144057273865,-0.18255619704723358,0,0.054537974298000336,0.8501927256584167,-0.5236307382583618,0,0.2465532422065735,0.4966444969177246,0.832078218460083,0,0,1.7867259979248047,0,1
B30,mixamorig_RightFoot,29,0.8043240904808044,0.10511928051710129,0.5847866535186768,0,-0.5919924378395081,0.22272717952728271,0.7743721604347229,0,-0.04885496571660042,-0.9690384268760681,0.24136298894882202,0,0,1.6565749645233154,0,1
B31,mixamorig_RightToeBase,30,0.978840172290802,0.02798721194267273,0.20250576734542847,0,-0.17748431861400604,0.6070186495780945,0.7741395831108093,0,-0.10148774087429047,-0.7937752604484558,0.599135160446167,0,0,0.3066459894180298,0,1
B32,mixamorig_RightToe_End,31,1,0,0,0,0,1,0,0,0,0,1,0,0,0.16165600717067719,0,1
@28,0,1,2,3,4,5,7,8,9,10,11,12,13,15,16,17,18,19,20,21,23,24,25,26,28,29,30,31
K0.000,0.6382330060005188,0.04298499971628189,0.768642008304596,0,-0.12857100367546082,0.9903690218925476,0.05137300118803978,0,-0.7590309977531433,-0.13161300122737885,0.6376129984855652,0,0.05022900179028511,3.2761991024017334,-0.02696000039577484,1,0.9981840252876282,-0.027876999229192734,-0.05339900031685829,0,0.03898400068283081,0.9747480154037476,0.2198760062456131,0,0.045921001583337784,-0.22155900299549103,0.9740650057792664,0,0,0.40995100140571594,0.013144000433385372,1,0.9925029873847961,-0.06731300055980682,-0.10201799869537354,0,0.07743000239133835,0.9921010136604309,0.09869399666786194,0,0.09456899762153625,-0.10585399717092514,0.9898750185966492,0,0,0.47852200269699097,0,1,0.9925029873847961,-0.06727299839258194,-0.1020440012216568,0,0.05632200092077255,0.99270099401474,-0.10663799941539764,0,0.10847300291061401,0.10009100288152695,0.9890480041503906,0,0,0.5468819737434387,0,1,0.9866660237312317,-0.003263999940827489,-0.1627269983291626,0,0.004573000129312277,0.9999600052833557,0.007672000210732222,0,0.1626950055360794,-0.008314000442624092,0.986640989780426,0,0,0.6152420043945312,0,1,0.9176599979400635,-0.08968300372362137,-0.3871150016784668,0,0.05649900063872337,0.9937490224838257,-0.0962890014052391,0,0.39333000779151917,0.06648799777030945,0.9169899821281433,0,0,0.3500170111656189,0.05762200057506561,1,0.2858479917049408,-0.030340999364852905,-0.9577940106391907,0,0.9408689737319946,-0.18074899911880493,0.2865230143070221,0,-0.18181400001049042,-0.9830610156059265,-0.02311999909579754,0,0.48057499527931213,0.5398669838905334,0.002767999889329076,1,0.9812510013580322,0.010452999733388424,0.19245100021362305,0,-0.12413199990987778,0.7981290221214294,0.5895599722862244,0,-0.14743800461292267,-0.6023960113525391,0.7844629883766174,0,0,0.9808329939842224,0,1,0.8265640139579773,0.4432640075683594,0.3468559980392456,0,-0.49466800689697266,0.866096019744873,0.07197699695825577,0,-0.2685059905052185,-0.23107199370861053,0.9351530075073242,0,0,0.6651279926300049,0,1,0.9982770085334778,0.03967500105500221,-0.04322599992156029,0,-0.044576000422239304,0.9918860197067261,-0.1190589964389801,0,0.038152001798152924,0.12078099697828293,0.9919459819793701,0,0,0.8764979839324951,0,1,0.9946330189704895,0.10062500089406967,0.02410000003874302,0,-0.10059899836778641,0.994924008846283,-0.0022869999520480633,0,-0.02420799992978573,-0.0001500000071246177,0.9997069835662842,0,0,0.28557300567626953,0,1,0.9950420260429382,0.09771200269460678,0.018530000001192093,0,-0.09788999706506729,0.9293519854545593,0.3559809923171997,0,0.017563000321388245,-0.3560299873352051,0.9343100190162659,0,0,0.20546099543571472,0,1,0.9144020080566406,-0.34981200098991394,0.20371800661087036,0,0.35261398553848267,0.44111499190330505,-0.8252760171890259,0,0.19882899522781372,0.8264679908752441,0.5267050266265869,0,0.023354999721050262,0.24012799561023712,-0.0703829973936081,1,0.41711199283599854,0.07760600000619888,0.9055359959602356,0,-0.8970469832420349,-0.12493199855089188,0.4239090085029602,0,0.14602899551391602,-0.9891250133514404,0.01750599965453148,0,-0.48057499527931213,0.5398439764976501,0.002065999899059534,1,0.8294199705123901,0.5586159825325012,0.003254000097513199,0,-0.3769789934158325,0.5554119944572449,0.7412179708480835,0,0.41224899888038635,-0.6160079836845398,0.6712560057640076,0,0,0.9808329939842224,0,1,0.6578490138053894,-0.7123600244522095,-0.24449600279331207,0,0.7432249784469604,0.666549026966095,0.05770000070333481,0,0.12186499685049057,-0.21967299282550812,0.9679319858551025,0,0,0.6650000214576721,0,1,-0.18104800581932068,0.26096901297569275,-0.9482179880142212,0,0.581292986869812,0.8061059713363647,0.11086700111627579,0,0.7932969927787781,-0.5311200022697449,-0.2976439893245697,0,0,0.8764730095863342,0,1,-0.8020380139350891,-0.5948259830474854,0.05400700122117996,0,-0.596534013748169,0.793267011642456,-0.12196599692106247,0,0.02970699965953827,-0.13003799319267273,-0.9910640120506287,0,0,0.07839500159025192,0,1,0.11080700159072876,-0.9195629954338074,-0.3769949972629547,0,0.8192520141601562,-0.13022899627685547,0.5584499835968018,0,-0.562624990940094,-0.37073400616645813,0.7389240264892578,0,0,0.275738000869751,0,1,0.9955610036849976,-0.04630099982023239,0.08194799721240997,0,-0.0033209999091923237,0.8528209924697876,0.5221920013427734,0,-0.09406500309705734,-0.5201460123062134,0.8488820195198059,0,-0.13106699287891388,0.2971459925174713,-0.11203300207853317,1,-0.6456729769706726,0.012294000014662743,0.7635149955749512,0,0.5826060175895691,-0.6384320259094238,0.5029659867286682,0,0.49363601207733154,0.7695800065994263,0.4050559997558594,0,0.45702099800109863,-0.22776900231838226,0.06938000023365021,1,0.9332680106163025,-0.22546200454235077,-0.27960100769996643,0,-0.054083000868558884,0.6813589930534363,-0.7299489974975586,0,0.35508498549461365,0.6963599920272827,0.6236969828605652,0,0,1.7867109775543213,0,1,0.7169089913368225,-0.07582899928092957,-0.6930310130119324,0,0.5469689965248108,0.6775509715080261,0.49167999625205994,0,0.4322809875011444,-0.7315559983253479,0.5272179841995239,0,0,1.655758023262024,0,1,0.9944030046463013,-0.04602300003170967,-0.09510000050067902,0,0.1030070036649704,0.6224439740180969,0.7758560180664062,0,0.023486999794840813,-0.7813100218772888,0.6237019896507263,0,0,0.28195300698280334,0,1,-0.9078220129013062,0.3445639908313751,-0.23902800679206848,0,-0.4185270071029663,-0.7802429795265198,0.4648190140724182,0,-0.026340000331401825,0.5220119953155518,0.8525310158729553,0,-0.45702099800109863,-0.22776900231838226,0.07642599940299988,1,0.9920430183410645,-0.032506998628377914,0.12163300067186356,0,0.11905399709939957,0.5564879775047302,-0.8222820162773132,0,-0.04095799848437309,0.8302189707756042,0.5559300184249878,0,0,1.7867259979248047,0,1,0.7793490290641785,0.01570799946784973,0.6263930201530457,0,-0.6248329877853394,0.09428200125694275,0.7750449776649475,0,-0.0468829981982708,-0.9954220056533813,0.08329299837350845,0,0,1.6565749645233154,0,1,0.9687420129776001,0.05240900069475174,0.24246999621391296,0,-0.2145169973373413,0.6678590178489685,0.7127040028572083,0,-0.12458399683237076,-0.7424399852752686,0.6582260131835938,0,0,0.3066459894180298,0,1
K0.033,0.6272658705711365,0.05004206672310829,0.7771960496902466,0,-0.11752387881278992,0.9925879836082458,0.030941801145672798,0,-0.7698870897293091,-0.110747791826725,0.6284978985786438,0,0.05069201812148094,3.282249927520752,-0.018693838268518448,1,0.9986900091171265,-0.022162925451993942,-0.046127866953611374,0,0.03173689544200897,0.9753220081329346,0.2184939831495285,0,0.04014688357710838,-0.21967196464538574,0.9747470021247864,0,0,0.40995100140571594,0.013144000433385372,1,0.9930499792098999,-0.06657495349645615,-0.09705084562301636,0,0.07584693282842636,0.992563009262085,0.09521395713090897,0,0.08998984843492508,-0.1019139438867569,0.9907150268554688,0,0,0.47852200269699097,0,1,0.9930850267410278,-0.06397192180156708,-0.09843985736370087,0,0.053183939307928085,0.9926660060882568,-0.10856503248214722,0,0.10466285049915314,0.1025790423154831,0.9892029762268066,0,0,0.5468819737434387,0,1,0.9837899208068848,-0.008761066012084484,-0.17911331355571747,0,0.00920806359499693,0.9999560117721558,0.0016649761237204075,0,0.17909030616283417,-0.003287992672994733,0.9838269352912903,0,0,0.6152420043945312,0,1,0.9129079580307007,-0.10469125956296921,-0.3945111036300659,0,0.07289227098226547,0.9928249716758728,-0.09479201585054398,0,0.4016041159629822,0.05777989327907562,0.9139889478683472,0,0,0.3500170111656189,0.05762200057506561,1,0.2677456736564636,-0.02983696386218071,-0.9630270600318909,0,0.9454110860824585,-0.184580996632576,0.26856666803359985,0,-0.1857690066099167,-0.9823639988899231,-0.02121197059750557,0,0.48057499527931213,0.5398669838905334,0.002767999889329076,1,0.9814959764480591,0.0058708288706839085,0.19138994812965393,0,-0.1201278418302536,0.797236979007721,0.5915930867195129,0,-0.14911006391048431,-0.6036369800567627,0.7831910252571106,0,0,0.9808329939842224,0,1,0.8276800513267517,0.4578152298927307,0.32457754015922546,0,-0.5057691931724548,0.859143853187561,0.07790507376194,0,-0.24319352209568024,-0.22864188253879547,0.9426451325416565,0,0,0.6651279926300049,0,1,0.9982110261917114,0.044353097677230835,-0.04009566083550453,0,-0.048296064138412476,0.9934629797935486,-0.10343670845031738,0,0.03524567186832428,0.10518869757652283,0.9938270449638367,0,0,0.8764979839324951,0,1,0.9946359992027283,0.10115700960159302,0.021608952432870865,0,-0.10113200545310974,0.9948700070381165,-0.002263979986310005,0,-0.021727949380874634,0.00006698464858345687,0.9997640252113342,0,0,0.28557300567626953,0,1,0.9950770139694214,0.09805900603532791,0.014382953755557537,0,-0.09672698378562927,0.9292550086975098,0.35655099153518677,0,0.021598046645522118,-0.35618698596954346,0.9341650009155273,0,0,0.20546099543571472,0,1,0.9136149883270264,-0.348906010389328,0.2087370604276657,0,0.3555690348148346,0.4366769790649414,-0.826367974281311,0,0.19717398285865784,0.8292030096054077,0.5230149626731873,0,0.023354999721050262,0.24012799561023712,-0.0703829973936081,1,0.36953938007354736,0.0665048360824585,0.9268322587013245,0,-0.9181022644042969,-0.12766605615615845,0.37521934509277344,0,0.14327898621559143,-0.9895849823951721,0.013880923390388489,0,-0.48057499527931213,0.5398439764976501,0.002065999899059534,1,0.829692006111145,0.5582190155982971,-0.0019129024585708976,0,-0.37461715936660767,0.5593351125717163,0.7394638061523438,0,0.4138518273830414,-0.6128098964691162,0.673194169998169,0,0,0.9808329939842224,0,1,0.6549795269966125,-0.7228434681892395,-0.2202257215976715,0,0.7505323886871338,0.6561563611030579,0.07848759740591049,0,0.08776820451021194,-0.2166941910982132,0.9722859859466553,0,0,0.6650000214576721,0,1,-0.1373693197965622,0.13311144709587097,-0.9815351963043213,0,0.5387234091758728,0.8415913581848145,0.03873709589242935,0,0.8312074542045593,-0.5234545469284058,-0.1873186230659485,0,0,0.8764730095863342,0,1,-0.8020380139350891,-0.5948259830474854,0.054005999118089676,0,-0.5965330004692078,0.793267011642456,-0.12196499854326248,0,0.02970699965953827,-0.13003699481487274,-0.9910640120506287,0,0,0.07839500159025192,0,1,0.11080700159072876,-0.9195629954338074,-0.3769949972629547,0,0.8192530274391174,-0.13022899627685547,0.5584489703178406,0,-0.562624990940094,-0.37073400616645813,0.7389240264892578,0,0,0.275738000869751,0,1,0.9955610036849976,-0.04630099982023239,0.08194699883460999,0,-0.0033199999015778303,0.8528209924697876,0.5221920013427734,0,-0.09406399726867676,-0.5201460123062134,0.8488820195198059,0,-0.13106699287891388,0.2971459925174713,-0.11203300207853317,1,-0.647159993648529,-0.013348241336643696,0.762237012386322,0,0.5778759121894836,-0.6607262492179871,0.47906172275543213,0,0.49723607301712036,0.7505078315734863,0.4353092610836029,0,0.45702099800109863,-0.22776900231838226,0.06938000023365021,1,0.9388360381126404,-0.21972694993019104,-0.2651548385620117,0,-0.04517391324043274,0.6847460269927979,-0.7273809909820557,0,0.34138885140419006,0.6948689818382263,0.6329380869865417,0,0,1.7867109775543213,0,1,0.7185999751091003,-0.07501595467329025,-0.6913660168647766,0,0.5480179786682129,0.6731249690055847,0.49656805396080017,0,0.42812496423721313,-0.7357140779495239,0.5248169302940369,0,0,1.655758023262024,0,1,0.9942119717597961,-0.047912027686834335,-0.09616100788116455,0,0.10500102490186691,0.6227729916572571,0.7753250002861023,0,0.0227389857172966,-0.7809339761734009,0.6241989731788635,0,0,0.28195300698280334,0,1,-0.9082409739494324,0.355206161737442,-0.2211938202381134,0,-0.41817206144332886,-0.7896290421485901,0.44901978969573975,0,-0.01516688708215952,0.5003147721290588,0.8657101392745972,0,-0.45702099800109863,-0.22776900231838226,0.07642599940299988,1,0.9904659986495972,-0.028612906113266945,0.13475309312343597,0,0.12731201946735382,0.5637550950050354,-0.8160709142684937,0,-0.052617147564888,0.8254459500312805,0.5620231032371521,0,0,1.7867259979248047,0,1,0.785783052444458,0.022264059633016586,0.618101954460144,0,-0.617173969745636,0.09369802474975586,0.7812280654907227,0,-0.040520958602428436,-0.995352029800415,0.08736705780029297,0,0,1.6565749645233154,0,1,0.9692450165748596,0.05463901162147522,0.23995497822761536,0,-0.21362698078155518,0.6708710789680481,0.7101379632949829,0,-0.12217799574136734,-0.7395589351654053,0.6619110703468323,0,0,0.3066459894180298,0,1
K0.067,0.6160241365432739,0.056737933307886124,0.7856809496879578,0,-0.10568112134933472,0.9943389892578125,0.011055197566747665,0,-0.7806058526039124,-0.08984220772981644,0.6185331344604492,0,0.05237298458814621,3.2897109985351562,-0.0025711602065712214,1,0.9993619918823242,-0.0147140733897686,-0.03254813328385353,0,0.0214191023260355,0.9760680198669434,0.21640801429748535,0,0.028584115207195282,-0.21696703135967255,0.9757599830627441,0,0,0.40995100140571594,0.013144000433385372,1,0.9947739839553833,-0.06211104616522789,-0.08104215562343597,0,0.06942306458950043,0.9934489727020264,0.09077004343271255,0,0.07487314939498901,-0.0959220603108406,0.9925690293312073,0,0,0.47852200269699097,0,1,0.9948499798774719,-0.056777071207761765,-0.08396413922309875,0,0.04723706096410751,0.9926369786262512,-0.11153896898031235,0,0.08967915177345276,0.10699795186519623,0.9902070164680481,0,0,0.5468819737434387,0,1,0.9774340391159058,-0.015333934687077999,-0.21068468689918518,0,0.015531937591731548,0.999879002571106,-0.0007159762899391353,0,0.21067067980766296,-0.002572007244452834,0.9775540828704834,0,0,0.6152420043945312,0,1,0.9049660563468933,-0.13083074986934662,-0.4048708975315094,0,0.10000073164701462,0.9902979731559753,-0.09648698568344116,0,0.4135668873786926,0.046830106526613235,0.9092690348625183,0,0,0.3500170111656189,0.05762200057506561,1,0.23487432301044464,-0.026276035234332085,-0.971670925617218,0,0.9541669487953186,-0.18450500071048737,0.23563233017921448,0,-0.18546900153160095,-0.982479989528656,-0.01826302893459797,0,0.48057499527931213,0.5398669838905334,0.002767999889329076,1,0.9824039936065674,-0.011194830760359764,0.18643304705619812,0,-0.10419715940952301,0.7955710291862488,0.5968329310417175,0,-0.1550019383430481,-0.6057569980621338,0.7804049849510193,0,0,0.9808329939842224,0,1,0.8308719396591187,0.4817367494106293,0.2785354554653168,0,-0.5210828185081482,0.8491941094398499,0.08568092435598373,0,-0.19525547325611115,-0.2163301259279251,0.956596851348877,0,0,0.6651279926300049,0,1,0.9985129833221436,0.05414090305566788,-0.0063713351264595985,0,-0.054465942084789276,0.9957249760627747,-0.07460028678178787,0,0.0023053274489939213,0.07483629882335663,0.997192919254303,0,0,0.8764979839324951,0,1,0.9946240186691284,0.10217098891735077,0.016848046332597733,0,-0.10218099504709244,0.9947659969329834,-0.00025601996458135545,0,-0.01678604818880558,-0.0014669847441837192,0.999858021736145,0,0,0.28557300567626953,0,1,0.9950889945030212,0.09850199520587921,0.009707046672701836,0,-0.09544001519680023,0.9288920164108276,0.35784101486206055,0,0.026230953633785248,-0.35701099038124084,0.9337319731712341,0,0,0.20546099543571472,0,1,0.912729024887085,-0.34796199202537537,0.21412393450737,0,0.3589419722557068,0.4325850307941437,-0.8270609974861145,0,0.19515901803970337,0.8317409753799438,0.5197310447692871,0,0.023354999721050262,0.24012799561023712,-0.0703829973936081,1,0.30632463097572327,0.050072163343429565,0.9506097435951233,0,-0.941207766532898,-0.13350693881511688,0.3103276491165161,0,0.14245101809501648,-0.9897819757461548,0.006232075858861208,0,-0.48057499527931213,0.5398439764976501,0.002065999899059534,1,0.8308219909667969,0.5564839839935303,0.007831903174519539,0,-0.3908548653125763,0.5734058618545532,0.7200261950492859,0,0.39619219303131104,-0.6012741327285767,0.693902850151062,0,0,0.9808329939842224,0,1,0.6089154481887817,-0.7695585489273071,-0.19235728681087494,0,0.793194591999054,0.5931436419487,0.13791941106319427,0,0.007958793081343174,-0.23655781149864197,0.9715849757194519,0,0,0.6650000214576721,0,1,-0.0686606839299202,-0.021348465234041214,-0.997411847114563,0,0.4763106405735016,0.8777626156806946,-0.05157710239291191,0,0.8765925168991089,-0.47861844301223755,-0.050099361687898636,0,0,0.8764730095863342,0,1,-0.8020380139350891,-0.5948259830474854,0.054005999118089676,0,-0.5965330004692078,0.793267011642456,-0.12196599692106247,0,0.02970699965953827,-0.13003799319267273,-0.9910640120506287,0,0,0.07839500159025192,0,1,0.11080700159072876,-0.9195629954338074,-0.3769949972629547,0,0.8192530274391174,-0.13022899627685547,0.5584489703178406,0,-0.562624990940094,-0.37073400616645813,0.7389240264892578,0,0,0.275738000869751,0,1,0.9955610036849976,-0.04630099982023239,0.08194699883460999,0,-0.0033199999015778303,0.8528220057487488,0.5221920013427734,0,-0.09406399726867676,-0.5201460123062134,0.8488820195198059,0,-0.13106699287891388,0.2971459925174713,-0.11203300207853317,1,-0.6473950147628784,-0.03743276000022888,0.7612349987030029,0,0.5728400349617004,-0.6827147603034973,0.45360222458839417,0,0.5027269124984741,0.729725182056427,0.4634287357330322,0,0.45702099800109863,-0.22776900231838226,0.06938000023365021,1,0.9440459609031677,-0.21483804285526276,-0.2502421438694,0,-0.036481086164712906,0.6860640048980713,-0.7266259789466858,0,0.32778915762901306,0.695097029209137,0.6398389339447021,0,0,1.7867109775543213,0,1,0.71977698802948,-0.07027704268693924,-0.6906390190124512,0,0.547885000705719,0.6684560775756836,0.5029799342155457,0,0.42631304264068604,-0.7404239177703857,0.5196430683135986,0,0,1.655758023262024,0,1,0.9939900040626526,-0.05058297514915466,-0.09708699584007263,0,0.10737697780132294,0.6232320070266724,0.7746300101280212,0,0.021325014531612396,-0.7803990244865417,0.6249179840087891,0,0,0.28195300698280334,0,1,-0.9062610268592834,0.37027186155319214,-0.20393617451190948,0,-0.4227009415626526,-0.7982099652290344,0.4291672110557556,0,-0.003875112161040306,0.4751412272453308,0.8799008727073669,0,-0.45702099800109863,-0.22776900231838226,0.07642599940299988,1,0.9893770217895508,-0.019347092136740685,0.14408190548419952,0,0.128835991024971,0.575813889503479,-0.8073660731315613,0,-0.06734385341405869,0.8173520565032959,0.5721898674964905,0,0,1.7867259979248047,0,1,0.7913369536399841,0.028129942715168,0.6107330322265625,0,-0.6102920770645142,0.09591897577047348,0.7863479256629944,0,-0.03646104037761688,-0.9949920177459717,0.09307093918323517,0,0,1.6565749645233154,0,1,0.9696530103683472,0.055922988802194595,0.2380020171403885,0,-0.21235701441764832,0.6750399470329285,0.7065590620040894,0,-0.1211480051279068,-0.7356590628623962,0.6664309501647949,0,0,0.3066459894180298,0,1
K0.100,0.598118007183075,0.06498599797487259,0.7987689971923828,0,-0.08961299806833267,0.9958789944648743,-0.01391999889165163,0,-0.7963820099830627,-0.06325399875640869,0.6014770269393921,0,0.05623700097203255,3.2980101108551025,0.023172998800873756,1,0.999891996383667,-0.005674000363796949,-0.01356500107795,0,0.008458000607788563,0.9765740036964417,0.21501700580120087,0,0.01202700100839138,-0.2151080071926117,0.9765160083770752,0,0,0.40995100140571594,0.013144000433385372,1,0.9970160126686096,-0.05380000174045563,-0.05536099895834923,0,0.058566998690366745,0.994359016418457,0.08843400329351425,0,0.05029100179672241,-0.0914129987359047,0.9945420026779175,0,0,0.47852200269699097,0,1,0.9971619844436646,-0.045549001544713974,-0.05993900075554848,0,0.03859100118279457,0.9928990006446838,-0.11253099888563156,0,0.06463900208473206,0.10989899933338165,0.9918389916419983,0,0,0.5468819737434387,0,1,0.9652019739151001,-0.018685000017285347,-0.26083600521087646,0,0.019370999187231064,0.9998120069503784,0.00005599996802629903,0,0.2607859969139099,-0.005106000229716301,0.965382993221283,0,0,0.6152420043945312,0,1,0.8859909772872925,-0.18099400401115417,-0.426921010017395,0,0.1490889936685562,0.9829810261726379,-0.10733199864625931,0,0.43908199667930603,0.03144599869847298,0.8978970050811768,0,0,0.3500170111656189,0.05762200057506561,1,0.18308299779891968,-0.02100200019776821,-0.9828730225563049,0,0.9658380150794983,-0.18267300724983215,0.18381300568580627,0,-0.18340499699115753,-0.9829490184783936,-0.013159999623894691,0,0.48057499527931213,0.5398669838905334,0.002767999889329076,1,0.9835169911384583,-0.03992399945855141,0.17635199427604675,0,-0.07615400105714798,0.7931349873542786,0.6042670011520386,0,-0.16399499773979187,-0.6077370047569275,0.7770209908485413,0,0,0.9808329939842224,0,1,0.838379979133606,0.5030310153961182,0.20994900166988373,0,-0.5297759771347046,0.8426110148429871,0.09666000306606293,0,-0.12828199565410614,-0.19226400554180145,0.9729229807853699,0,0,0.6651279926300049,0,1,0.9948220252990723,0.08858700096607208,0.04980499669909477,0,-0.0870169997215271,0.9956640005111694,-0.03287400305271149,0,-0.052501995116472244,0.028370002284646034,0.9982179999351501,0,0,0.8764979839324951,0,1,0.9945729970932007,0.10347100347280502,0.010871999897062778,0,-0.10350699722766876,0.9946249723434448,0.0028219998348504305,0,-0.010521999560296535,-0.003932000137865543,0.9999369978904724,0,0,0.28557300567626953,0,1,0.9950739741325378,0.09902100265026093,0.004745999816805124,0,-0.0940999984741211,0.928384006023407,0.35951200127601624,0,0.03119399957358837,-0.3581869900226593,0.9331290125846863,0,0,0.20546099543571472,0,1,0.9117779731750488,-0.3469749987125397,0.21970400214195251,0,0.3625360131263733,0.4286839962005615,-0.8275250196456909,0,0.19294700026512146,0.8341689705848694,0.5166559815406799,0,0.023354999721050262,0.24012799561023712,-0.0703829973936081,1,0.21560600399971008,0.029363000765442848,0.9760389924049377,0,-0.9661080241203308,-0.13888399302959442,0.21759100258350372,0,0.1419450044631958,-0.9898729920387268,-0.0015759996604174376,0,-0.48057499527931213,0.5398439764976501,0.002065999899059534,1,0.8459150195121765,0.5331500172615051,0.013361000455915928,0,-0.40043601393699646,0.6184020042419434,0.6761879920959473,0,0.3522469997406006,-0.577347993850708,0.7366080284118652,0,0,0.9808329939842224,0,1,0.5027520060539246,-0.8452630043029785,-0.18102599680423737,0,0.8583970069885254,0.46347200870513916,0.21988099813461304,0,-0.10195699334144592,-0.26593801379203796,0.9585829973220825,0,0,0.6650000214576721,0,1,0.03646599501371384,-0.1750590056180954,-0.9838820099830627,0,0.3749519884586334,0.9150069952011108,-0.14890800416469574,0,0.9263269901275635,-0.36347800493240356,0.09900499135255814,0,0,0.8764730095863342,0,1,-0.8020380139350891,-0.5948259830474854,0.05400700122117996,0,-0.5965330004692078,0.793267011642456,-0.12196599692106247,0,0.02970699965953827,-0.13003799319267273,-0.9910640120506287,0,0,0.07839500159025192,0,1,0.11080700159072876,-0.9195629954338074,-0.3769949972629547,0,0.8192530274391174,-0.13022899627685547,0.5584489703178406,0,-0.562624990940094,-0.37073400616645813,0.7389249801635742,0,0,0.275738000869751,0,1,0.9955610036849976,-0.04630099982023239,0.08194699883460999,0,-0.0033199999015778303,0.8528209924697876,0.5221920013427734,0,-0.09406500309705734,-0.5201460123062134,0.8488820195198059,0,-0.13106699287891388,0.2971459925174713,-0.11203300207853317,1,-0.6479309797286987,-0.06803199648857117,0.7586550116539001,0,0.5660820007324219,-0.7094219923019409,0.4198470115661621,0,0.5096439719200134,0.7014920115470886,0.4981679916381836,0,0.45702099800109863,-0.22776900231838226,0.06938000023365021,1,0.949940025806427,-0.20833000540733337,-0.2328370064496994,0,-0.028331000357866287,0.6847289800643921,-0.7282469868659973,0,0.31114599108695984,0.6983870267868042,0.6445490121841431,0,0,1.7867109775543213,0,1,0.7238600254058838,-0.06248199939727783,-0.6871119737625122,0,0.5469560027122498,0.6590080261230469,0.5162820219993591,0,0.4205540120601654,-0.7495359778404236,0.5112050175666809,0,0,1.655758023262024,0,1,0.9938160181045532,-0.051688000559806824,-0.09827999770641327,0,0.10898999869823456,0.6234390139579773,0.7742379903793335,0,0.02125299908220768,-0.7801610231399536,0.6252170205116272,0,0,0.28195300698280334,0,1,-0.9020360112190247,0.3916279971599579,-0.18154500424861908,0,-0.43149399757385254,-0.8063780069351196,0.40443500876426697,0,0.011993998661637306,0.44315001368522644,0.8963670134544373,0,-0.45702099800109863,-0.22776900231838226,0.07642599940299988,1,0.9880220293998718,-0.004858000669628382,0.1542380005121231,0,0.12710300087928772,0.592415988445282,-0.7955430150032043,0,-0.08750899881124496,0.8056179881095886,0.5859370231628418,0,0,1.7867259979248047,0,1,0.7957800030708313,0.03405899927020073,0.6046270132064819,0,-0.6046259999275208,0.10087499767541885,0.7900959849357605,0,-0.03408199921250343,-0.9943159818649292,0.10086700320243835,0,0,1.6565749645233154,0,1,0.9695559740066528,0.054350998252630234,0.2387620061635971,0,-0.21089600026607513,0.6808390021324158,0.7014139890670776,0,-0.12443599849939346,-0.7304139733314514,0.6715739965438843,0,0,0.3066459894180298,0,1
K0.133,0.5671555995941162,0.07914015650749207,0.8197992444038391,0,-0.07113781571388245,0.9963600039482117,-0.04696932062506676,0,-0.8205323219299316,-0.03168071061372757,0.5707215666770935,0,0.06192806363105774,3.3067800998687744,0.05956447124481201,1,0.9999489784240723,0.0033691043499857187,0.009571246802806854,0,-0.005330153275281191,0.9770389795303345,0.21299494802951813,0,-0.008634218946099281,-0.2130349725484848,0.9770060181617737,0,0,0.40995100140571594,0.013144000433385372,1,0.9987670183181763,-0.04476087912917137,-0.02144763059914112,0,0.04644184932112694,0.9952430129051208,0.08564193546772003,0,0.017512645572423935,-0.08653292059898376,0.9960950016975403,0,0,0.47852200269699097,0,1,0.9990530014038086,-0.033517852425575256,-0.027758650481700897,0,0.030144890770316124,0.993012011051178,-0.11409404873847961,0,0.03138863667845726,0.11315006017684937,0.9930819869041443,0,0,0.5468819737434387,0,1,0.9457277655601501,-0.01973896473646164,-0.3243596851825714,0,0.025172045454382896,0.9996039867401123,0.012562159448862076,0,0.32398369908332825,-0.020045176148414612,0.9458507895469666,0,0,0.6152420043945312,0,1,0.8549976348876953,-0.24409455060958862,-0.45759934186935425,0,0.20842452347278595,0.9696518182754517,-0.1278051882982254,0,0.47490835189819336,0.01389879547059536,0.8799258470535278,0,0,0.3500170111656189,0.05762200057506561,1,0.12569557130336761,-0.01521894708275795,-0.9919520616531372,0,0.9754160642623901,-0.1805410236120224,0.12636956572532654,0,-0.18101103603839874,-0.9834499955177307,-0.007848975248634815,0,0.48057499527931213,0.5398669838905334,0.002767999889329076,1,0.983661949634552,-0.09170978516340256,0.15491169691085815,0,-0.021060148254036903,0.7959800958633423,0.604955792427063,0,-0.1787872165441513,-0.5983347296714783,0.7810441851615906,0,0,0.9808329939842224,0,1,0.8410749435424805,0.526604175567627,0.12361498922109604,0,-0.5392200350761414,0.8343399167060852,0.11453322321176529,0,-0.04282400757074356,-0.1629866361618042,0.9856980443000793,0,0,0.6651279926300049,0,1,0.9886949062347412,0.11347627639770508,0.09800959378480911,0,-0.11455438286066055,0.9934019446372986,0.005429583601653576,0,-0.09674649685621262,-0.01659569889307022,0.9951708912849426,0,0,0.8764979839324951,0,1,0.9944769740104675,0.10484601557254791,0.004727947060018778,0,-0.10487301647663116,0.99446702003479,0.006052024662494659,0,-0.00406694458797574,-0.006515019107609987,0.9999709725379944,0,0,0.28557300567626953,0,1,0.9950309991836548,0.09957000613212585,-0.0002530482888687402,0,-0.092755988240242,0.9278510212898254,0.3612320125102997,0,0.036202047020196915,-0.3594129979610443,0.9324759840965271,0,0,0.20546099543571472,0,1,0.9108030200004578,-0.34594398736953735,0.225302055478096,0,0.3661540150642395,0.4248119592666626,-0.8279290199279785,0,0.19070598483085632,0.8365749716758728,0.5135889649391174,0,0.023354999721050262,0.24012799561023712,-0.0703829973936081,1,0.12969008088111877,0.007265758700668812,0.9915280342102051,0,-0.9809860587120056,-0.1446709781885147,0.12937206029891968,0,0.14438596367835999,-0.9894530177116394,-0.011635104194283485,0,-0.48057499527931213,0.5398439764976501,0.002065999899059534,1,0.8656522631645203,0.5005714893341064,-0.00864971149712801,0,-0.39714765548706055,0.6971130967140198,0.596913754940033,0,0.3048276901245117,-0.5132847428321838,0.8022587895393372,0,0,0.9808329939842224,0,1,0.33263087272644043,-0.9220054149627686,-0.19814832508563995,0,0.9157682061195374,0.26561567187309265,0.30135753750801086,0,-0.22522209584712982,-0.2816987633705139,0.9326956868171692,0,0,0.6650000214576721,0,1,0.16953007876873016,-0.28033918142318726,-0.9448117017745972,0,0.22386713325977325,0.9445810914039612,-0.24010159075260162,0,0.9597619771957397,-0.17080779373645782,0.22289352118968964,0,0,0.8764730095863342,0,1,-0.8020390272140503,-0.594825029373169,0.054005999118089676,0,-0.5965330004692078,0.793267011642456,-0.12196599692106247,0,0.02970699965953827,-0.13003799319267273,-0.9910640120506287,0,0,0.07839500159025192,0,1,0.11080700159072876,-0.9195629954338074,-0.3769949972629547,0,0.8192530274391174,-0.13022899627685547,0.5584489703178406,0,-0.562624990940094,-0.37073400616645813,0.7389240264892578,0,0,0.275738000869751,0,1,0.9955610036849976,-0.04630099982023239,0.08194699883460999,0,-0.0033199999015778303,0.8528220057487488,0.5221920013427734,0,-0.09406399726867676,-0.5201460123062134,0.8488820195198059,0,-0.13106699287891388,0.2971459925174713,-0.11203300207853317,1,-0.6533141136169434,-0.10625339299440384,0.7495937943458557,0,0.552007794380188,-0.7444643378257751,0.3755805492401123,0,0.5181390643119812,0.6591534614562988,0.5450215339660645,0,0.45702099800109863,-0.22776900231838226,0.06938000023365021,1,0.9577440619468689,-0.19591183960437775,-0.21058371663093567,0,-0.02104891464114189,0.682449996471405,-0.730629026889801,0,0.286851704120636,0.7041880488395691,0.6494890451431274,0,0,1.7867109775543213,0,1,0.7346901893615723,-0.05509893596172333,-0.6761608123779297,0,0.5456960201263428,0.6401457786560059,0.5407683253288269,0,0.40304574370384216,-0.7662752270698547,0.5003758668899536,0,0,1.655758023262024,0,1,0.9937719702720642,-0.0488579235970974,-0.10015101730823517,0,0.10869497060775757,0.6230539679527283,0.7745900750160217,0,0.024555062875151634,-0.7806510329246521,0.6244839429855347,0,0,0.28195300698280334,0,1,-0.8943268656730652,0.420499324798584,-0.15284068882465363,0,-0.4459731876850128,-0.8104190230369568,0.3799077868461609,0,0.0358852781355381,0.4079246520996094,0.9123101234436035,0,-0.45702099800109863,-0.22776900231838226,0.07642599940299988,1,0.9847679138183594,0.016764242202043533,0.1730652153491974,0,0.12676897644996643,0.612021267414093,-0.7806147933006287,0,-0.11900635808706284,0.7906628251075745,0.6005741953849792,0,0,1.7867259979248047,0,1,0.8004270195960999,0.040764085948467255,0.5980419516563416,0,-0.5985479354858398,0.10845310240983963,0.7937120199203491,0,-0.03250398859381676,-0.9932649731636047,0.11120813339948654,0,0,1.6565749645233154,0,1,0.9694039821624756,0.052541982382535934,0.23978102207183838,0,-0.20934998989105225,0.6870110630989075,0.6958369612693787,0,-0.12817102670669556,-0.7247449159622192,0.6769910454750061,0,0,0.3066459894180298,0,1
