1.767,30,53,33
B0,mixamorig_Hips,-1,0.9572693109512329,-0.09582073986530304,0.2709656357765198,0,0.09996234625577927,0.9949290752410889,-0.0020977116655558348,0,-0.26938071846961975,0.028829244896769524,0.9620791077613831,0,-0.15583038330078125,3.0520732402801514,0.09485205262899399,1
B1,mixamorig_Spine,0,0.9858983159065247,-0.1656380593776703,0.022883495315909386,0,0.13903990387916565,0.8881546258926392,0.43797701597213745,0,-0.09287847578525543,-0.4286063611507416,0.8986886143684387,0,0,0.45975399017333984,0.03396499902009964,1
B2,mixamorig_Spine1,1,0.9878515601158142,-0.15360575914382935,-0.0232933908700943,0,0.15495799481868744,0.9850350618362427,0.07537615299224854,0,0.01136353611946106,-0.07807265222072601,0.9968712329864502,0,0,0.5378410220146179,0,1
B3,mixamorig_Spine2,2,0.9906527996063232,-0.13312198221683502,-0.029601706191897392,0,0.12874728441238403,0.9844985008239746,-0.11905930936336517,0,0.04498980939388275,0.1141333356499672,0.992435872554779,0,0,0.6146770119667053,0,1
B4,mixamorig_Neck,3,0.8884267807006836,-0.11437651515007019,-0.4445142149925232,0,0.0013104809913784266,0.9690019488334656,-0.24662652611732483,0,0.4589991867542267,0.2185138761997223,0.8610286116600037,0,0,0.691510021686554,0,1
B5,mixamorig_Head,4,0.9384810328483582,0.0536375567317009,-0.3409842550754547,0,0.027180694043636322,0.9731734991073608,0.22777733206748962,0,0.3439510464668274,-0.22308842837810516,0.9119805693626404,0,0,0.2454809993505478,-0.04089999943971634,1
B6,mixamorig_HeadTop_End,5,1,0,0,0,0,1,0,0,0,0,1,0,0,1.500491976737976,-0.2500010132789612,1
B7,mixamorig_LeftShoulder,3,0.07222826778888702,0.0033372442703694105,-0.997377336025238,0,0.9267345666885376,-0.3698514997959137,0.06587951630353928,0,-0.3686636984348297,-0.9290719032287598,-0.029791584238409996,0,0.47368699312210083,0.6025000214576721,0.0059369998052716255,1
B8,mixamorig_LeftArm,7,0.9778469800949097,-0.04271726310253143,0.2048170119524002,0,-0.024969305843114853,0.9479599595069885,0.31655287742614746,0,-0.20780770480632782,-0.3146410882472992,0.925900399684906,0,0,0.9716910123825073,0,1
B9,mixamorig_LeftForeArm,8,0.6465463638305664,0.6982493996620178,-0.30502596497535706,0,-0.6639100909233093,0.7125398516654968,0.22387900948524475,0,0.374050498008728,0.05782867968082428,0.9255955219268799,0,0,0.6897770166397095,0,1
B10,mixamorig_LeftHand,9,0.9860469698905945,-0.13180574774742126,-0.10015382617712021,0,0.12061458826065063,0.9862382411956787,-0.11055948585271835,0,0.11366083472967148,0.09694325923919678,0.9886488914489746,0,0,0.8503209948539734,0,1
B11,mixamorig_LeftHandIndex1,10,0.5166401267051697,0.039900634437799454,0.8551971912384033,0,-0.09255555272102356,0.9955965280532837,0.009464080445468426,0,-0.8511726260185242,-0.08405498415231705,0.5181095600128174,0,0,0.1171870008111,0,1
B12,mixamorig_LeftHandIndex2,11,0.8744884729385376,-0.47051504254341125,-0.11726126074790955,0,0.4708300530910492,0.7661288380622864,0.4371829628944397,0,-0.1159798800945282,-0.43752214312553406,0.8916398286819458,0,0,0.2788729965686798,0,1
B13,mixamorig_LeftHandIndex3,12,0.901507556438446,0.39086204767227173,-0.18564032018184662,0,-0.34827229380607605,0.9099841713905334,0.2248363345861435,0,0.25677287578582764,-0.138036847114563,0.956525981426239,0,-0.1382330060005188,0.2833450138568878,-0.13067300617694855,1
B14,mixamorig_LeftHandIndex4,13,1,0,0,0,0,1,0,0,0,0,1,0,0.01849599927663803,0.12047600001096725,-0.06827899813652039,1
B15,mixamorig_RightShoulder,3,0.1310756653547287,0.003420620458200574,0.9912850856781006,0,-0.9332517385482788,-0.3366941511631012,0.12457312643527985,0,0.3342045545578003,-0.9416024684906006,-0.04090569168329239,0,-0.47368699312210083,0.6025940179824829,0.007207999937236309,1
B16,mixamorig_RightArm,15,0.6509253978729248,0.5362321734428406,-0.5372761487960815,0,-0.05272294208407402,0.7379791736602783,0.6727030277252197,0,0.7572498321533203,-0.40956711769104004,0.5087144374847412,0,0,0.9716910123825073,0,1
B17,mixamorig_RightForeArm,16,0.8581247329711914,-0.4800228476524353,0.1781522035598755,0,0.4920010268688202,0.8697564005851746,-0.026213793084025383,0,-0.142857164144516,0.10960806906223297,0.9833033084869385,0,0,0.6897259950637817,0,1
B18,mixamorig_RightHand,17,0.6541283130645752,-0.606646716594696,-0.4511319398880005,0,0.6397505402565002,0.7623625993728638,-0.09758145362138748,0,0.40312859416007996,-0.2247757464647293,0.8867842555046082,0,0,0.8502560257911682,0,1
B19,mixamorig_RightHandIndex1,18,0.9427610039710999,-0.261013001203537,0.20754200220108032,0,0.08695899695158005,0.7932680249214172,0.6026315093040466,0,-0.32193049788475037,-0.5500900149345398,0.7705594897270203,0,0,0.133775994181633,0,1
B20,mixamorig_RightHandIndex2,19,0.9311814904212952,-0.2810865044593811,-0.23214499652385712,0,0.17466799914836884,-0.21493849158287048,0.9608809947967529,0,-0.3199880123138428,-0.9353029727935791,-0.15104949474334717,0,0,0.2829039990901947,0,1
B21,mixamorig_RightHandIndex3,20,0.9976069927215576,0.026311999186873436,0.06393499672412872,0,-0.06572200357913971,0.647984504699707,0.7588130235671997,0,-0.021462999284267426,-0.7611989974975586,0.6481630206108093,0,-0.036104001104831696,0.2682889997959137,-0.1744839996099472,1
B22,mixamorig_RightHandIndex4,21,1,0,0,0,0,1,0,0,0,0,1,0,0.02318600006401539,0.11503300070762634,-0.046879999339580536,1
B23,mixamorig_LeftUpLeg,0,-0.7856436967849731,0.075422503054142,0.6139934062957764,0,0.4980964958667755,-0.5113999247550964,0.7001869678497314,0,0.3668612837791443,0.8560034036636353,0.3641951084136963,0,0.43481600284576416,-0.25539299845695496,0.04547800123691559,1
B24,mixamorig_LeftLeg,23,0.8120476007461548,-0.3846556842327118,-0.438075453042984,0,-0.188248872756958,0.5384940505027771,-0.8212926387786865,0,0.5518162250518799,0.7493956685066223,0.36487269401550293,0,0,1.6006540060043335,0,1
B25,mixamorig_LeftFoot,24,0.9949747920036316,-0.0031728295143693686,0.0996536985039711,0,-0.06642060726881027,0.7243300676345825,0.6861942410469055,0,-0.07437382638454437,-0.6893911361694336,0.7205509543418884,0,0,1.6453319787979126,0,1
B26,mixamorig_LeftToeBase,25,0.9950500130653381,-0.08934048563241959,-0.04351651296019554,0,0.09369900077581406,0.6976029872894287,0.7103314995765686,0,-0.033103976398706436,-0.7108924984931946,0.702521026134491,0,0,0.34090399742126465,0,1
B27,mixamorig_LeftToe_End,26,1,0,0,0,0,1,0,0,0,0,1,0,0,0.0960180014371872,0,1
B28,mixamorig_RightUpLeg,0,-0.9023013114929199,0.28797826170921326,-0.3206886351108551,0,-0.3013450801372528,-0.9532548785209656,-0.008209297433495522,0,-0.3079338073730469,0.0891987681388855,0.9470314383506775,0,-0.43481600284576416,-0.25539299845695496,-0.018526000902056694,1
B29,mixamorig_RightLeg,28,0.8947688341140747,-0.32889524102211,-0.29922202229499817,0,-0.07389922440052032,0.554827868938446,-0.8284311294555664,0,0.43834641575813293,0.7636881470680237,0.47192293405532837,0,0,1.605726957321167,0,1
B30,mixamorig_RightFoot,29,0.8563587069511414,0.3404235541820526,0.3875100612640381,0,-0.4617856740951538,0.17201456427574158,0.8700782060623169,0,0.22953437268733978,-0.9240305423736572,0.30458125472068787,0,0,1.6446679830551147,0,1
B31,mixamorig_RightToeBase,30,0.9912510514259338,0.07251444458961487,-0.10657434910535812,0,0.03566918149590492,0.6412177085876465,0.7663934230804443,0,0.12383321672677994,-0.763824462890625,0.6328856348991394,0,0,0.3149639964103699,0,1
B32,mixamorig_RightToe_End,31,1,0,0,0,0,1,0,0,0,0,1,0,0,0.11291100084781647,0,1
@28,0,1,2,3,4,5,7,8,9,10,11,12,13,15,16,17,18,19,20,21,23,24,25,26,28,29,30,31
K0.000,0.6369869709014893,0.04642599821090698,0.769474983215332,0,-0.13054999709129333,0.9902629852294922,0.04832499846816063,0,-0.7597389817237854,-0.1312370002269745,0.6368460059165955,0,-0.0037440001033246517,3.117676019668579,0.0025790000800043344,1,0.9980220198631287,-0.03145800158381462,-0.05443299934267998,0,0.044613998383283615,0.9644020199775696,0.26065099239349365,0,0.04429600015282631,-0.2625640034675598,0.9638969898223877,0,0,0.45975399017333984,0.03396499902009964,1,0.9925029873847961,-0.07150600105524063,-0.0991239994764328,0,0.08130399882793427,0.991798996925354,0.09861399978399277,0,0.09126000106334686,-0.10593400150537491,0.9901769757270813,0,0,0.5378410220146179,0,1,0.9925029873847961,-0.07146699726581573,-0.09915199875831604,0,0.06079399958252907,0.9924219846725464,-0.10677900165319443,0,0.10603199899196625,0.09995000064373016,0.9893270134925842,0,0,0.6146770119667053,0,1,0.9866660237312317,-0.010041000321507454,-0.16244900226593018,0,0.004569999873638153,0.9994109869003296,-0.034019000828266144,0,0.1626950055360794,0.032823000103235245,0.9861299991607666,0,0,0.691510021686554,0,1,0.9176589846611023,-0.08968400210142136,-0.3871150016784668,0,0.056501999497413635,0.9937490224838257,-0.09628599882125854,0,0.39333099126815796,0.06648500263690948,0.9169899821281433,0,0,0.2454809993505478,-0.04089999943971634,1,0.29524698853492737,-0.030643999576568604,-0.954928994178772,0,0.9268620014190674,-0.23336000740528107,0.2940570116043091,0,-0.23185400664806366,-0.9719070196151733,-0.04049599915742874,0,0.47368699312210083,0.6025000214576721,0.0059369998052716255,1,0.9791560173034668,0.04565500095486641,0.1979130059480667,0,-0.14606699347496033,0.8353549838066101,0.5299500226974487,0,-0.14113299548625946,-0.5478119850158691,0.8246110081672668,0,0,0.9716910123825073,0,1,0.8235660195350647,0.452241986989975,0.3423680067062378,0,-0.497175008058548,0.866096019744873,0.05190899968147278,0,-0.2730480134487152,-0.21296800673007965,0.9381309747695923,0,0,0.6897770166397095,0,1,0.9973999857902527,0.03209099918603897,-0.06453099846839905,0,-0.039726998656988144,0.9918860197067261,-0.12076299637556076,0,0.06013200059533119,0.1230119988322258,0.9905819892883301,0,0,0.8503209948539734,0,1,0.5146870017051697,0.05920400097966194,0.8553320169448853,0,-0.10026200115680695,0.994924008846283,-0.008534999564290047,0,-0.8514959812164307,-0.08136399835348129,0.5180109739303589,0,0,0.1171870008111,0,1,0.8837739825248718,-0.45495399832725525,-0.10936500132083893,0,0.4554539918899536,0.7828350067138672,0.4239470064640045,0,-0.10726200044155121,-0.4244840145111084,0.899058997631073,0,0,0.2788729965686798,0,1,0.8961970210075378,0.4006350040435791,-0.19058699905872345,0,-0.36011800169944763,0.9078090190887451,0.2149360030889511,0,0.2591269910335541,-0.123990997672081,0.957850992679596,0,-0.1382330060005188,0.2833450138568878,-0.13067300617694855,1,0.42838600277900696,0.0751269981265068,0.9004669785499573,0,-0.8839489817619324,-0.1718360036611557,0.43486401438713074,0,0.18740299344062805,-0.9822570085525513,-0.007203999906778336,0,-0.47368699312210083,0.6025940179824829,0.007207999937236309,1,0.8438000082969666,0.5353140234947205,-0.03794199973344803,0,-0.34956100583076477,0.6018930077552795,0.7180060148239136,0,0.4071959853172302,-0.5925909876823425,0.695002019405365,0,0,0.9716910123825073,0,1,0.6530960202217102,-0.7211909890174866,-0.23097600042819977,0,0.7450289726257324,0.666549026966095,0.02539600059390068,0,0.13564200699329376,-0.18866999447345734,0.9726279973983765,0,0,0.6897259950637817,0,1,0.8087829947471619,-0.5880810022354126,0.0056039998307824135,0,0.5855410099029541,0.8061069846153259,0.08563300222158432,0,-0.05487599968910217,-0.06597699970006943,0.9963110089302063,0,0,0.8502560257911682,0,1,0.9427610039710999,-0.261013001203537,0.20754200220108032,0,0.08695899695158005,0.7932680249214172,0.6026309728622437,0,-0.32193100452423096,-0.5500900149345398,0.7705590128898621,0,0,0.133775994181633,0,1,0.9311820268630981,-0.2810859978199005,-0.23214499652385712,0,0.17466799914836884,-0.2149379998445511,0.9608809947967529,0,-0.3199869990348816,-0.9353029727935791,-0.15105000138282776,0,0,0.2829039990901947,0,1,0.9976069927215576,0.026312999427318573,0.06393499672412872,0,-0.06572200357913971,0.6479840278625488,0.7588130235671997,0,-0.021462999284267426,-0.7611989974975586,0.6481630206108093,0,-0.036104001104831696,0.2682889997959137,-0.1744839996099472,1,-0.6473209857940674,0.013357000425457954,0.7620999813079834,0,0.6068670153617859,-0.5959270000457764,0.5259119868278503,0,0.46118101477622986,0.8029279708862305,0.3776499927043915,0,0.43481600284576416,-0.25539299845695496,0.04547800123691559,1,0.9346100091934204,-0.2243639975786209,-0.27598100900650024,0,-0.07610700279474258,0.6318100094795227,-0.7713779807090759,0,0.3474369943141937,0.741940975189209,0.573419988155365,0,0,1.6006540060043335,0,1,0.9862499833106995,-0.1595589965581894,-0.04303000122308731,0,0.13954399526119232,0.664563000202179,0.7340869903564453,0,-0.08853399753570557,-0.729997992515564,0.6776909828186035,0,0,1.6453319787979126,0,1,0.9979559779167175,-0.06007099896669388,-0.02178099937736988,0,0.057468000799417496,0.6947540044784546,0.7169479727745056,0,-0.027935000136494637,-0.716733992099762,0.6967869997024536,0,0,0.34090399742126465,0,1,-0.9088929891586304,0.3410409986972809,-0.24000699818134308,0,-0.41702800989151,-0.7427589893341064,0.5238280296325684,0,0.00037900000461377203,0.5761939883232117,0.817313015460968,0,-0.43481600284576416,-0.25539299845695496,-0.018526000902056694,1,0.9912710189819336,-0.03097900003194809,0.12814700603485107,0,0.1261640042066574,0.5049909949302673,-0.8538540005683899,0,-0.03826100006699562,0.8625680208206177,0.5044919848442078,0,0,1.605726957321167,0,1,0.9198709726333618,0.3283959925174713,0.21446000039577484,0,-0.3086009919643402,0.26850900053977966,0.9125059843063354,0,0.2420790046453476,-0.9055709838867188,0.34833699464797974,0,0,1.6446679830551147,0,1,0.9971780180931091,0.05218600109219551,-0.05397599935531616,0,0.007468999829143286,0.6464110016822815,0.762952983379364,0,0.07470600306987762,-0.7612019777297974,0.6441969871520996,0,0,0.3149639964103699,0,1
K0.033,0.6386011242866516,0.04101193696260452,0.7684438824653625,0,-0.11587382107973099,0.9923179745674133,0.04333395138382912,0,-0.760763943195343,-0.11671582609415054,0.6384481191635132,0,0.0036290627904236317,3.111470937728882,0.011851075105369091,1,0.9980599880218506,-0.03531411662697792,-0.051272936165332794,0,0.04776009917259216,0.9626019597053528,0.266676127910614,0,0.03993789851665497,-0.26860710978507996,0.9624209403991699,0,0,0.45975399017333984,0.03396499902009964,1,0.9940429925918579,-0.06031879037618637,-0.09077583998441696,0,0.06945077329874039,0.9924539923667908,0.10105603188276291,0,0.08399586379528046,-0.10675900429487228,0.9907310009002686,0,0,0.5378410220146179,0,1,0.9939450025558472,-0.05923176929354668,-0.09254688024520874,0,0.04954078793525696,0.9933729767799377,-0.10371395200490952,0,0.09807585179805756,0.09850097447633743,0.9902920126914978,0,0,0.6146770119667053,0,1,0.9842609167098999,0.03216249868273735,-0.1737682968378067,0,-0.035288501530885696,0.9992660284042358,-0.01492893323302269,0,0.17316029965877533,0.020826047286391258,0.9846739172935486,0,0,0.691510021686554,0,1,0.9129079580307007,-0.12326940149068832,-0.3891069293022156,0,0.08997239917516708,0.9906309247016907,-0.10274308919906616,0,0.3981259763240814,0.05878593027591705,0.9154450297355652,0,0,0.2454809993505478,-0.04089999943971634,1,0.30795320868492126,-0.030114999040961266,-0.9509249329566956,0,0.9244829416275024,-0.22660399973392487,0.3065662086009979,0,-0.22471599280834198,-0.9735209941864014,-0.0419420562684536,0,0.47368699312210083,0.6025000214576721,0.0059369998052716255,1,0.9825750589370728,0.023662695661187172,0.18435484170913696,0,-0.12323568761348724,0.8254418969154358,0.5508701801300049,0,-0.13914000988006592,-0.563991129398346,0.8139748573303223,0,0,0.9716910123825073,0,1,0.8122038841247559,0.47547030448913574,0.3380128741264343,0,-0.5213522911071777,0.8515757918357849,0.05486702173948288,0,-0.2617558240890503,-0.22078704833984375,0.9395410418510437,0,0,0.6897770166397095,0,1,0.998540997505188,0.014841788448393345,-0.051919788122177124,0,-0.022138770669698715,0.9894869327545166,-0.14291831851005554,0,0.04925282299518585,0.14385929703712463,0.9883719682693481,0,0,0.8503209948539734,0,1,0.5170320868492126,0.03602941334247589,0.8552079200744629,0,-0.09101077169179916,0.9957640171051025,0.013071545399725437,0,-0.8511139750480652,-0.0845910832285881,0.5181210041046143,0,0,0.1171870008111,0,1,0.8726056814193726,-0.4737384617328644,-0.11887725442647934,0,0.4740464389324188,0.762827455997467,0.43974339962005615,0,-0.11764027923345566,-0.4400753974914551,0.8902217745780945,0,0,0.2788729965686798,0,1,0.9024801850318909,0.3891206979751587,-0.18469984829425812,0,-0.34603163599967957,0.9103290438652039,0.22707630693912506,0,0.25649791955947876,-0.14101943373680115,0.9562019109725952,0,-0.1382330060005188,0.2833450138568878,-0.13067300617694855,1,0.4251658618450165,0.0774490088224411,0.9017960429191589,0,-0.8832640647888184,-0.18210314214229584,0.4320688545703888,0,0.19768314063549042,-0.9802240133285522,-0.009016023017466068,0,-0.47368699312210083,0.6025940179824829,0.007207999937236309,1,0.8368140459060669,0.5421167612075806,-0.07648959755897522,0,-0.34039559960365295,0.6246044635772705,0.7028517723083496,0,0.4288041293621063,-0.562119722366333,0.7072120904922485,0,0,0.9716910123825073,0,1,0.6450999975204468,-0.7253109812736511,-0.24035516381263733,0,0.7525280714035034,0.6576139330863953,0.03528817370533943,0,0.13246597349643707,-0.2036382406949997,0.9700429439544678,0,0,0.6897259950637817,0,1,0.8282561898231506,-0.560346782207489,-0.002078090561553836,0,0.5592107772827148,0.8263301849365234,0.066791832447052,0,-0.035709820687770844,-0.05648292228579521,0.9977650046348572,0,0,0.8502560257911682,0,1,0.9427610039710999,-0.2610119879245758,0.20754200220108032,0,0.08695899695158005,0.7932680249214172,0.6026309728622437,0,-0.32193100452423096,-0.5500900149345398,0.7705590128898621,0,0,0.133775994181633,0,1,0.9311820268630981,-0.2810859978199005,-0.23214499652385712,0,0.17466799914836884,-0.2149379998445511,0.9608809947967529,0,-0.3199869990348816,-0.9353029727935791,-0.15105000138282776,0,0,0.2829039990901947,0,1,0.9976069927215576,0.026312999427318573,0.06393499672412872,0,-0.06572200357913971,0.6479840278625488,0.7588130235671997,0,-0.021462999284267426,-0.7611989974975586,0.6481630206108093,0,-0.036104001104831696,0.2682889997959137,-0.1744839996099472,1,-0.6451870799064636,0.004266949836164713,0.7640119791030884,0,0.6128110289573669,-0.5943129658699036,0.5208209753036499,0,0.45628491044044495,0.804222047328949,0.3808290362358093,0,0.43481600284576416,-0.25539299845695496,0.04547800123691559,1,0.9274848699569702,-0.24156425893306732,-0.28534117341041565,0,-0.07967206835746765,0.6179848313331604,-0.7821431159973145,0,0.36527326703071594,0.7481590509414673,0.5539257526397705,0,0,1.6006540060043335,0,1,0.9876959919929504,-0.1536979079246521,-0.02885582111775875,0,0.12415479868650436,0.658488929271698,0.742279052734375,0,-0.09508506208658218,-0.736729085445404,0.669469952583313,0,0,1.6453319787979126,0,1,0.9979559779167175,-0.06007099896669388,-0.021781999617815018,0,0.057468000799417496,0.6947540044784546,0.7169470191001892,0,-0.027935000136494637,-0.716733992099762,0.6967869997024536,0,0,0.34090399742126465,0,1,-0.9084470272064209,0.3425200283527374,-0.2395920306444168,0,-0.4179690182209015,-0.7514161467552185,0.5105637907981873,0,-0.005154107231646776,0.5639618039131165,0.8257851004600525,0,-0.43481600284576416,-0.25539299845695496,-0.018526000902056694,1,0.9914140105247498,-0.03780011087656021,0.12517991662025452,0,0.1270419806241989,0.5051689147949219,-0.8536180257797241,0,-0.030970854684710503,0.8621919751167297,0.5056340098381042,0,0,1.605726957321167,0,1,0.9164139628410339,0.3303510248661041,0.22595112025737762,0,-0.32024911046028137,0.2666379511356354,0.9090350270271301,0,0.24005301296710968,-0.9054129719734192,0.35014498233795166,0,0,1.6446679830551147,0,1,0.9971780180931091,0.05218600109219551,-0.05397599935531616,0,0.007468000054359436,0.6464110016822815,0.762952983379364,0,0.07470600306987762,-0.7612019777297974,0.6441969871520996,0,0,0.3149639964103699,0,1
K0.067,0.6515638828277588,0.034837059676647186,0.757793128490448,0,-0.09810318052768707,0.9944260120391846,0.038635049015283585,0,-0.7522230744361877,-0.0995151698589325,0.6513499021530151,0,0.00990693736821413,3.10174298286438,0.019345926120877266,1,0.9978839755058289,-0.04696488380432129,-0.044973064213991165,0,0.05767790228128433,0.9586560726165771,0.2786618769168854,0,0.030027098953723907,-0.28066587448120117,0.9593360424041748,0,0,0.45975399017333984,0.03396499902009964,1,0.9964029788970947,-0.039432208985090256,-0.07500215619802475,0,0.047155220061540604,0.9934419989585876,0.10415896773338318,0,0.07040313631296158,-0.10732099413871765,0.9917290210723877,0,0,0.5378410220146179,0,1,0.9961090087890625,-0.03631322830915451,-0.08030112087726593,0,0.028288209810853004,0.9946939945220947,-0.09891404211521149,0,0.08346614241600037,0.0962580218911171,0.9918509721755981,0,0,0.6146770119667053,0,1,0.9754570722579956,0.08213850110769272,-0.20429469645023346,0,-0.08562250435352325,0.9962930083274841,-0.008255066350102425,0,0.20285969972610474,0.02554495260119438,0.9788750410079956,0,0,0.691510021686554,0,1,0.9091410636901855,-0.163252592086792,-0.3831580579280853,0,0.12986759841442108,0.9852270483970642,-0.11163391172885895,0,0.39572203159332275,0.05173107236623764,0.9169120192527771,0,0,0.2454809993505478,-0.04089999943971634,1,0.32930779457092285,-0.029938001185655594,-0.9437480568885803,0,0.9171950817108154,-0.2272849977016449,0.3272528052330017,0,-0.22429700195789337,-0.9733679890632629,-0.04738794267177582,0,0.47368699312210083,0.6025000214576721,0.0059369998052716255,1,0.9857069253921509,-0.0066996980458498,0.16833417117595673,0,-0.09200731664896011,0.815622091293335,0.5712228417396545,0,-0.14112398028373718,-0.5785468816757202,0.8033481240272522,0,0,0.9716910123825073,0,1,0.7990261316299438,0.5052487254142761,0.3260081112384796,0,-0.5500727295875549,0.8331731557846069,0.05693897604942322,0,-0.24285219609737396,-0.2248239517211914,0.9436509609222412,0,0,0.6897770166397095,0,1,0.999504029750824,-0.0062537905760109425,-0.030867207795381546,0,0.0007957720663398504,0.9847880601882935,-0.17375868558883667,0,0.031484175473451614,0.1736477017402649,0.9843040704727173,0,0,0.8503209948539734,0,1,0.5229169130325317,-0.022383417934179306,0.852090060710907,0,-0.06763923168182373,0.9954130053520203,0.0676574558019638,0,-0.8496959805488586,-0.09301391988992691,0.5190039873123169,0,0,0.1171870008111,0,1,0.8425202965736389,-0.5189195275306702,-0.14450575411319733,0,0.5186516046524048,0.7090405225753784,0.47776761651039124,0,-0.14546272158622742,-0.47747763991355896,0.8665192127227783,0,0,0.2788729965686798,0,1,0.917499840259552,0.35931429266929626,-0.17054913938045502,0,-0.3103903532028198,0.914967954158783,0.2578586935997009,0,0.24869906902313232,-0.18364858627319336,0.951011061668396,0,-0.1382330060005188,0.2833450138568878,-0.13067300617694855,1,0.40968114137649536,0.07808998972177505,0.9088799357414246,0,-0.8873859643936157,-0.19682185351848602,0.41690313816070557,0,0.21144287288188934,-0.9773240089416504,-0.011337976902723312,0,-0.47368699312210083,0.6025940179824829,0.007207999937236309,1,0.8453339338302612,0.5167192220687866,-0.13568641245365143,0,-0.3007863759994507,0.6702355146408081,0.6784632205963135,0,0.4415168762207031,-0.5327153205871582,0.7219948768615723,0,0,0.9716910123825073,0,1,0.6421719789505005,-0.7224779725074768,-0.2562028467655182,0,0.7556079626083374,0.6528920531272888,0.052807826548814774,0,0.12912003695964813,-0.2275007665157318,0.9651790857315063,0,0,0.6897259950637817,0,1,0.8456178307533264,-0.5336732268333435,-0.011126909404993057,0,0.5334962606430054,0.8442808389663696,0.05071016028523445,0,-0.01766817830502987,-0.04881807416677475,0.9986510276794434,0,0,0.8502560257911682,0,1,0.9427610039710999,-0.261013001203537,0.20754200220108032,0,0.08695899695158005,0.7932680249214172,0.6026319861412048,0,-0.32193100452423096,-0.5500900149345398,0.7705590128898621,0,0,0.133775994181633,0,1,0.9311820268630981,-0.2810859978199005,-0.23214499652385712,0,0.17466799914836884,-0.2149370014667511,0.9608809947967529,0,-0.3199869990348816,-0.9353029727935791,-0.15104900300502777,0,0,0.2829039990901947,0,1,0.9976069927215576,0.026311999186873436,0.06393499672412872,0,-0.06572200357913971,0.6479840278625488,0.7588130235671997,0,-0.021462999284267426,-0.7611989974975586,0.6481630206108093,0,-0.036104001104831696,0.2682889997959137,-0.1744839996099472,1,-0.648392915725708,-0.0007589500746689737,0.7613049745559692,0,0.6152669787406921,-0.5894660353660583,0.5234270095825195,0,0.44836708903312683,0.8077929615974426,0.3826729655265808,0,0.43481600284576416,-0.25539299845695496,0.04547800123691559,1,0.9154441356658936,-0.2661757469177246,-0.3018498122692108,0,-0.08640893548727036,0.6025461554527283,-0.7933918833732605,0,0.39305973052978516,0.7523879408836365,0.5285972356796265,0,0,1.6006540060043335,0,1,0.9894070029258728,-0.14475008845329285,-0.011045176535844803,0,0.10414019972085953,0.6546950340270996,0.7486849427223206,0,-0.10114093869924545,-0.7419039607048035,0.6628340482711792,0,0,1.6453319787979126,0,1,0.9979559779167175,-0.06007099896669388,-0.02178099937736988,0,0.057468000799417496,0.6947540044784546,0.7169479727745056,0,-0.027935000136494637,-0.716733992099762,0.6967869997024536,0,0,0.34090399742126465,0,1,-0.9068920016288757,0.34502097964286804,-0.2418849766254425,0,-0.42106497287750244,-0.7636678814888,0.48940321803092957,0,-0.01586589403450489,0.5456851720809937,0.8378399014472961,0,-0.43481600284576416,-0.25539299845695496,-0.018526000902056694,1,0.9920179843902588,-0.0488588884472847,0.11624909192323685,0,0.1250150203704834,0.5017370581626892,-0.8559389710426331,0,-0.016506142914295197,0.8636389970779419,0.5038400292396545,0,0,1.605726957321167,0,1,0.9120170474052429,0.33438098430633545,0.23751787841320038,0,-0.3314128816127777,0.2596130669116974,0.9070649743080139,0,0.24164198338985443,-0.9059749841690063,0.34759002923965454,0,0,1.6446679830551147,0,1,0.9971780180931091,0.05218600109219551,-0.05397599935531616,0,0.007468999829143286,0.6464120149612427,0.7629520297050476,0,0.07470600306987762,-0.7612019777297974,0.6441969871520996,0,0,0.3149639964103699,0,1
K0.100,0.6946849822998047,0.021637000143527985,0.7189890146255493,0,-0.07570300251245499,0.9961959719657898,0.043164998292922974,0,-0.7153199911117554,-0.08441600203514099,0.6936799883842468,0,0.004190000239759684,3.0884718894958496,0.020540999248623848,1,0.996982991695404,-0.07007399946451187,-0.033392999321222305,0,0.07655400037765503,0.958778977394104,0.2736479938030243,0,0.012841001152992249,-0.2753790020942688,0.9612500071525574,0,0,0.45975399017333984,0.03396499902009964,1,0.9988790154457092,-0.0014680017484351993,-0.04730299860239029,0,0.007031002081930637,0.9930300116539001,0.11765100061893463,0,0.04680100083351135,-0.11785200238227844,0.991927981376648,0,0,0.5378410220146179,0,1,0.9983059763908386,0.0033369981683790684,-0.05807900056242943,0,-0.008093997836112976,0.9966109991073608,-0.08185499906539917,0,0.05760899931192398,0.08218599855899811,0.9949510097503662,0,0,0.6146770119667053,0,1,0.9704740047454834,0.13071000576019287,-0.20272000133991241,0,-0.13377900421619415,0.9910100102424622,-0.0014530003536492586,0,0.20070700347423553,0.028529999777674675,0.9792360067367554,0,0,0.691510021686554,0,1,0.9323989748954773,-0.14407199621200562,-0.3314729928970337,0,0.112574003636837,0.9872609972953796,-0.11244399845600128,0,0.34345000982284546,0.06752700358629227,0.936739981174469,0,0,0.2454809993505478,-0.04089999943971634,1,0.3513289988040924,-0.030122000724077225,-0.9357669949531555,0,0.9083960056304932,-0.23102499544620514,0.348488986492157,0,-0.22668300569057465,-0.9724810123443604,-0.05380300059914589,0,0.47368699312210083,0.6025000214576721,0.0059369998052716255,1,0.987309992313385,-0.03294600173830986,0.15534700453281403,0,-0.06532199680805206,0.8073909878730774,0.5863900184631348,0,-0.14474500715732574,-0.5890970230102539,0.794992983341217,0,0,0.9716910123825073,0,1,0.7787259817123413,0.5433380007743835,0.31363800168037415,0,-0.5867720246315002,0.8076969981193542,0.05765099823474884,0,-0.22200000286102295,-0.22892799973487854,0.9477909803390503,0,0,0.6897770166397095,0,1,0.9992600083351135,-0.038036998361349106,-0.005681001115590334,0,0.035996999591588974,0.9770359992980957,-0.21001200377941132,0,0.01353900134563446,0.20965200662612915,0.9776819944381714,0,0,0.8503209948539734,0,1,0.5292670130729675,-0.08568499982357025,0.8441169857978821,0,-0.04211200028657913,0.9910079836845398,0.12700100243091583,0,-0.8474090099334717,-0.10276500135660172,0.5209000110626221,0,0,0.1171870008111,0,1,0.8067669868469238,-0.5643730163574219,-0.17496000230312347,0,0.5633460283279419,0.6453700065612793,0.5158870220184326,0,-0.17823800444602966,-0.5147629976272583,0.8385999798774719,0,0,0.2788729965686798,0,1,0.9324719905853271,0.3256770074367523,-0.1563040018081665,0,-0.27147600054740906,0.9172170162200928,0.2915709912776947,0,0.23832200467586517,-0.22944900393486023,0.9436929821968079,0,-0.1382330060005188,0.2833450138568878,-0.13067300617694855,1,0.37494000792503357,0.07553599774837494,0.9239670038223267,0,-0.899275004863739,-0.21250000596046448,0.3822929859161377,0,0.2252199947834015,-0.9742370247840881,-0.011746999807655811,0,-0.47368699312210083,0.6025940179824829,0.007207999937236309,1,0.8627060055732727,0.4650940001010895,-0.19856099784374237,0,-0.24281199276447296,0.7253779768943787,0.6441029906272888,0,0.44359999895095825,-0.5074589848518372,0.7387179732322693,0,0,0.9716910123825073,0,1,0.6639919877052307,-0.6962460279464722,-0.2726840078830719,0,0.7353140115737915,0.6741979718208313,0.06907100230455399,0,0.13575300574302673,-0.24637100100517273,0.959621012210846,0,0,0.6897259950637817,0,1,0.8513820171356201,-0.5242930054664612,-0.016265999525785446,0,0.5245190262794495,0.8506190180778503,0.03641999885439873,0,-0.005259000696241856,-0.03954000025987625,0.9992039799690247,0,0,0.8502560257911682,0,1,0.9427610039710999,-0.261013001203537,0.2075430005788803,0,0.08695899695158005,0.7932680249214172,0.6026309728622437,0,-0.32193100452423096,-0.5500900149345398,0.7705590128898621,0,0,0.133775994181633,0,1,0.9311820268630981,-0.2810859978199005,-0.23214499652385712,0,0.17466799914836884,-0.2149379998445511,0.9608809947967529,0,-0.3199869990348816,-0.9353029727935791,-0.15105000138282776,0,0,0.2829039990901947,0,1,0.9976069927215576,0.026311999186873436,0.06393499672412872,0,-0.06572200357913971,0.6479840278625488,0.7588130235671997,0,-0.021462999284267426,-0.7611989974975586,0.6481630206108093,0,-0.036104001104831696,0.2682889997959137,-0.1744839996099472,1,-0.6622610092163086,0.007564999628812075,0.7492349743843079,0,0.6121410131454468,-0.5711749792098999,0.5468479990959167,0,0.432081013917923,0.8207939863204956,0.37363600730895996,0,0.43481600284576416,-0.25539299845695496,0.04547800123691559,1,0.8885610103607178,-0.3106220066547394,-0.3375979959964752,0,-0.09845200181007385,0.5896350145339966,-0.8016470074653625,0,0.4480690062046051,0.7455499768257141,0.4933460056781769,0,0,1.6006540060043335,0,1,0.9916689991950989,-0.1282380074262619,0.012164998799562454,0,0.07629299908876419,0.6608080267906189,0.7466679811477661,0,-0.10379000008106232,-0.7395190000534058,0.6650859713554382,0,0,1.6453319787979126,0,1,0.9979559779167175,-0.06007099896669388,-0.02178099937736988,0,0.057468000799417496,0.6947540044784546,0.7169479727745056,0,-0.027935000136494637,-0.716733992099762,0.6967869997024536,0,0,0.34090399742126465,0,1,-0.905610978603363,0.3400290012359619,-0.25347399711608887,0,-0.42153099179267883,-0.78746497631073,0.4496789872646332,0,-0.04669800028204918,0.5140810012817383,0.8564689755439758,0,-0.43481600284576416,-0.25539299845695496,-0.018526000902056694,1,0.9931089878082275,-0.07566100358963013,0.0894939973950386,0,0.11530499905347824,0.49440398812294006,-0.861549973487854,0,0.02093999832868576,0.8659330010414124,0.4997220039367676,0,0,1.605726957321167,0,1,0.9055870175361633,0.3429360091686249,0.24961499869823456,0,-0.34159499406814575,0.24078400433063507,0.9084799885749817,0,0.25144699215888977,-0.9079750180244446,0.33519500494003296,0,0,1.6446679830551147,0,1,0.9971780180931091,0.0521869994699955,-0.053975000977516174,0,0.007468000054359436,0.6464110016822815,0.762952983379364,0,0.07470600306987762,-0.7612019777297974,0.6441969871520996,0,0,0.3149639964103699,0,1
K0.133,0.781783938407898,-0.01232261210680008,0.6234264373779297,0,-0.02799912355840206,0.9981030225753784,0.05483889579772949,0,-0.622919499874115,-0.06032750383019447,0.779956042766571,0,-0.02412343956530094,3.0797770023345947,0.019981028512120247,1,0.9956290125846863,-0.09281516075134277,-0.010417784564197063,0,0.09229307621717453,0.9605948328971863,0.26218050718307495,0,-0.014327303506433964,-0.26199647784233093,0.9649628400802612,0,0,0.45975399017333984,0.03396499902009964,1,0.9993249773979187,0.03630417212843895,-0.005561631638556719,0,-0.03535620495676994,0.9919049739837646,0.12196062505245209,0,0.009944634512066841,-0.12168165296316147,0.9925190806388855,0,0,0.5378410220146179,0,1,0.9988579750061035,0.04313123971223831,-0.020565668120980263,0,-0.04451620951294899,0.9963779449462891,-0.07245831936597824,0,0.017365630716085434,0.07329030334949493,0.9971590042114258,0,0,0.6146770119667053,0,1,0.9822638630867004,0.17049412429332733,-0.07802659273147583,0,-0.160592719912529,0.9797901511192322,0.11925054341554642,0,0.09678225219249725,-0.10460495203733444,0.9897932410240173,0,0,0.691510021686554,0,1,0.9878138303756714,0.030670011416077614,-0.15258657932281494,0,-0.051369599997997284,0.9896997213363647,-0.1336236298084259,0,0.1469172239303589,0.13983331620693207,0.9792150259017944,0,0,0.2454809993505478,-0.04089999943971634,1,0.447464257478714,-0.03182699903845787,-0.8937352299690247,0,0.8613322377204895,-0.2535151243209839,0.44026920199394226,0,-0.24058793485164642,-0.9668079614639282,-0.0860254094004631,0,0.47368699312210083,0.6025000214576721,0.0059369998052716255,1,0.9803428053855896,-0.042028579860925674,0.19277162849903107,0,-0.08183855563402176,0.8024116158485413,0.5911329984664917,0,-0.17952656745910645,-0.5952893495559692,0.7831988334655762,0,0,0.9716910123825073,0,1,0.8038322329521179,0.5340560078620911,0.2619847357273102,0,-0.5636358857154846,0.8246030211448669,0.04841562360525131,0,-0.19017699360847473,-0.18658263981342316,0.9638561606407166,0,0,0.6897770166397095,0,1,0.9845224022865295,-0.16387273371219635,-0.0621410608291626,0,0.1394648402929306,0.9472780227661133,-0.2884688675403595,0,0.1061369776725769,0.275337278842926,0.955470085144043,0,0,0.8503209948539734,0,1,0.5520521402359009,-0.3126024007797241,0.7729931473731995,0,0.05379166454076767,0.9384833574295044,0.34111034870147705,0,-0.8320727944374084,-0.14672939479351044,0.5349071025848389,0,0,0.1171870008111,0,1,0.6509088277816772,-0.6940024495124817,-0.30769601464271545,0,0.689043402671814,0.3699638843536377,0.6231733560562134,0,-0.3186480700969696,-0.6176453828811646,0.719011127948761,0,0,0.2788729965686798,0,1,0.9747672080993652,0.1915220320224762,-0.11466383188962936,0,-0.12775705754756927,0.8998856544494629,0.4169948399066925,0,0.18304747343063354,-0.39182400703430176,0.9016475677490234,0,-0.1382330060005188,0.2833450138568878,-0.13067300617694855,1,0.33265551924705505,0.07307206839323044,0.940213143825531,0,-0.9096559286117554,-0.23809576034545898,0.3403485417366028,0,0.24873074889183044,-0.9684887528419495,-0.01273405086249113,0,-0.47368699312210083,0.6025940179824829,0.007207999937236309,1,0.8684297800064087,0.43439748883247375,-0.23901690542697906,0,-0.21890969574451447,0.7684720754623413,0.6012725830078125,0,0.4448690414428711,-0.4698393940925598,0.7624573111534119,0,0,0.9716910123825073,0,1,0.6999091506004333,-0.6495466232299805,-0.2970123887062073,0,0.6949936747550964,0.715242326259613,0.07356191426515579,0,0.1646544486284256,-0.2579081058502197,0.9520359039306641,0,0,0.6897259950637817,0,1,0.8586031794548035,-0.5119947195053101,-0.02574908547103405,0,0.5126357078552246,0.8577571511268616,0.038174986839294434,0,0.0025410980451852083,-0.04597802460193634,0.9989389777183533,0,0,0.8502560257911682,0,1,0.9427610039710999,-0.261013001203537,0.2075430005788803,0,0.08695899695158005,0.7932680249214172,0.6026309728622437,0,-0.32193100452423096,-0.5500900149345398,0.7705590128898621,0,0,0.133775994181633,0,1,0.9311820268630981,-0.2810859978199005,-0.23214399814605713,0,0.17466799914836884,-0.2149370014667511,0.9608820080757141,0,-0.3199869990348816,-0.9353029727935791,-0.15104900300502777,0,0,0.2829039990901947,0,1,0.9976069927215576,0.026311999186873436,0.06393499672412872,0,-0.06572200357913971,0.6479840278625488,0.7588130235671997,0,-0.021462999284267426,-0.7611989974975586,0.6481630206108093,0,-0.036104001104831696,0.2682889997959137,-0.1744839996099472,1,-0.6895362734794617,0.025756077840924263,0.7237927317619324,0,0.599966824054718,-0.5394747853279114,0.5907683968544006,0,0.405683696269989,0.8416081666946411,0.3565349280834198,0,0.43481600284576416,-0.25539299845695496,0.04547800123691559,1,0.8299220204353333,-0.3842978775501251,-0.4044048488140106,0,-0.11864123493432999,0.5867360830307007,-0.8010398745536804,0,0.545117199420929,0.7127804160118103,0.4413512945175171,0,0,1.6006540060043335,0,1,0.994513988494873,-0.09843062609434128,0.03538911044597626,0,0.041871700435876846,0.6846673488616943,0.7276526689529419,0,-0.0958527997136116,-0.7221786379814148,0.6850323677062988,0,0,1.6453319787979126,0,1,0.9979559779167175,-0.06007000058889389,-0.02178099937736988,0,0.057468000799417496,0.6947540044784546,0.7169479727745056,0,-0.027935000136494637,-0.7167350053787231,0.6967859864234924,0,0,0.34090399742126465,0,1,-0.903348982334137,0.3183915913105011,-0.2873804271221161,0,-0.40879741311073303,-0.8418997526168823,0.3522612750530243,0,-0.12978821992874146,0.4356954097747803,0.8906873464584351,0,-0.43481600284576416,-0.25539299845695496,-0.018526000902056694,1,0.9923899173736572,-0.11919151246547699,0.030904093757271767,0,0.08700556308031082,0.5011824369430542,-0.8609567880630493,0,0.08712988346815109,0.8570936322212219,0.5077383518218994,0,0,1.605726957321167,0,1,0.89740389585495,0.3549911677837372,0.262005090713501,0,-0.3501450717449188,0.2117047756910324,0.9124580025672913,0,0.26844725012779236,-0.9105830192565918,0.3142828941345215,0,0,1.6446679830551147,0,1,0.9971780180931091,0.05218600109219551,-0.05397599935531616,0,0.007468000054359436,0.6464110016822815,0.762952983379364,0,0.07470600306987762,-0.7612019777297974,0.6441969871520996,0,0,0.3149639964103699,0,1
