9.933,30,298,33
B0,mixamorig_Hips,-1,0.9993540644645691,0.023419056087732315,0.02726070210337639,0,-0.022863660007715225,0.999528169631958,-0.020513247698545456,0,-0.02772839553654194,0.01987650990486145,0.999417781829834,0,-0.2479327768087387,3.673187732696533,-0.02786896377801895,1
B1,mixamorig_Spine,0,0.9999799728393555,0.0041946605779230595,0.004757263232022524,0,-0.004563263151794672,0.9967572093009949,0.08034095913171768,0,-0.004404660314321518,-0.08036096394062042,0.9967562556266785,0,0,0.45975399017333984,0.03396499902009964,1
B2,mixamorig_Spine1,1,0.9989101886749268,0.015763243660330772,0.043937984853982925,0,-0.015817418694496155,0.9998741745948792,0.0008876870269887149,0,-0.04391779378056526,-0.001581466756761074,0.9990339875221252,0,0,0.5378410220146179,0,1
B3,mixamorig_Spine2,2,0.9989141821861267,0.015950873494148254,0.04376938194036484,0,-0.01598765328526497,0.9998722076416016,0.000487892801174894,0,-0.043756190687417984,-0.0011878784280270338,0.9990416169166565,0,0,0.6146770119667053,0,1
B4,mixamorig_Neck,3,0.9982162117958069,-0.048708874732255936,-0.03452402353286743,0,0.043363410979509354,0.9889818429946899,-0.1415407657623291,0,0.041037801653146744,0.13979119062423706,0.9893297553062439,0,0,0.691510021686554,0,1
B5,mixamorig_Head,4,0.999285876750946,0.03766602277755737,-0.0028402565512806177,0,-0.03729066625237465,0.995710015296936,0.08463407307863235,0,0.006014144513756037,-0.08446764945983887,0.9964041709899902,0,0,0.2454809993505478,-0.04089999943971634,1
B6,mixamorig_HeadTop_End,5,1,0,0,0,0,1,0,0,0,0,1,0,0,1.500491976737976,-0.2500010132789612,1
B7,mixamorig_LeftShoulder,3,-0.13443560898303986,-0.020940231159329414,-0.9907007813453674,0,0.9856186509132385,-0.10611958056688309,-0.1315026879310608,0,-0.1023792177438736,-0.9941322803497314,0.03490552306175232,0,0.47368699312210083,0.6025000214576721,0.0059369998052716255,1
B8,mixamorig_LeftArm,7,0.9503464102745056,0.30553504824638367,-0.05906416475772858,0,-0.0719815120100975,0.4004785120487213,0.913473904132843,0,0.30275261402130127,-0.863865315914154,0.4025862216949463,0,0,0.9716910123825073,0,1
B9,mixamorig_LeftForeArm,8,0.8579815626144409,0.5135846138000488,-0.009940688498318195,0,-0.5135515928268433,0.8571707606315613,-0.039023950695991516,0,-0.01152068842202425,0.03858635202050209,0.9991887807846069,0,0,0.6897770166397095,0,1
B10,mixamorig_LeftHand,9,0.9543511867523193,-0.19183509051799774,-0.22893847525119781,0,0.23061822354793549,0.9603531360626221,0.15664125978946686,0,0.18981263041496277,-0.2022884339094162,0.9607548117637634,0,0,0.8503209948539734,0,1
B11,mixamorig_LeftHandIndex1,10,0.53404301404953,-0.33705416321754456,0.775366485118866,0,-0.01497366651892662,0.9131820201873779,0.4072762429714203,0,-0.8453245759010315,-0.22911298274993896,0.48263102769851685,0,0,0.1171870008111,0,1
B12,mixamorig_LeftHandIndex2,11,0.7010815143585205,-0.6812034845352173,-0.21082380414009094,0,0.6646064519882202,0.5170647501945496,0.5393903255462646,0,-0.258425235748291,-0.5182714462280273,0.815237283706665,0,0,0.2788729965686798,0,1
B13,mixamorig_LeftHandIndex3,12,0.894751250743866,0.40275898575782776,-0.19288542866706848,0,-0.3699956238269806,0.9104669690132141,0.1848006695508957,0,0.2500450909137726,-0.09398383647203445,0.9636616110801697,0,-0.1382330060005188,0.2833450138568878,-0.13067300617694855,1
B14,mixamorig_LeftHandIndex4,13,1,0,0,0,0,1,0,0,0,0,1,0,0.01849599927663803,0.12047600001096725,-0.06827899813652039,1
B15,mixamorig_RightShoulder,3,-0.06444403529167175,0.005873497109860182,0.9979032874107361,0,-0.9951654672622681,-0.07462713867425919,-0.06382770836353302,0,0.07409510761499405,-0.9971935749053955,0.010653088800609112,0,-0.47368699312210083,0.6025940179824829,0.007207999937236309,1
B16,mixamorig_RightArm,15,0.8651471734046936,-0.5013507008552551,0.012950701639056206,0,0.2159140557050705,0.395647794008255,0.892660915851593,0,-0.45266014337539673,-0.7694866061210632,0.45054227113723755,0,0,0.9716910123825073,0,1
B17,mixamorig_RightForeArm,16,0.8984596133232117,-0.4389841556549072,0.007924043573439121,0,0.4389951825141907,0.8978910446166992,-0.03278708830475807,0,0.007278043311089277,0.032936688512563705,0.9994308352470398,0,0,0.6897259950637817,0,1
B18,mixamorig_RightHand,17,0.9684671759605408,0.24910640716552734,0.004205089062452316,0,-0.24912859499454498,0.9681047201156616,0.02661512978374958,0,0.0025591417215764523,-0.026823071762919426,0.9996371865272522,0,0,0.8502560257911682,0,1
B19,mixamorig_RightHandIndex1,18,0.9854334592819214,0.0392100065946579,0.16547958552837372,0,-0.07070708274841309,0.9794294834136963,0.18899016082286835,0,-0.15466557443141937,-0.19793784618377686,0.9679354429244995,0,0,0.133775994181633,0,1
B20,mixamorig_RightHandIndex2,19,0.9855549335479736,-0.13175824284553528,-0.10640232264995575,0,0.15012533962726593,0.38889795541763306,0.9089650511741638,0,-0.07838413864374161,-0.9118085503578186,0.4030604362487793,0,0,0.2829039990901947,0,1
B21,mixamorig_RightHandIndex3,20,0.9591577649116516,0.2467411458492279,-0.13833244144916534,0,-0.25278565287590027,0.9671258926391602,-0.027697797864675522,0,0.1269504576921463,0.06153525412082672,0.9899986982345581,0,-0.036104001104831696,0.2682889997959137,-0.1744839996099472,1
B22,mixamorig_RightHandIndex4,21,1,0,0,0,0,1,0,0,0,0,1,0,0.02318600006401539,0.11503300070762634,-0.046879999339580536,1
B23,mixamorig_LeftUpLeg,0,-0.9890984296798706,-0.06356142461299896,0.13282687962055206,0,0.07896844297647476,-0.9903194308280945,0.11414806544780731,0,0.12428594380617142,0.12339305877685547,0.9845434427261353,0,0.43481600284576416,-0.25539299845695496,0.04547800123691559,1
B24,mixamorig_LeftLeg,23,0.9889813661575317,0.07438120245933533,0.12799541652202606,0,-0.024038570001721382,0.9338184595108032,-0.3569337725639343,0,-0.14607399702072144,0.349924236536026,0.9253169894218445,0,0,1.6006540060043335,0,1
B25,mixamorig_LeftFoot,24,0.9925318956375122,-0.11458675563335419,-0.0418110154569149,0,0.10011633485555649,0.5694854259490967,0.8158795237541199,0,-0.06967578828334808,-0.8139743208885193,0.576706051826477,0,0,1.6453319787979126,0,1
B26,mixamorig_LeftToeBase,25,0.9976744055747986,-0.0002459711395204067,0.06816044449806213,0,-0.04843436926603317,0.7010374069213867,0.7114778161048889,0,-0.04795768857002258,-0.7131243944168091,0.6993952393531799,0,0,0.34090399742126465,0,1
B27,mixamorig_LeftToe_End,26,1,0,0,0,0,1,0,0,0,0,1,0,0,0.0960180014371872,0,1
B28,mixamorig_RightUpLeg,0,-0.9791103005409241,0.03655078262090683,-0.2000146210193634,0,-0.08287416398525238,-0.9700285792350769,0.22842009365558624,0,-0.1856716424226761,0.2402241975069046,0.9527948498725891,0,-0.43481600284576416,-0.25539299845695496,-0.018526000902056694,1
B29,mixamorig_RightLeg,28,0.9948342442512512,-0.06397742033004761,-0.07880561798810959,0,0.01952478103339672,0.8824829459190369,-0.4699373245239258,0,0.09961032122373581,0.46597033739089966,0.8791736364364624,0,0,1.605726957321167,0,1
B30,mixamorig_RightFoot,29,0.9993926286697388,0.03482619300484657,-0.0003884047910105437,0,-0.02158871479332447,0.6281728744506836,0.7777734994888306,0,0.02732989750802517,-0.7772926092147827,0.6285440325737,0,0,1.6446679830551147,0,1
B31,mixamorig_RightToeBase,30,0.9969329833984375,0,-0.07825600355863571,0,0.06019100174307823,0.6390529870986938,0.7668039798736572,0,0.05000999942421913,-0.7691630125045776,0.6370930075645447,0,0,0.3149639964103699,0,1
B32,mixamorig_RightToe_End,31,1,0,0,0,0,1,0,0,0,0,1,0,0,0.11291100084781647,0,1
@28,0,1,2,3,4,5,7,8,9,10,11,12,13,15,16,17,18,19,20,21,23,24,25,26,28,29,30,31
K0.000,0.9998149871826172,-0.019101999700069427,0.0023300000466406345,0,0.01915699988603592,0.9994649887084961,-0.026498999446630478,0,-0.0018230000277981162,0.026538999751210213,0.999646008014679,0,-0.0087890001013875,3.6574509143829346,-0.010700000450015068,1,0.9999970197677612,0.0007619999814778566,0.002294000005349517,0,-0.0009670000290498137,0.9958959817886353,0.0905039981007576,0,-0.002216000109910965,-0.09050600230693817,0.9958930015563965,0,0,0.45975399017333984,0.03396499902009964,1,0.9990609884262085,0.004964000079780817,0.04303000122308731,0,-0.005727999843657017,0.9998279809951782,0.017638999968767166,0,-0.042934998869895935,-0.017868999391794205,0.9989179968833923,0,0,0.5378410220146179,0,1,0.9990620017051697,0.005716999992728233,0.042924001812934875,0,-0.006473999936133623,0.9998260140419006,0.017518000677227974,0,-0.042817000299692154,-0.017779000103473663,0.998924970626831,0,0,0.6146770119667053,0,1,0.9995719790458679,-0.026592999696731567,-0.01221999991685152,0,0.02490900084376335,0.9922440052032471,-0.12178300321102142,0,0.015363999642431736,0.12142600119113922,0.9924820065498352,0,0,0.691510021686554,0,1,0.9975690245628357,0.06154999881982803,0.032680999487638474,0,-0.06441199779510498,0.9933639764785767,0.09528599679470062,0,-0.026599999517202377,-0.09715999662876129,0.9949129819869995,0,0,0.2454809993505478,-0.04089999943971634,1,-0.11323200166225433,-0.007683999836444855,-0.9935389757156372,0,0.9666969776153564,-0.2318439930677414,-0.10837999731302261,0,-0.2295130044221878,-0.9727230072021484,0.03367999941110611,0,0.47368699312210083,0.6025000214576721,0.0059369998052716255,1,0.8845509886741638,0.45565399527549744,-0.09974599629640579,0,-0.16126500070095062,0.4994010031223297,0.8512300252914429,0,0.4376789927482605,-0.7368710041046143,0.5152260065078735,0,0,0.9716910123825073,0,1,0.872838020324707,0.4879310131072998,-0.008812000043690205,0,-0.4878999888896942,0.872111976146698,-0.037073999643325806,0,-0.010405000299215317,0.03665899857878685,0.9992740154266357,0,0,0.6897770166397095,0,1,0.96287602186203,-0.21486100554466248,-0.1634179949760437,0,0.24725699424743652,0.944907009601593,0.2145089954137802,0,0.1083260029554367,-0.24695199728012085,0.9629539847373962,0,0,0.8503209948539734,0,1,0.5344120264053345,-0.29625800251960754,0.7916030287742615,0,-0.01680699922144413,0.9326500296592712,0.3603909909725189,0,-0.8450570106506348,-0.20590199530124664,0.49344000220298767,0,0,0.1171870008111,0,1,0.5897330045700073,-0.7582820057868958,-0.2778930068016052,0,0.7322070002555847,0.3568570017814636,0.5801090002059937,0,-0.34071800112724304,-0.5455840229988098,0.7656689882278442,0,0,0.2788729965686798,0,1,0.9535239934921265,0.26916998624801636,-0.13542400300502777,0,-0.2245739996433258,0.9344990253448486,0.2761859893798828,0,0.20089499652385712,-0.23293699324131012,0.9515150189399719,0,-0.1382330060005188,0.2833450138568878,-0.13067300617694855,1,0.05450600013136864,-0.01657100021839142,0.9983760118484497,0,-0.9876090288162231,-0.14825600385665894,0.0514569990336895,0,0.1471630036830902,-0.9888100028038025,-0.024445999413728714,0,-0.47368699312210083,0.6025940179824829,0.007207999937236309,1,0.8736339807510376,-0.48615700006484985,0.02034199982881546,0,0.22204700112342834,0.43552398681640625,0.8723610043525696,0,-0.4329639971256256,-0.7576079964637756,0.48843899369239807,0,0,0.9716910123825073,0,1,0.8908560276031494,-0.4542059898376465,0.00849200040102005,0,0.4542180001735687,0.8902450203895569,-0.03392399847507477,0,0.00784900039434433,0.03407900035381317,0.9993879795074463,0,0,0.6897259950637817,0,1,0.9664940237998962,0.25377699732780457,-0.03855099901556969,0,-0.25215598940849304,0.9667580127716064,0.042374998331069946,0,0.048023998737335205,-0.031235000118613243,0.9983580112457275,0,0,0.8502560257911682,0,1,0.9849969744682312,0.04377099871635437,0.16692900657653809,0,-0.07682300359010696,0.977383017539978,0.1970289945602417,0,-0.15452900528907776,-0.20689700543880463,0.966081976890564,0,0,0.133775994181633,0,1,0.9843329787254333,-0.13083800673484802,-0.11819200217723846,0,0.15334999561309814,0.30446499586105347,0.940097987651825,0,-0.08701500296592712,-0.943494975566864,0.3197590112686157,0,0,0.2829039990901947,0,1,0.9591270089149475,0.24671000242233276,-0.13859599828720093,0,-0.2529430091381073,0.9670450091362,-0.029040999710559845,0,0.1268640011548996,0.06291099637746811,0.9899230003356934,0,-0.036104001104831696,0.2682889997959137,-0.1744839996099472,1,-0.9964100122451782,-0.03511499986052513,0.07703600078821182,0,0.04811500012874603,-0.983568012714386,0.17400699853897095,0,0.06965900212526321,0.17708900570869446,0.9817270040512085,0,0.43481600284576416,-0.25539299845695496,0.04547800123691559,1,0.9862009882926941,0.09528300166130066,0.1353829950094223,0,-0.01917099952697754,0.8779950141906738,-0.478285014629364,0,-0.16443799436092377,0.4690900146961212,0.8677070140838623,0,0,1.6006540060043335,0,1,0.9980369806289673,-0.059411000460386276,-0.019826000556349754,0,0.04707000032067299,0.5026689767837524,0.8631970286369324,0,-0.04131700098514557,-0.862434983253479,0.5044779777526855,0,0,1.6453319787979126,0,1,0.9976649880409241,-0.00014400000509340316,0.06830000132322311,0,-0.048326000571250916,0.7051630020141602,0.7073959708213806,0,-0.0482649989426136,-0.7090449929237366,0.7035099864006042,0,0,0.34090399742126465,0,1,-0.9672189950942993,0.062376998364925385,-0.2461639940738678,0,-0.111674003303051,-0.9750789999961853,0.19170400500297546,0,-0.22807100415229797,0.21290899813175201,0.9500809907913208,0,-0.43481600284576416,-0.25539299845695496,-0.018526000902056694,1,0.9966930150985718,-0.06092299893498421,-0.0537710003554821,0,0.03179100155830383,0.9013360142707825,-0.43195098638534546,0,0.07478100061416626,0.42881399393081665,0.9002929925918579,0,0,1.605726957321167,0,1,0.9946209788322449,0.10346700251102448,0.0049680001102387905,0,-0.07156699895858765,0.6517189741134644,0.7550770044326782,0,0.0748870000243187,-0.7513700127601624,0.6556180119514465,0,0,1.6446679830551147,0,1,0.9969329833984375,0,-0.07825600355863571,0,0.06019100174307823,0.6390529870986938,0.7668039798736572,0,0.05000999942421913,-0.7691630125045776,0.6370930075645447,0,0,0.3149639964103699,0,1
K0.033,0.999779999256134,-0.02082701586186886,0.002651001326739788,0,0.020890016108751297,0.9994199872016907,-0.02688700333237648,0,-0.0020890007726848125,0.0269360039383173,0.9996349811553955,0,-0.002142935758456588,3.655824899673462,-0.012048004195094109,1,0.9999979734420776,0.0006159983458928764,0.0020359973423182964,0,-0.0007989981095306575,0.9958369731903076,0.09115301072597504,0,-0.0019709975458681583,-0.09115500748157501,0.99583500623703,0,0,0.45975399017333984,0.03396499902009964,1,0.9990770220756531,0.004673996940255165,0.04270799458026886,0,-0.00548399705439806,0.9998070001602173,0.018868010491132736,0,-0.04261099547147751,-0.019085010513663292,0.9989089965820312,0,0,0.5378410220146179,0,1,0.9990770220756531,0.005451996810734272,0.042601995170116425,0,-0.006254997104406357,0.9998049736022949,0.018757011741399765,0,-0.04249199479818344,-0.01900601200759411,0.99891597032547,0,0,0.6146770119667053,0,1,0.9995980262756348,-0.02568599209189415,-0.011963997967541218,0,0.02404899336397648,0.9923319816589355,-0.12123598903417587,0,0.01498599722981453,0.12089899182319641,0.9925519824028015,0,0,0.691510021686554,0,1,0.9975100159645081,0.06233600899577141,0.03297100216150284,0,-0.0652020052075386,0.9933879971504211,0.09449400007724762,0,-0.026862001046538353,-0.09640900045633316,0.9949790239334106,0,0,0.2454809993505478,-0.04089999943971634,1,-0.11089099198579788,-0.007531999610364437,-0.9938039779663086,0,0.9672380089759827,-0.2306019812822342,-0.10617899149656296,0,-0.22837400436401367,-0.973019003868103,0.03285699710249901,0,0.47368699312210083,0.6025000214576721,0.0059369998052716255,1,0.8834850192070007,0.45789098739624023,-0.09894499182701111,0,-0.16276101768016815,0.498088002204895,0.8517150282859802,0,0.4392760097980499,-0.7363730072975159,0.5145800113677979,0,0,0.9716910123825073,0,1,0.8730239868164062,0.4875980019569397,-0.008798000402748585,0,-0.4875659942626953,0.8722990155220032,-0.03704899922013283,0,-0.010390999726951122,0.03663399815559387,0.9992750287055969,0,0,0.6897770166397095,0,1,0.9627659916877747,-0.2145249992609024,-0.16449901461601257,0,0.2472420036792755,0.9448270201683044,0.21487900614738464,0,0.10932601243257523,-0.24754899740219116,0.9626880288124084,0,0,0.8503209948539734,0,1,0.5343999862670898,-0.29784902930259705,0.7910140156745911,0,-0.016638997942209244,0.9319660067558289,0.3621640205383301,0,-0.8450679779052734,-0.20670199394226074,0.4930869936943054,0,0,0.1171870008111,0,1,0.5919110178947449,-0.7570629715919495,-0.2765809893608093,0,0.7311769723892212,0.3599650263786316,0.5794870257377625,0,-0.33914899826049805,-0.5452340245246887,0.7666140198707581,0,0,0.2788729965686798,0,1,0.9531260132789612,0.27035900950431824,-0.13585400581359863,0,-0.22580501437187195,0.934436023235321,0.27539199590682983,0,0.2014019936323166,-0.23180697858333588,0.9516839981079102,0,-0.1382330060005188,0.2833450138568878,-0.13067300617694855,1,0.058950025588274,-0.017364004626870155,0.9981099963188171,0,-0.9870309829711914,-0.1505650132894516,0.05567602440714836,0,0.1493140161037445,-0.9884480237960815,-0.02601400949060917,0,-0.47368699312210083,0.6025940179824829,0.007207999937236309,1,0.8730210065841675,-0.48723599314689636,0.020862001925706863,0,0.22304099798202515,0.43695101141929626,0.8713930249214172,0,-0.43369001150131226,-0.7560920119285583,0.49014100432395935,0,0,0.9716910123825073,0,1,0.8903819918632507,-0.45513400435447693,0.008527999743819237,0,0.45514601469039917,0.8897680044174194,-0.033994000405073166,0,0.007884000428020954,0.03414899855852127,0.9993860125541687,0,0,0.6897259950637817,0,1,0.9666439890861511,0.25311699509620667,-0.039131030440330505,0,-0.25153300166130066,0.9669700264930725,0.04122699797153473,0,0.04827302694320679,-0.030009988695383072,0.9983829855918884,0,0,0.8502560257911682,0,1,0.9850649833679199,0.04278499633073807,0.16678300499916077,0,-0.07594999670982361,0.977279007434845,0.19788101315498352,0,-0.15452800691127777,-0.20759300887584686,0.9659330248832703,0,0,0.133775994181633,0,1,0.9843369722366333,-0.13084299862384796,-0.11815299838781357,0,0.15334099531173706,0.3047569990158081,0.9400050044059753,0,-0.08698499947786331,-0.9434000253677368,0.320046991109848,0,0,0.2829039990901947,0,1,0.9591079950332642,0.24668900668621063,-0.1387699991464615,0,-0.2530460059642792,0.9669910073280334,-0.02992301434278488,0,0.12680800259113312,0.06381501257419586,0.9898719787597656,0,-0.036104001104831696,0.2682889997959137,-0.1744839996099472,1,-0.9963340163230896,-0.03538300469517708,0.077892005443573,0,0.04874700680375099,-0.9830020070075989,0.17700400948524475,0,0.0703050047159195,0.1801520138978958,0.9811229705810547,0,0.43481600284576416,-0.25539299845695496,0.04547800123691559,1,0.9863899946212769,0.0948919951915741,0.13427798449993134,0,-0.018315991386771202,0.8749899864196777,-0.48379403352737427,0,-0.16339997947216034,0.4747500717639923,0.8648189902305603,0,0,1.6006540060043335,0,1,0.998170018196106,-0.057387977838516235,-0.019065991044044495,0,0.04526198282837868,0.49991297721862793,0.8648920059204102,0,-0.040102988481521606,-0.8641719818115234,0.5015950202941895,0,0,1.6453319787979126,0,1,0.9976639747619629,-0.0001379999885102734,0.06830800324678421,0,-0.04832100123167038,0.7053920030593872,0.7071689963340759,0,-0.04828200116753578,-0.7088180184364319,0.7037370204925537,0,0,0.34090399742126465,0,1,-0.9667869806289673,0.062073998153209686,-0.24793201684951782,0,-0.11188600212335587,-0.9749580025672913,0.19219399988651276,0,-0.2297930121421814,0.21355000138282776,0.9495220184326172,0,-0.43481600284576416,-0.25539299845695496,-0.018526000902056694,1,0.9966210126876831,-0.062076009809970856,-0.05378100275993347,0,0.032773010432720184,0.9009770154953003,-0.43262699246406555,0,0.07531100511550903,0.42940300703048706,0.8999680280685425,0,0,1.605726957321167,0,1,0.9944210052490234,0.10522101819515228,0.0074710245244205,0,-0.07466603070497513,0.6520879864692688,0.7544569969177246,0,0.07451199740171432,-0.7508059740066528,0.6563069820404053,0,0,1.6446679830551147,0,1,0.9969329833984375,0,-0.07825600355863571,0,0.06019100174307823,0.6390529870986938,0.7668039798736572,0,0.05000999942421913,-0.7691630125045776,0.6370930075645447,0,0,0.3149639964103699,0,1
K0.067,0.9997450113296509,-0.022414984181523323,0.0027799985837191343,0,0.022482983767986298,0.9993730187416077,-0.027340997010469437,0,-0.002164999255910516,0.027396995574235916,0.9996219873428345,0,0.004283936228603125,3.6545729637145996,-0.012523995712399483,1,0.9999979734420776,0.0004510016296990216,0.0017730025574564934,0,-0.0006120018661022186,0.9957860112190247,0.09170999377965927,0,-0.001724002417176962,-0.09171099215745926,0.9957839846611023,0,0,0.45975399017333984,0.03396499902009964,1,0.9990950226783752,0.004339003469794989,0.04230600222945213,0,-0.005187002941966057,0.9997879862785339,0.019949989393353462,0,-0.042211003601551056,-0.020150989294052124,0.9989050030708313,0,0,0.5378410220146179,0,1,0.9990959763526917,0.005140003282576799,0.042201004922389984,0,-0.005982002709060907,0.9997850060462952,0.019848989322781563,0,-0.042090002447366714,-0.020083988085389137,0.99891197681427,0,0,0.6146770119667053,0,1,0.9996209740638733,-0.024890007451176643,-0.011757002212107182,0,0.023297008126974106,0.9924650192260742,-0.12029100954532623,0,0.014662003144621849,0.11997100710868835,0.9926689863204956,0,0,0.691510021686554,0,1,0.9974539875984192,0.06308399140834808,0.033267997205257416,0,-0.06597499549388885,0.9933369755744934,0.09449300169944763,0,-0.027084998786449432,-0.09644699841737747,0.9949700236320496,0,0,0.2454809993505478,-0.04089999943971634,1,-0.10987000912427902,-0.00746400048956275,-0.9939180016517639,0,0.9675220251083374,-0.22984401881694794,-0.10522601008415222,0,-0.22766099870204926,-0.9731990098953247,0.032475002110004425,0,0.47368699312210083,0.6025000214576721,0.0059369998052716255,1,0.8831470012664795,0.45865198969841003,-0.0984330102801323,0,-0.16350699961185455,0.49765199422836304,0.851826012134552,0,0.43967700004577637,-0.7361930012702942,0.5144929885864258,0,0,0.9716910123825073,0,1,0.873274028301239,0.48715099692344666,-0.00877899955958128,0,-0.48712000250816345,0.8725500106811523,-0.037014998495578766,0,-0.010371999815106392,0.036600999534130096,0.9992759823799133,0,0,0.6897770166397095,0,1,0.9625779986381531,-0.2143239974975586,-0.16585499048233032,0,0.2473839968442917,0.9447960257530212,0.21484999358654022,0,0.11065098643302917,-0.2478400021791458,0.962460994720459,0,0,0.8503209948539734,0,1,0.53438800573349,-0.29944396018981934,0.7904189825057983,0,-0.016415001824498177,0.9312899708747864,0.3639099597930908,0,-0.8450800180435181,-0.2074439972639084,0.4927549958229065,0,0,0.1171870008111,0,1,0.5939059853553772,-0.7559379935264587,-0.2753790020942688,0,0.7302240133285522,0.36281096935272217,0.5789139866828918,0,-0.33771198987960815,-0.5449090003967285,0.7674800157546997,0,0,0.2788729965686798,0,1,0.9527559876441956,0.27146100997924805,-0.1362529993057251,0,-0.22694498300552368,0.9343760013580322,0.2746570110321045,0,0.20186999440193176,-0.23075900971889496,0.9518399834632874,0,-0.1382330060005188,0.2833450138568878,-0.13067300617694855,1,0.061580974608659744,-0.01782599650323391,0.9979429841041565,0,-0.9867159724235535,-0.15167798101902008,0.05817897245287895,0,0.15032897889614105,-0.9882689714431763,-0.02692999131977558,0,-0.47368699312210083,0.6025940179824829,0.007207999937236309,1,0.8724139928817749,-0.48831799626350403,0.020980998873710632,0,0.22355900704860687,0.4368410110473633,0.8713160157203674,0,-0.43464401364326477,-0.7554569840431213,0.49027401208877563,0,0,0.9716910123825073,0,1,0.8901259899139404,-0.4556339979171753,0.008546999655663967,0,0.45564600825309753,0.8895099759101868,-0.03403099998831749,0,0.007903000339865685,0.034185998141765594,0.9993839859962463,0,0,0.6897259950637817,0,1,0.966729998588562,0.2523370087146759,-0.04194897040724754,0,-0.25068798661231995,0.9672060012817383,0.040852002799510956,0,0.05088197439908981,-0.028977010399103165,0.9982839822769165,0,0,0.8502560257911682,0,1,0.985073983669281,0.04237700253725052,0.16683200001716614,0,-0.07587099820375443,0.9768850207328796,0.19984598457813263,0,-0.15450699627399445,-0.20952098071575165,0.9655200242996216,0,0,0.133775994181633,0,1,0.9843509793281555,-0.13085800409317017,-0.118026003241539,0,0.15331000089645386,0.3056820034980774,0.9397100210189819,0,-0.08688999712467194,-0.9430990219116211,0.32095998525619507,0,0,0.2829039990901947,0,1,0.959073007106781,0.2466530054807663,-0.13907399773597717,0,-0.25322699546813965,0.9668949842453003,-0.03146898373961449,0,0.1267080008983612,0.06539798527956009,0.9897819757461548,0,-0.036104001104831696,0.2682889997959137,-0.1744839996099472,1,-0.9962630271911621,-0.03567299619317055,0.07866299152374268,0,0.04932199418544769,-0.9826020002365112,0.17905698716640472,0,0.07090698927640915,0.18226797878742218,0.9806889891624451,0,0.43481600284576416,-0.25539299845695496,0.04547800123691559,1,0.9866350293159485,0.09403200447559357,0.13307800889015198,0,-0.017315009608864784,0.8725709915161133,-0.4881799817085266,0,-0.16202501952648163,0.4793509542942047,0.8625370264053345,0,0,1.6006540060043335,0,1,0.9983069896697998,-0.055275022983551025,-0.01810600981116295,0,0.04325801879167557,0.49747103452682495,0.8664019703865051,0,-0.038883011788129807,-0.8657180070877075,0.4990190267562866,0,0,1.6453319787979126,0,1,0.9976639747619629,-0.00013600001693703234,0.06831000000238419,0,-0.04831799864768982,0.705469012260437,0.7070919871330261,0,-0.04828700050711632,-0.7087410092353821,0.7038140296936035,0,0,0.34090399742126465,0,1,-0.9663919806480408,0.06193099915981293,-0.24950198829174042,0,-0.11202500015497208,-0.9750009775161743,0.19189199805259705,0,-0.23138098418712616,0.21339300274848938,0.9491710066795349,0,-0.43481600284576416,-0.25539299845695496,-0.018526000902056694,1,0.99652099609375,-0.06333698332309723,-0.05416199564933777,0,0.03375798836350441,0.9009940028190613,-0.4325160086154938,0,0.07619399577379227,0.4291830062866211,0.8999980092048645,0,0,1.605726957321167,0,1,0.9942029714584351,0.10706198215484619,0.009949975647032261,0,-0.07781396806240082,0.6525440216064453,0.7537450194358826,0,0.07420500367879868,-0.7501490116119385,0.6570919752120972,0,0,1.6446679830551147,0,1,0.9969329833984375,0,-0.07825600355863571,0,0.06019100174307823,0.6390529870986938,0.7668039798736572,0,0.05000999942421913,-0.7691630125045776,0.6370930075645447,0,0,0.3149639964103699,0,1
K0.100,0.9997199773788452,-0.02352599985897541,0.0024109999649226665,0,0.023584000766277313,0.9993259906768799,-0.02812100015580654,0,-0.0017480000387877226,0.02817000076174736,0.9996020197868347,0,0.009986000135540962,3.6543900966644287,-0.010614000260829926,1,0.9999989867210388,0.00024100001610349864,0.0015180000336840749,0,-0.0003800000122282654,0.9957550168037415,0.09204299747943878,0,-0.0014890000456944108,-0.09204299747943878,0.9957540035247803,0,0,0.45975399017333984,0.03396499902009964,1,0.9991220235824585,0.003865000093355775,0.04172699898481369,0,-0.004730999935418367,0.9997749924659729,0.02067900076508522,0,-0.041638001799583435,-0.020857999101281166,0.9989150166511536,0,0,0.5378410220146179,0,1,0.9991220235824585,0.004687000066041946,0.04162399843335152,0,-0.005547999870032072,0.9997730255126953,0.020594999194145203,0,-0.04151799902319908,-0.02080800011754036,0.9989209771156311,0,0,0.6146770119667053,0,1,0.999629020690918,-0.02458599954843521,-0.011726000346243382,0,0.02302899956703186,0.9927150011062622,-0.11826399713754654,0,0.014549000188708305,0.11794999986886978,0.992913007736206,0,0,0.691510021686554,0,1,0.997402012348175,0.06373800337314606,0.033567000180482864,0,-0.06670600175857544,0.9931110143661499,0.09634000062942505,0,-0.027194999158382416,-0.09832900017499924,0.9947819709777832,0,0,0.2454809993505478,-0.04089999943971634,1,-0.10957200080156326,-0.007424999959766865,-0.9939510226249695,0,0.9675769805908203,-0.22974100708961487,-0.1049479991197586,0,-0.2275719940662384,-0.9732239842414856,0.032356999814510345,0,0.47368699312210083,0.6025000214576721,0.0059369998052716255,1,0.8832539916038513,0.4584740102291107,-0.0983090028166771,0,-0.16377000510692596,0.49809199571609497,0.8515179753303528,0,0.43936601281166077,-0.7360069751739502,0.5150259733200073,0,0,0.9716910123825073,0,1,0.8735719919204712,0.48661500215530396,-0.008755999617278576,0,-0.48658400774002075,0.8728510141372681,-0.03697400167584419,0,-0.010350000113248825,0.036559998989105225,0.9992780089378357,0,0,0.6897770166397095,0,1,0.9623240232467651,-0.21437999606132507,-0.1672540009021759,0,0.24776199460029602,0.9447579979896545,0.21458600461483002,0,0.11201100051403046,-0.24794000387191772,0.9622780084609985,0,0,0.8503209948539734,0,1,0.53438401222229,-0.3002080023288727,0.7901319861412048,0,-0.016259999945759773,0.9309759736061096,0.3647179901599884,0,-0.8450859785079956,-0.20774699747562408,0.49261701107025146,0,0,0.1171870008111,0,1,0.5948129892349243,-0.7554230093955994,-0.27483201026916504,0,0.7297869920730591,0.36410701274871826,0.5786510109901428,0,-0.33705800771713257,-0.5447580218315125,0.767874002456665,0,0,0.2788729965686798,0,1,0.9525870084762573,0.2719619870185852,-0.13643500208854675,0,-0.2274640053510666,0.9343479871749878,0.2743229866027832,0,0.20208300650119781,-0.2302819937467575,0.9519100189208984,0,-0.1382330060005188,0.2833450138568878,-0.13067300617694855,1,0.06311500072479248,-0.018105000257492065,0.997842013835907,0,-0.9865589737892151,-0.15213200449943542,0.059640999883413315,0,0.15072399377822876,-0.9881939888000488,-0.027463000267744064,0,-0.47368699312210083,0.6025940179824829,0.007207999937236309,1,0.8717259764671326,-0.48954200744628906,0.02106500044465065,0,0.22367499768733978,0.43580999970436096,0.8718019723892212,0,-0.4359639883041382,-0.7552610039710999,0.4894050061702728,0,0,0.9716910123825073,0,1,0.8899340033531189,-0.45601001381874084,0.008561000227928162,0,0.4560219943523407,0.889316976070404,-0.03405899927020073,0,0.007918000221252441,0.03421400114893913,0.9993829727172852,0,0,0.6897259950637817,0,1,0.9667549729347229,0.2515310049057007,-0.04601399973034859,0,-0.2497600018978119,0.9674410223960876,0.04097399860620499,0,0.05482200160622597,-0.028119999915361404,0.9980999827384949,0,0,0.8502560257911682,0,1,0.9849219918251038,0.04357000067830086,0.16742099821567535,0,-0.07796300202608109,0.9757090210914612,0.20472800731658936,0,-0.1544339954853058,-0.21469399333000183,0.9643939733505249,0,0,0.133775994181633,0,1,0.9843890070915222,-0.13090300559997559,-0.11765500158071518,0,0.15321999788284302,0.30838799476623535,0.9388399720191956,0,-0.08661399781703949,-0.9422109723091125,0.3236309885978699,0,0,0.2829039990901947,0,1,0.9589999914169312,0.24657300114631653,-0.1397159993648529,0,-0.2536090016365051,0.9666829705238342,-0.034738000482320786,0,0.12649600207805634,0.06874699890613556,0.9895820021629333,0,-0.036104001104831696,0.2682889997959137,-0.1744839996099472,1,-0.9962490200996399,-0.03600599989295006,0.07868999987840652,0,0.049605000764131546,-0.9827119708061218,0.17837299406528473,0,0.07090699672698975,0.18160800635814667,0.9808109998703003,0,0.43481600284576416,-0.25539299845695496,0.04547800123691559,1,0.9869750142097473,0.09197600185871124,0.1319900006055832,0,-0.015782000496983528,0.8718469738960266,-0.4895229935646057,0,-0.16009899973869324,0.48106399178504944,0.8619430065155029,0,0,1.6006540060043335,0,1,0.9984570145606995,-0.053008999675512314,-0.01656699925661087,0,0.040720999240875244,0.4959090054035187,0.8674190044403076,0,-0.037765998393297195,-0.8667550086975098,0.49730199575424194,0,0,1.6453319787979126,0,1,0.9976649880409241,-0.00014099999680183828,0.06830400228500366,0,-0.048323001712560654,0.7052839994430542,0.7072759866714478,0,-0.048273999243974686,-0.7089250087738037,0.7036299705505371,0,0,0.34090399742126465,0,1,-0.9661489725112915,0.062348999083042145,-0.2503350079059601,0,-0.11201000213623047,-0.9755030274391174,0.18933500349521637,0,-0.23239800333976746,0.21096600592136383,0.9494649767875671,0,-0.43481600284576416,-0.25539299845695496,-0.018526000902056694,1,0.9963529706001282,-0.06483300030231476,-0.055470000952482224,0,0.03473399952054024,0.9019920229911804,-0.43035200238227844,0,0.07793399691581726,0.42685601115226746,0.9009550213813782,0,0,1.605726957321167,0,1,0.9939510226249695,0.1091499999165535,0.012134999968111515,0,-0.0809210017323494,0.6531839966773987,0.7528629899024963,0,0.07424899935722351,-0.7492910027503967,0.6580659747123718,0,0,1.6446679830551147,0,1,0.9969329833984375,0,-0.07825600355863571,0,0.06019100174307823,0.6390519738197327,0.7668049931526184,0,0.050009001046419144,-0.7691630125045776,0.6370919942855835,0,0,0.3149639964103699,0,1
K0.133,0.9996989965438843,-0.024444010108709335,0.0019219935638830066,0,0.024490009993314743,0.9992769956588745,-0.029082011431455612,0,-0.0012099930318072438,0.02912100963294506,0.9995750188827515,0,0.015219048596918583,3.653852939605713,-0.008685980923473835,1,0.9999989867210388,-0.00004600407191901468,0.0012699970975518227,0,-0.00007099568756530061,0.9957200288772583,0.09242101013660431,0,-0.0012689974391832948,-0.09242101013660431,0.9957190155982971,0,0,0.45975399017333984,0.03396499902009964,1,0.9991459846496582,0.0033019932452589273,0.04119599238038063,0,-0.004190993495285511,0.9997599720954895,0.021494008600711823,0,-0.04111599549651146,-0.02164801023900509,0.9989200234413147,0,0,0.5378410220146179,0,1,0.9991469979286194,0.004148993641138077,0.04109499230980873,0,-0.005032993853092194,0.9997580051422119,0.02142900973558426,0,-0.040995996445417404,-0.021618008613586426,0.998924970626831,0,0,0.6146770119667053,0,1,0.9996330142021179,-0.024417996406555176,-0.011727998964488506,0,0.022895995527505875,0.9929909706115723,-0.11595296859741211,0,0.014476997777819633,0.11564197391271591,0.9931849837303162,0,0,0.691510021686554,0,1,0.9973430037498474,0.06449100375175476,0.03388200327754021,0,-0.0675240084528923,0.9929220080375671,0.0977030098438263,0,-0.027341002598404884,-0.09973100572824478,0.994638979434967,0,0,0.2454809993505478,-0.04089999943971634,1,-0.10926098376512527,-0.0073789991438388824,-0.9939860105514526,0,0.9675459861755371,-0.23000699281692505,-0.10464698821306229,0,-0.227852001786232,-0.973160982131958,0.032270997762680054,0,0.47368699312210083,0.6025000214576721,0.0059369998052716255,1,0.8838430047035217,0.457304984331131,-0.09845300018787384,0,-0.16346397995948792,0.49913400411605835,0.8509669899940491,0,0.4382929801940918,-0.7360280156135559,0.5159090161323547,0,0,0.9716910123825073,0,1,0.8739349842071533,0.48596400022506714,-0.008728999644517899,0,-0.48593199253082275,0.8732159733772278,-0.036924999207258224,0,-0.01032199990004301,0.036511000245809555,0.9992799758911133,0,0,0.6897770166397095,0,1,0.9620019793510437,-0.2148120105266571,-0.16854801774024963,0,0.2484470158815384,0.9447069764137268,0.21401499211788177,0,0.11325500905513763,-0.24775800108909607,0.9621790051460266,0,0,0.8503209948539734,0,1,0.5343869924545288,-0.2990169823169708,0.790582001209259,0,-0.01687401533126831,0.9313740134239197,0.36367297172546387,0,-0.8450719714164734,-0.2076829969882965,0.4926680028438568,0,0,0.1171870008111,0,1,0.5943859815597534,-0.7556660175323486,-0.2750900089740753,0,0.7299929857254028,0.36349695920944214,0.5787749886512756,0,-0.3373660147190094,-0.5448290109634399,0.767687976360321,0,0,0.2788729965686798,0,1,0.9526829719543457,0.2716769874095917,-0.13633200526237488,0,-0.22716999053955078,0.9343640208244324,0.27451300621032715,0,0.20196199417114258,-0.2305530160665512,0.9518700242042542,0,-0.1382330060005188,0.2833450138568878,-0.13067300617694855,1,0.06414501368999481,-0.018327003344893456,0.9977719783782959,0,-0.9864630103111267,-0.15237000584602356,0.0606200136244297,0,0.15091900527477264,-0.9881539940834045,-0.027852006256580353,0,-0.47368699312210083,0.6025940179824829,0.007207999937236309,1,0.8710299730300903,-0.49076199531555176,0.021433008834719658,0,0.22327297925949097,0.4343859851360321,0.8726149797439575,0,-0.43755701184272766,-0.7552890181541443,0.48793700337409973,0,0,0.9716910123825073,0,1,0.8896719813346863,-0.4565199911594391,0.008581000380218029,0,0.45653200149536133,0.8890529870986938,-0.03409700095653534,0,0.007937000133097172,0.034251999109983444,0.9993820190429688,0,0,0.6897259950637817,0,1,0.9667279720306396,0.2507539987564087,-0.05058504268527031,0,-0.24883298575878143,0.9676629900932312,0.04135100543498993,0,0.05931803956627846,-0.027387993410229683,0.9978629946708679,0,0,0.8502560257911682,0,1,0.9847999811172485,0.04452700912952423,0.16788999736309052,0,-0.07960600405931473,0.9747949838638306,0.20841801166534424,0,-0.1543779969215393,-0.21861501038074493,0.9635220170021057,0,0,0.133775994181633,0,1,0.9844110012054443,-0.13092899322509766,-0.11743900179862976,0,0.1531669944524765,0.3099670112133026,0.9383289813995361,0,-0.08645199984312057,-0.9416890144348145,0.3251889944076538,0,0,0.2829039990901947,0,1,0.9589449763298035,0.2465129941701889,-0.1401969939470291,0,-0.25389501452445984,0.9665169715881348,-0.03718500956892967,0,0.1263359934091568,0.07125400751829147,0.989425003528595,0,-0.036104001104831696,0.2682889997959137,-0.1744839996099472,1,-0.9963809847831726,-0.03636600449681282,0.07682495564222336,0,0.04958099499344826,-0.9828159809112549,0.17780600488185883,0,0.06903895735740662,0.18097099661827087,0.9810619950294495,0,0.43481600284576416,-0.25539299845695496,0.04547800123691559,1,0.9870560169219971,0.09046100080013275,0.1324300318956375,0,-0.013883979059755802,0.8708379864692688,-0.49137502908706665,0,-0.1597750186920166,0.48317602276802063,0.860821008682251,0,0,1.6006540060043335,0,1,0.9985759854316711,-0.05113498866558075,-0.01521299034357071,0,0.0385349839925766,0.4941369593143463,0.8685290217399597,0,-0.03689499571919441,-0.8678789734840393,0.4954039752483368,0,0,1.6453319787979126,0,1,0.9976649880409241,-0.00014600004942622036,0.06829699873924255,0,-0.04832899942994118,0.7050759792327881,0.7074829936027527,0,-0.04825799912214279,-0.7091320157051086,0.703423023223877,0,0,0.34090399742126465,0,1,-0.96595698595047,0.06291601061820984,-0.25093400478363037,0,-0.11219099909067154,-0.9758960008621216,0.187189981341362,0,-0.2331089973449707,0.20897097885608673,0.9497320055961609,0,-0.43481600284576416,-0.25539299845695496,-0.018526000902056694,1,0.9962319731712341,-0.06609800457954407,-0.05615200102329254,0,0.035672012716531754,0.9024230241775513,-0.42937201261520386,0,0.07905300706624985,0.4257510006427765,0.9013800024986267,0,0,1.605726957321167,0,1,0.9937030076980591,0.11123402416706085,0.013435003347694874,0,-0.08330201357603073,0.653285026550293,0.7525150179862976,0,0.07492901384830475,-0.7488960027694702,0.6584380269050598,0,0,1.6446679830551147,0,1,0.9969329833984375,0,-0.07825600355863571,0,0.06019100174307823,0.6390529870986938,0.7668039798736572,0,0.050009001046419144,-0.7691630125045776,0.6370930075645447,0,0,0.3149639964103699,0,1
