2.400,30,72,33
B0,mixamorig_Hips,-1,0.6269859671592712,0.05612234026193619,0.7769807577133179,0,-0.07529622316360474,0.9970629215240479,-0.011325244791805744,0,-0.7753346562385559,-0.05140283703804016,0.6293706893920898,0,-0.031878817826509476,3.189488410949707,-0.026543987914919853,1
B1,mixamorig_Spine,0,0.9990301728248596,-0.031087001785635948,-0.03116166964173317,0,0.03798317909240723,0.9666127562522888,0.253407746553421,0,0.022243008017539978,-0.2543460428714752,0.9668569564819336,0,0,0.45975399017333984,0.03396499902009964,1
B2,mixamorig_Spine1,1,0.9964457154273987,-0.06680005043745041,-0.051282983273267746,0,0.07102508097887039,0.993800938129425,0.08552364259958267,0,0.04525131732225418,-0.08886327594518661,0.9950136542320251,0,0,0.5378410220146179,0,1
B3,mixamorig_Spine2,2,0.9964457154273987,-0.06677950918674469,-0.05130944028496742,0,0.06019843742251396,0.9908758997917175,-0.1205848678946495,0,0.0588935911655426,0.11706714332103729,0.9913738369941711,0,0,0.6146770119667053,0,1
B4,mixamorig_Neck,3,0.9764901995658875,-0.01143449917435646,-0.2152041345834732,0,0.04119729623198509,0.9898077249526978,0.13434194028377533,0,0.21137243509292603,-0.14005132019519806,0.9670546650886536,0,0,0.691510021686554,0,1
B5,mixamorig_Head,4,0.9007024765014648,-0.18249821662902832,-0.39410802721977234,0,0.10813216865062714,0.9729713797569275,-0.2036292552947998,0,0.4207157790660858,0.14083921909332275,0.896095871925354,0,0,0.2454809993505478,-0.04089999943971634,1
B6,mixamorig_HeadTop_End,5,1,0,0,0,0,1,0,0,0,0,1,0,0,1.500491976737976,-0.2500010132789612,1
B7,mixamorig_LeftShoulder,3,0.24014051258563995,-0.021387755870819092,-0.9704105854034424,0,0.9560608863830566,-0.16738037765026093,0.24026259779930115,0,-0.16754277050495148,-0.9856441020965576,-0.019817359745502472,0,0.47368699312210083,0.6025000214576721,0.0059369998052716255,1
B8,mixamorig_LeftArm,7,0.9868254661560059,0.034607335925102234,0.15754252672195435,0,-0.12637722492218018,0.7728031873703003,0.6218456029891968,0,-0.10023080557584763,-0.633689284324646,0.7670370936393738,0,0,0.9716910123825073,0,1
B9,mixamorig_LeftForeArm,8,0.7461770176887512,0.6268061399459839,0.22351303696632385,0,-0.6433230042457581,0.7654265761375427,0.0012679800856858492,0,-0.17041973769664764,-0.14461678266525269,0.9746348261833191,0,0,0.6897770166397095,0,1
B10,mixamorig_LeftHand,9,0.9954257607460022,0.06480685621500015,-0.07016158849000931,0,-0.07150661200284958,0.9926450252532959,-0.09760331362485886,0,0.06331312656402588,0.10217538475990295,0.9927434325218201,0,0,0.8503209948539734,0,1
B11,mixamorig_LeftHandIndex1,10,0.5147259831428528,0.059241000562906265,0.8553060293197632,0,-0.10031145811080933,0.9949190020561218,-0.008542999625205994,0,-0.8514660000801086,-0.08139999955892563,0.5180529952049255,0,0,0.1171870008111,0,1
B12,mixamorig_LeftHandIndex2,11,0.8837659955024719,-0.45497846603393555,-0.10932454466819763,0,0.4554600119590759,0.7828360199928284,0.4239389896392822,0,-0.10729999840259552,-0.42445600032806396,0.8990679979324341,0,0,0.2788729965686798,0,1
B13,mixamorig_LeftHandIndex3,12,0.8961949944496155,0.40067052841186523,-0.1905210018157959,0,-0.3601590096950531,0.9077900052070618,0.21494700014591217,0,0.25907599925994873,-0.12401654571294785,0.9578620195388794,0,-0.1382330060005188,0.2833450138568878,-0.13067300617694855,1
B14,mixamorig_LeftHandIndex4,13,1,0,0,0,0,1,0,0,0,0,1,0,0.01849599927663803,0.12047600001096725,-0.06827899813652039,1
B15,mixamorig_RightShoulder,3,0.4527227580547333,0.07666093111038208,0.8881953954696655,0,-0.8700155019760132,-0.17934851348400116,0.45893922448158264,0,0.19453923404216766,-0.9807839393615723,-0.01445638295263052,0,-0.47368699312210083,0.6025940179824829,0.007207999937236309,1
B16,mixamorig_RightArm,15,0.8929523825645447,0.4351901412010193,0.10454488545656204,0,-0.426476389169693,0.7593764662742615,0.49052146077156067,0,0.13414213061332703,-0.48194077610969543,0.8645067811012268,0,0,0.9716910123825073,0,1
B17,mixamorig_RightForeArm,16,0.38804152607917786,-0.917259156703949,0.08953582495450974,0,0.9136294722557068,0.37016111612319946,-0.16737817227840424,0,0.12043008208274841,0.14667417109012604,0.9817222952842712,0,0,0.6897259950637817,0,1
B18,mixamorig_RightHand,17,0.8735960125923157,-0.4730757176876068,0.1117284744977951,0,0.4824272096157074,0.8719847798347473,-0.07934629917144775,0,-0.06019168347120285,0.12326345592737198,0.9904724955558777,0,0,0.8502560257911682,0,1
B19,mixamorig_RightHandIndex1,18,0.9427610039710999,-0.261013001203537,0.20754200220108032,0,0.08695899695158005,0.7932674884796143,0.6026319861412048,0,-0.32193100452423096,-0.5500900149345398,0.7705590128898621,0,0,0.133775994181633,0,1
B20,mixamorig_RightHandIndex2,19,0.9311820268630981,-0.2810859978199005,-0.23214499652385712,0,0.17466899752616882,-0.2149379998445511,0.9608809947967529,0,-0.3199869990348816,-0.9353029727935791,-0.15104953944683075,0,0,0.2829039990901947,0,1
B21,mixamorig_RightHandIndex3,20,0.9976069927215576,0.026312999427318573,0.06393499672412872,0,-0.06572200357913971,0.6479840278625488,0.7588130235671997,0,-0.021462999284267426,-0.7611989974975586,0.6481630206108093,0,-0.036104001104831696,0.2682889997959137,-0.1744839996099472,1
B22,mixamorig_RightHandIndex4,21,1,0,0,0,0,1,0,0,0,0,1,0,0.02318600006401539,0.11503300070762634,-0.046879999339580536,1
B23,mixamorig_LeftUpLeg,0,-0.6999387741088867,-0.05313962697982788,0.7116281390190125,0,0.5347926616668701,-0.6994943618774414,0.4736534059047699,0,0.4725000858306885,0.7126328945159912,0.5180526971817017,0,0.43481600284576416,-0.25539299845695496,0.04547800123691559,1
B24,mixamorig_LeftLeg,23,0.9396135210990906,-0.11641018092632294,-0.3214072287082672,0,-0.151645690202713,0.7000955939292908,-0.6974318027496338,0,0.3060682415962219,0.7041082382202148,0.6404376029968262,0,0,1.6006540060043335,0,1
B25,mixamorig_LeftFoot,24,0.9709407687187195,-0.2200717329978943,-0.09244978427886963,0,0.21137823164463043,0.61005038022995,0.7632572054862976,0,-0.11160530149936676,-0.7606270909309387,0.638828694820404,0,0,1.6453319787979126,0,1
B26,mixamorig_LeftToeBase,25,0.9987211227416992,-0.049917593598365784,-0.00035345941432751715,0,0.03658144921064377,0.7261749505996704,0.6864663362503052,0,-0.03405851498246193,-0.6856462955474854,0.7270748615264893,0,0,0.34090399742126465,0,1
B27,mixamorig_LeftToe_End,26,1,0,0,0,0,1,0,0,0,0,1,0,0,0.0960180014371872,0,1
B28,mixamorig_RightUpLeg,0,-0.9027130603790283,0.35271957516670227,-0.24634332954883575,0,-0.4281373918056488,-0.7927232980728149,0.4337993264198303,0,-0.04230539873242378,0.4970792531967163,0.8666181564331055,0,-0.43481600284576416,-0.25539299845695496,-0.018526000902056694,1
B29,mixamorig_RightLeg,28,0.9908671975135803,-0.015558814629912376,0.13393019139766693,0,0.11992677301168442,0.5557401776313782,-0.8226528167724609,0,-0.061630766838788986,0.8312013149261475,0.55253005027771,0,0,1.605726957321167,0,1
B30,mixamorig_RightFoot,29,0.9295338988304138,0.29610422253608704,0.21972434222698212,0,-0.3090623617172241,0.3006562292575836,0.9022625684738159,0,0.201101616024971,-0.9065923094749451,0.3709854781627655,0,0,1.6446679830551147,0,1
B31,mixamorig_RightToeBase,30,0.9971780180931091,0.05218600109219551,-0.053975000977516174,0,0.007468000054359436,0.6464110016822815,0.762952983379364,0,0.07470600306987762,-0.7612019777297974,0.6441969871520996,0,0,0.3149639964103699,0,1
B32,mixamorig_RightToe_End,31,1,0,0,0,0,1,0,0,0,0,1,0,0,0.11291100084781647,0,1
@28,0,1,2,3,4,5,7,8,9,10,11,12,13,15,16,17,18,19,20,21,23,24,25,26,28,29,30,31
K0.000,0.6369879841804504,0.04642599821090698,0.769474983215332,0,-0.13054999709129333,0.9902629852294922,0.04832499846816063,0,-0.7597389817237854,-0.13123799860477448,0.6368460059165955,0,-0.0037440001033246517,3.117676019668579,0.002580000087618828,1,0.9980220198631287,-0.03145800158381462,-0.05443299934267998,0,0.0446150004863739,0.9644020199775696,0.26065099239349365,0,0.04429600015282631,-0.2625640034675598,0.9638969898223877,0,0,0.45975399017333984,0.03396499902009964,1,0.9925029873847961,-0.07150600105524063,-0.0991239994764328,0,0.08130399882793427,0.991798996925354,0.09861399978399277,0,0.09126000106334686,-0.10593400150537491,0.9901769757270813,0,0,0.5378410220146179,0,1,0.9925029873847961,-0.07146699726581573,-0.09915199875831604,0,0.06079399958252907,0.9924219846725464,-0.10677900165319443,0,0.10603100061416626,0.09995000064373016,0.9893270134925842,0,0,0.6146770119667053,0,1,0.9866660237312317,-0.010041999630630016,-0.1624480038881302,0,0.00457100011408329,0.9994109869003296,-0.034021999686956406,0,0.16269400715827942,0.03282599896192551,0.9861299991607666,0,0,0.691510021686554,0,1,0.9176589846611023,-0.08968199789524078,-0.3871159851551056,0,0.05650100111961365,0.9937490224838257,-0.09628300368785858,0,0.39333099126815796,0.06648200005292892,0.9169899821281433,0,0,0.2454809993505478,-0.04089999943971634,1,0.29566600918769836,-0.030680999159812927,-0.9547989964485168,0,0.9267240166664124,-0.2333880066871643,0.29447200894355774,0,-0.23187300562858582,-0.9718999862670898,-0.04057199880480766,0,0.47368699312210083,0.6025000214576721,0.0059369998052716255,1,0.9791619777679443,0.04523799940943718,0.1979770064353943,0,-0.14573900401592255,0.835440993309021,0.5299050211906433,0,-0.1414259970188141,-0.5477160215377808,0.8246250152587891,0,0,0.9716910123825073,0,1,0.8235669732093811,0.452241986989975,0.3423669934272766,0,-0.497175008058548,0.866096019744873,0.05190899968147278,0,-0.2730480134487152,-0.21296599507331848,0.9381309747695923,0,0,0.6897770166397095,0,1,0.9973999857902527,0.03209000080823898,-0.06453000009059906,0,-0.039726000279188156,0.9918860197067261,-0.12076299637556076,0,0.060130998492240906,0.1230119988322258,0.9905819892883301,0,0,0.8503209948539734,0,1,0.5146870017051697,0.05920400097966194,0.8553320169448853,0,-0.10026200115680695,0.9949250221252441,-0.008534999564290047,0,-0.8514959812164307,-0.08136399835348129,0.5180100202560425,0,0,0.1171870008111,0,1,0.8837739825248718,-0.45495301485061646,-0.10936500132083893,0,0.4554539918899536,0.7828350067138672,0.4239479899406433,0,-0.10726200044155121,-0.4244849979877472,0.899058997631073,0,0,0.2788729965686798,0,1,0.8961970210075378,0.4006350040435791,-0.19058600068092346,0,-0.36011800169944763,0.9078090190887451,0.2149360030889511,0,0.2591269910335541,-0.123990997672081,0.957850992679596,0,-0.1382330060005188,0.2833450138568878,-0.13067300617694855,1,0.4289810061454773,0.07512599974870682,0.9001839756965637,0,-0.8836690187454224,-0.17179900407791138,0.4354479908943176,0,0.18736399710178375,-0.9822630286216736,-0.007311999797821045,0,-0.47368699312210083,0.6025940179824829,0.007207999937236309,1,0.8434489965438843,0.5358610153198242,-0.0380450002849102,0,-0.3498690128326416,0.6016749739646912,0.718038022518158,0,0.40765899419784546,-0.5923179984092712,0.6949629783630371,0,0,0.9716910123825073,0,1,0.6530960202217102,-0.7211899757385254,-0.23097600042819977,0,0.745028018951416,0.6665499806404114,0.02539600059390068,0,0.13564200699329376,-0.18866999447345734,0.9726279973983765,0,0,0.6897259950637817,0,1,0.8087819814682007,-0.5880810022354126,0.005603000055998564,0,0.5855420231819153,0.8061059713363647,0.08563300222158432,0,-0.054875001311302185,-0.06597799807786942,0.9963110089302063,0,0,0.8502560257911682,0,1,0.9427610039710999,-0.261013001203537,0.20754200220108032,0,0.08695899695158005,0.7932680249214172,0.6026319861412048,0,-0.32193100452423096,-0.5500900149345398,0.7705590128898621,0,0,0.133775994181633,0,1,0.9311820268630981,-0.2810859978199005,-0.23214499652385712,0,0.17466799914836884,-0.2149370014667511,0.9608809947967529,0,-0.3199869990348816,-0.9353029727935791,-0.15104900300502777,0,0,0.2829039990901947,0,1,0.9976069927215576,0.026312999427318573,0.06393399834632874,0,-0.06572200357913971,0.6479840278625488,0.7588130235671997,0,-0.021462000906467438,-0.7611989974975586,0.6481630206108093,0,-0.036104001104831696,0.2682889997959137,-0.1744839996099472,1,-0.6473209857940674,0.013357000425457954,0.7620999813079834,0,0.6068670153617859,-0.5959270000457764,0.5259119868278503,0,0.4611800014972687,0.8029279708862305,0.37765100598335266,0,0.43481600284576416,-0.25539299845695496,0.04547800123691559,1,0.9346100091934204,-0.2243639975786209,-0.27598100900650024,0,-0.076105996966362,0.6318110227584839,-0.7713770270347595,0,0.3474369943141937,0.741940975189209,0.5734210014343262,0,0,1.6006540060043335,0,1,0.9862499833106995,-0.15955999493598938,-0.043028999119997025,0,0.13954399526119232,0.664563000202179,0.7340869903564453,0,-0.08853500336408615,-0.729997992515564,0.6776909828186035,0,0,1.6453319787979126,0,1,0.9979559779167175,-0.06007099896669388,-0.021781999617815018,0,0.057468000799417496,0.6947550177574158,0.7169470191001892,0,-0.0279339998960495,-0.7167329788208008,0.6967880129814148,0,0,0.34090399742126465,0,1,-0.9088929891586304,0.3410409986972809,-0.24000799655914307,0,-0.41702800989151,-0.7427579760551453,0.5238310098648071,0,0.0003800000122282654,0.576196014881134,0.8173109889030457,0,-0.43481600284576416,-0.25539299845695496,-0.018526000902056694,1,0.9912710189819336,-0.030976999551057816,0.12814900279045105,0,0.1261650025844574,0.5049859881401062,-0.8538569808006287,0,-0.03826399892568588,0.8625720143318176,0.5044860243797302,0,0,1.605726957321167,0,1,0.919871985912323,0.3283950090408325,0.21445900201797485,0,-0.3086020052433014,0.2685149908065796,0.9125049710273743,0,0.24207599461078644,-0.9055699706077576,0.34834301471710205,0,0,1.6446679830551147,0,1,0.9971780180931091,0.05218600109219551,-0.05397599935531616,0,0.007468999829143286,0.6464110016822815,0.762952983379364,0,0.07470600306987762,-0.7612029910087585,0.6441969871520996,0,0,0.3149639964103699,0,1
K0.033,0.6207297444343567,0.05002603307366371,0.782427191734314,0,-0.12912695109844208,0.9908570051193237,0.03908887133002281,0,-0.7733182311058044,-0.12529589235782623,0.6215137839317322,0,-0.003419014625251293,3.120323896408081,-0.0012650677235797048,1,0.998058021068573,-0.031376998871564865,-0.05380595847964287,0,0.04433798789978027,0.9646099805831909,0.2599250078201294,0,0.04374595731496811,-0.26180601119995117,0.9641280174255371,0,0,0.45975399017333984,0.03396499902009964,1,0.9926819801330566,-0.07080098241567612,-0.09782091528177261,0,0.08032697439193726,0.9920240044593811,0.09714101254940033,0,0.09016291797161102,-0.1042880043387413,0.990451991558075,0,0,0.5378410220146179,0,1,0.9926819801330566,-0.0707629844546318,-0.09784891456365585,0,0.060062993317842484,0.9923049807548523,-0.10827698558568954,0,0.10475791990756989,0.10160799324512482,0.9892939925193787,0,0,0.6146770119667053,0,1,0.9848649501800537,-0.013712971471250057,-0.17278021574020386,0,0.008884988725185394,0.9995489716529846,-0.028682878240942955,0,0.1730952113866806,0.026713881641626358,0.984542965888977,0,0,0.691510021686554,0,1,0.9167659878730774,-0.09600920975208282,-0.38771501183509827,0,0.06176216900348663,0.9930809736251831,-0.09987613558769226,0,0.3946210443973541,0.06761705130338669,0.9163529872894287,0,0,0.2454809993505478,-0.04089999943971634,1,0.25981467962265015,-0.030939996242523193,-0.9651630520820618,0,0.9318580031394958,-0.25408920645713806,0.2589946687221527,0,-0.25325119495391846,-0.966685950756073,-0.03718496486544609,0,0.47368699312210083,0.6025000214576721,0.0059369998052716255,1,0.9818270206451416,0.0340108722448349,0.18670688569545746,0,-0.1272497922182083,0.8478661179542542,0.5147138237953186,0,-0.1407959908246994,-0.52911776304245,0.8367860913276672,0,0,0.9716910123825073,0,1,0.8267119526863098,0.4669373035430908,0.31387361884117126,0,-0.5053561925888062,0.8614928722381592,0.049450937658548355,0,-0.24730965495109558,-0.19949980080127716,0.9481761455535889,0,0,0.6897770166397095,0,1,0.9973800182342529,0.03818916529417038,-0.06143699213862419,0,-0.0462951734662056,0.9895659685134888,-0.1364392340183258,0,0.05558595433831215,0.13892525434494019,0.988741934299469,0,0,0.8503209948539734,0,1,0.5154659748077393,0.0515407919883728,0.8553590178489685,0,-0.10181904584169388,0.9948019981384277,0.0014172715600579977,0,-0.8508399724960327,-0.08782217651605606,0.5180339813232422,0,0,0.1171870008111,0,1,0.880241870880127,-0.46103614568710327,-0.11233808100223541,0,0.4614671468734741,0.7765347957611084,0.4290011525154114,0,-0.11055108904838562,-0.4294651448726654,0.8962909579277039,0,0,0.2788729965686798,0,1,0.899276077747345,0.3950548470020294,-0.18770793080329895,0,-0.3532688319683075,0.9090840816497803,0.22083216905593872,0,0.2578829824924469,-0.1322772204875946,0.9570779800415039,0,-0.1382330060005188,0.2833450138568878,-0.13067300617694855,1,0.4008045792579651,0.08054208010435104,0.9126161932945251,0,-0.8939801454544067,-0.18349625170230865,0.40881460905075073,0,0.20038826763629913,-0.9797149300575256,-0.0015429318882524967,0,-0.47368699312210083,0.6025940179824829,0.007207999937236309,1,0.8392979502677917,0.5428770780563354,0.029388543218374252,0,-0.39241254329681396,0.5674910545349121,0.7238556146621704,0,0.3762865364551544,-0.6190629601478577,0.6893252730369568,0,0,0.9716910123825073,0,1,0.5840466618537903,-0.7831902503967285,-0.2133120894432068,0,0.804520308971405,0.5934445858001709,0.023898083716630936,0,0.1078718975186348,-0.18557117879390717,0.9766920208930969,0,0,0.6897259950637817,0,1,0.88685142993927,-0.46059197187423706,0.03673417121171951,0,0.4607640206813812,0.8875133991241455,0.004149628337472677,0,-0.03451303765177727,0.013246369548141956,0.9993159770965576,0,0,0.8502560257911682,0,1,0.9427610039710999,-0.2610119879245758,0.20754200220108032,0,0.08695899695158005,0.7932680249214172,0.6026309728622437,0,-0.32193100452423096,-0.5500900149345398,0.7705600261688232,0,0,0.133775994181633,0,1,0.9311820268630981,-0.2810859978199005,-0.23214499652385712,0,0.17466799914836884,-0.21493899822235107,0.9608809947967529,0,-0.3199869990348816,-0.9353029727935791,-0.15105000138282776,0,0,0.2829039990901947,0,1,0.9976069927215576,0.026311999186873436,0.06393499672412872,0,-0.06572200357913971,0.6479840278625488,0.7588130235671997,0,-0.021462999284267426,-0.7611989974975586,0.6481630206108093,0,-0.036104001104831696,0.2682889997959137,-0.1744839996099472,1,-0.644741952419281,0.00428183376789093,0.7643880844116211,0,0.6053529977798462,-0.6077401638031006,0.5140037536621094,0,0.4667500853538513,0.7941248416900635,0.3892431855201721,0,0.43481600284576416,-0.25539299845695496,0.04547800123691559,1,0.9402610659599304,-0.20597372949123383,-0.2710799276828766,0,-0.08194408565759659,0.6359041333198547,-0.7674059271812439,0,0.3304457664489746,0.7437750101089478,0.5810371041297913,0,0,1.6006540060043335,0,1,0.984093964099884,-0.17180819809436798,-0.04518502578139305,0,0.14909115433692932,0.6604209542274475,0.735945999622345,0,-0.09660013020038605,-0.7309759855270386,0.6755310297012329,0,0,1.6453319787979126,0,1,0.9980369806289673,-0.06044600158929825,-0.01637691631913185,0,0.053996942937374115,0.6981260776519775,0.713935911655426,0,-0.0317220576107502,-0.7134189605712891,0.7000200748443604,0,0,0.34090399742126465,0,1,-0.907509982585907,0.3449360430240631,-0.23967599868774414,0,-0.41999101638793945,-0.737403929233551,0.5290020704269409,0,0.0057340506464242935,0.5807360410690308,0.8140719532966614,0,-0.43481600284576416,-0.25539299845695496,-0.018526000902056694,1,0.9907870292663574,-0.02004282921552658,0.13393908739089966,0,0.1256769895553589,0.5045899748802185,-0.8541629910469055,0,-0.050464194267988205,0.8631269931793213,0.5024600028991699,0,0,1.605726957321167,0,1,0.9222210645675659,0.3185768127441406,0.2191290706396103,0,-0.31108003854751587,0.2747151255607605,0.9098139405250549,0,0.22964778542518616,-0.9072160124778748,0.3524510860443115,0,0,1.6446679830551147,0,1,0.9971780180931091,0.05218600109219551,-0.053975000977516174,0,0.007468000054359436,0.6464110016822815,0.762952983379364,0,0.07470499724149704,-0.7612019777297974,0.6441969871520996,0,0,0.3149639964103699,0,1
K0.067,0.5943502187728882,0.05327196791768074,0.80243980884552,0,-0.12411905080080032,0.9919250011444092,0.026081128045916557,0,-0.7945707440376282,-0.11509910225868225,0.5961622595787048,0,-0.004891985561698675,3.1275360584259033,-0.008036932907998562,1,0.9982759952545166,-0.0313740000128746,-0.04961404204368591,0,0.04326201230287552,0.9644899964332581,0.2605539858341217,0,0.03967804089188576,-0.26225098967552185,0.9641839861869812,0,0,0.45975399017333984,0.03396499902009964,1,0.9935809969902039,-0.06924301385879517,-0.08945707976818085,0,0.07801902294158936,0.9920600056648254,0.09863998740911484,0,0.08191708475351334,-0.10498598963022232,0.9910939931869507,0,0,0.5378410220146179,0,1,0.9935809969902039,-0.06920801848173141,-0.08948308229446411,0,0.05950000882148743,0.9924830198287964,-0.10694201290607452,0,0.09621208161115646,0.10093101114034653,0.9902300238609314,0,0,0.6146770119667053,0,1,0.9808740615844727,-0.010826028883457184,-0.19434179365634918,0,0.0077560110948979855,0.9998329877853394,-0.016555121168494225,0,0.1944887936115265,0.014731119386851788,0.9807940721511841,0,0,0.691510021686554,0,1,0.9141219854354858,-0.1168207898736,-0.38824400305747986,0,0.07852383702993393,0.9904710054397583,-0.11314186453819275,0,0.3977619707584381,0.0729389488697052,0.9145849943161011,0,0,0.2454809993505478,-0.04089999943971634,1,0.22703632712364197,-0.030614003539085388,-0.9734049439430237,0,0.934145987033844,-0.27576178312301636,0.2265523225069046,0,-0.2753638029098511,-0.9607380628585815,-0.03401003032922745,0,0.47368699312210083,0.6025000214576721,0.0059369998052716255,1,0.9844989776611328,0.021194126456975937,0.17410312592983246,0,-0.10627120733261108,0.8617808818817139,0.4960251748561859,0,-0.13952600955963135,-0.5068382620811462,0.8506748676300049,0,0,0.9716910123825073,0,1,0.8235660791397095,0.4959957003593445,0.2751873731613159,0,-0.5259448289871216,0.8494301438331604,0.04301206395030022,0,-0.2124183475971222,-0.18015620112419128,0.9604278802871704,0,0,0.6897770166397095,0,1,0.9966610074043274,0.05451783537864685,-0.06077900901436806,0,-0.0636628270149231,0.984993040561676,-0.16042275726795197,0,0.05112004652619362,0.16375674307346344,0.9851750731468201,0,0,0.8503209948539734,0,1,0.5177209973335266,0.03069920651614666,0.8549990057945251,0,-0.10609995573759079,0.9939450025558472,0.02855673059821129,0,-0.8489450216293335,-0.10549981892108917,0.517844021320343,0,0,0.1171870008111,0,1,0.8704171180725098,-0.4772888422012329,-0.12070591747760773,0,0.47754883766174316,0.7589392066001892,0.44267284870147705,0,-0.119674913585186,-0.44295287132263184,0.8885220885276794,0,0,0.2788729965686798,0,1,0.9074379205703735,0.3796691596508026,-0.18002007901668549,0,-0.33458617329597473,0.9120709896087646,0.2370198369026184,0,0.25418004393577576,-0.15484876930713654,0.9546800255775452,0,-0.1382330060005188,0.2833450138568878,-0.13067300617694855,1,0.3601634204387665,0.08909691870212555,0.9286248087882996,0,-0.9047708511352539,-0.2091907411813736,0.37098339200019836,0,0.22731272876262665,-0.9738070368766785,0.005268932320177555,0,-0.47368699312210083,0.6025940179824829,0.007207999937236309,1,0.8322470784187317,0.5480309128761292,0.08382945507764816,0,-0.4456774592399597,0.5714039206504822,0.689107358455658,0,0.32975149154663086,-0.6108690500259399,0.7197936773300171,0,0,0.9716910123825073,0,1,0.5461223721504211,-0.8075037598609924,-0.22290991246700287,0,0.8320236802101135,0.553801417350769,0.03225491940975189,0,0.09740210324525833,-0.20308181643486023,0.9743049740791321,0,0,0.6897259950637817,0,1,0.9312626123428345,-0.3603689968585968,0.053706832230091095,0,0.36234697699546814,0.9314596056938171,-0.032975632697343826,0,-0.038142964243888855,0.05016963183879852,0.9980120062828064,0,0,0.8502560257911682,0,1,0.9427610039710999,-0.261013001203537,0.20754200220108032,0,0.08695899695158005,0.7932680249214172,0.6026309728622437,0,-0.32193100452423096,-0.5500900149345398,0.7705590128898621,0,0,0.133775994181633,0,1,0.931181013584137,-0.2810870110988617,-0.23214499652385712,0,0.17466799914836884,-0.2149379998445511,0.9608809947967529,0,-0.3199880123138428,-0.9353029727935791,-0.15105000138282776,0,0,0.2829039990901947,0,1,0.9976069927215576,0.026311999186873436,0.06393499672412872,0,-0.06572200357913971,0.6479840278625488,0.7588130235671997,0,-0.021462999284267426,-0.7611989974975586,0.6481630206108093,0,-0.036104001104831696,0.2682889997959137,-0.1744839996099472,1,-0.637721061706543,-0.012317835353314877,0.7701689600944519,0,0.6050549745559692,-0.6267778277397156,0.4909772276878357,0,0.47667691111564636,0.7791011929512024,0.4071618318557739,0,0.43481600284576416,-0.25539299845695496,0.04547800123691559,1,0.9475809335708618,-0.17913426458835602,-0.26457905769348145,0,-0.08977892249822617,0.6454258561134338,-0.7585280537605286,0,0.3066442310810089,0.7425199747085571,0.5955109000205994,0,0,1.6006540060043335,0,1,0.980478048324585,-0.19074280560016632,-0.04775497317314148,0,0.16345785558223724,0.6556740403175354,0.7371379733085632,0,-0.10929187387228012,-0.7305539846420288,0.6740520000457764,0,0,1.6453319787979126,0,1,0.9981319904327393,-0.06056499853730202,-0.008004083298146725,0,0.048350054770708084,0.7030549645423889,0.7094900608062744,0,-0.037342943251132965,-0.7085510492324829,0.7046699523925781,0,0,0.34090399742126465,0,1,-0.9066609740257263,0.34752196073532104,-0.2391519993543625,0,-0.4217209815979004,-0.7321430444717407,0.5348999500274658,0,0.010795949958264828,0.5858279466629028,0.8103630542755127,0,-0.43481600284576416,-0.25539299845695496,-0.018526000902056694,1,0.9897329807281494,-0.0029371699783951044,0.14289590716362,0,0.12462500482797623,0.5072090029716492,-0.8527640104293823,0,-0.06997380405664444,0.8618180155754089,0.5023679733276367,0,0,1.605726957321167,0,1,0.9260539412498474,0.30196619033813477,0.2263639271259308,0,-0.3146229684352875,0.28648486733436584,0.9049520492553711,0,0.2084152102470398,-0.9092540144920349,0.36030590534210205,0,0,1.6446679830551147,0,1,0.9971780180931091,0.0521869994699955,-0.053975000977516174,0,0.007468000054359436,0.6464110016822815,0.762952983379364,0,0.07470600306987762,-0.7612019777297974,0.6441969871520996,0,0,0.3149639964103699,0,1
K0.100,0.5582619905471802,0.05178900063037872,0.828046977519989,0,-0.11604300141334534,0.9931129813194275,0.016123000532388687,0,-0.8215100169181824,-0.10508900135755539,0.5604270100593567,0,-0.009002000093460083,3.138221025466919,-0.017785999923944473,1,0.9986479878425598,-0.031523000448942184,-0.04132699966430664,0,0.04126900061964989,0.9642530083656311,0.2617489993572235,0,0.03159800171852112,-0.2631010115146637,0.9642509818077087,0,0,0.45975399017333984,0.03396499902009964,1,0.9951300024986267,-0.06611999869346619,-0.07310499995946884,0,0.07337500154972076,0.9921290278434753,0.10146699845790863,0,0.06582099944353104,-0.10633700340986252,0.9921489953994751,0,0,0.5378410220146179,0,1,0.9951300024986267,-0.06609100103378296,-0.0731310024857521,0,0.05826700106263161,0.9928280115127563,-0.10439299792051315,0,0.07950600236654282,0.09962300211191177,0.9918439984321594,0,0,0.6146770119667053,0,1,0.974111020565033,-0.0021980004385113716,-0.22606000304222107,0,0.0008510003099218011,0.9999809861183167,-0.006054000463336706,0,0.22606900334358215,0.0057050003670156,0.9740949869155884,0,0,0.691510021686554,0,1,0.9080389738082886,-0.14851799607276917,-0.3916729986667633,0,0.10635499656200409,0.9861379861831665,-0.12736299633979797,0,0.40515899658203125,0.07399400323629379,0.9112470149993896,0,0,0.2454809993505478,-0.04089999943971634,1,0.1943950057029724,-0.028595000505447388,-0.9805060029029846,0,0.934732973575592,-0.2977199852466583,0.19400300085544586,0,-0.2974640130996704,-0.9542250037193298,-0.03114599920809269,0,0.47368699312210083,0.6025000214576721,0.0059369998052716255,1,0.9860960245132446,0.004880000837147236,0.16610799729824066,0,-0.08420000225305557,0.8764349818229675,0.4741019904613495,0,-0.14326900243759155,-0.48149600625038147,0.8646590113639832,0,0,0.9716910123825073,0,1,0.8151339888572693,0.5320749878883362,0.22902700304985046,0,-0.5529689788818359,0.8325080275535583,0.03400000184774399,0,-0.17257599532604218,-0.15435899794101715,0.9728260040283203,0,0,0.6897770166397095,0,1,0.9952219724655151,0.07534600049257278,-0.062102001160383224,0,-0.08590400218963623,0.9780009984970093,-0.19008900225162506,0,0.04641300067305565,0.19451600313186646,0.9798009991645813,0,0,0.8503209948539734,0,1,0.5213080048561096,-0.00011399862705729902,0.8533689975738525,0,-0.11239100247621536,0.9912800192832947,0.068790003657341,0,-0.8459349870681763,-0.1317719966173172,0.5167490243911743,0,0,0.1171870008111,0,1,0.85521000623703,-0.5007489919662476,-0.13366200029850006,0,0.5007320046424866,0.7317630052566528,0.4623740017414093,0,-0.13372400403022766,-0.46235600113868713,0.8765529990196228,0,0,0.2788729965686798,0,1,0.9189490079879761,0.35625600814819336,-0.1691579967737198,0,-0.3067519962787628,0.9152590036392212,0.2611590027809143,0,0.24786199629306793,-0.18810200691223145,0.9503589868545532,0,-0.1382330060005188,0.2833450138568878,-0.13067300617694855,1,0.29502999782562256,0.10048499703407288,0.950190007686615,0,-0.9161319732666016,-0.2527199983596802,0.3111810088157654,0,0.27140098810195923,-0.9623069763183594,0.017497999593615532,0,-0.47368699312210083,0.6025940179824829,0.007207999937236309,1,0.8427389860153198,0.5276989936828613,0.10642000287771225,0,-0.4768500030040741,0.640034019947052,0.6024709939956665,0,0.24981099367141724,-0.5584719777107239,0.7910140156745911,0,0,0.9716910123825073,0,1,0.5453029870986938,-0.7944009900093079,-0.2675290107727051,0,0.8324490189552307,0.550661027431488,0.061643000692129135,0,0.09834799915552139,-0.25631898641586304,0.961575984954834,0,0,0.6897259950637817,0,1,0.957476019859314,-0.2798359990119934,0.07022900134325027,0,0.28325098752975464,0.9580169916152954,-0.04440300166606903,0,-0.05485500022768974,0.0624070018529892,0.9965419769287109,0,0,0.8502560257911682,0,1,0.9427610039710999,-0.261013001203537,0.2075430005788803,0,0.08695899695158005,0.7932680249214172,0.6026309728622437,0,-0.32193100452423096,-0.5500900149345398,0.7705590128898621,0,0,0.133775994181633,0,1,0.9311820268630981,-0.2810859978199005,-0.23214499652385712,0,0.17466899752616882,-0.2149379998445511,0.9608809947967529,0,-0.3199869990348816,-0.9353029727935791,-0.15104900300502777,0,0,0.2829039990901947,0,1,0.9976069927215576,0.026312999427318573,0.06393499672412872,0,-0.06572200357913971,0.6479840278625488,0.7588130235671997,0,-0.021462999284267426,-0.7611989974975586,0.6481630206108093,0,-0.036104001104831696,0.2682889997959137,-0.1744839996099472,1,-0.6310520172119141,-0.03491999953985214,0.7749540209770203,0,0.6054419875144958,-0.6467289924621582,0.46387600898742676,0,0.4849869906902313,0.7619199752807617,0.4292620122432709,0,0.43481600284576416,-0.25539299845695496,0.04547800123691559,1,0.9574189782142639,-0.1353359967470169,-0.25501498579978943,0,-0.10545500367879868,0.6583399772644043,-0.7452970147132874,0,0.26875200867652893,0.7404540181159973,0.616034984588623,0,0,1.6006540060043335,0,1,0.9739630222320557,-0.22080500423908234,-0.0513949990272522,0,0.18604500591754913,0.648917019367218,0.737762987613678,0,-0.1295509934425354,-0.7281150221824646,0.673101007938385,0,0,1.6453319787979126,0,1,0.9982519745826721,-0.05906499922275543,0.0022589995060116053,0,0.04030299931764603,0.7081210017204285,0.7049400210380554,0,-0.043237000703811646,-0.7036160230636597,0.7092639803886414,0,0,0.34090399742126465,0,1,-0.9087849855422974,0.34275200963020325,-0.23797400295734406,0,-0.4170520007610321,-0.7278779745101929,0.544297993183136,0,0.01334299985319376,0.5938969850540161,0.8044300079345703,0,-0.43481600284576416,-0.25539299845695496,-0.018526000902056694,1,0.9878489971160889,0.01854199729859829,0.1543090045452118,0,0.1230349987745285,0.5133320093154907,-0.8493250012397766,0,-0.09495999664068222,0.857990026473999,0.504813015460968,0,0,1.605726957321167,0,1,0.9308130145072937,0.2795090079307556,0.23550599813461304,0,-0.31845200061798096,0.30397599935531616,0.8978790044784546,0,0.1793770045042038,-0.9107540249824524,0.371955007314682,0,0,1.6446679830551147,0,1,0.9971780180931091,0.05218600109219551,-0.05397599935531616,0,0.007468999829143286,0.6464110016822815,0.7629520297050476,0,0.07470600306987762,-0.7612019777297974,0.6441969871520996,0,0,0.3149639964103699,0,1
K0.133,0.5115544199943542,0.049709007143974304,0.8578113317489624,0,-0.10951898992061615,0.9939550161361694,0.0077129085548222065,0,-0.8522423505783081,-0.09789198637008667,0.5139064192771912,0,-0.014992063865065575,3.151123285293579,-0.03104223869740963,1,0.9990170001983643,-0.03209201619029045,-0.030563892796635628,0,0.03901498392224312,0.9639930129051208,0.263047993183136,0,0.02102189138531685,-0.26398199796676636,0.9642980098724365,0,0,0.45975399017333984,0.03396499902009964,1,0.996662974357605,-0.06314398348331451,-0.051732778549194336,0,0.0682869628071785,0.9921690225601196,0.10457902401685715,0,0.04472378268837929,-0.10776200890541077,0.9931700229644775,0,0,0.5378410220146179,0,1,0.996662974357605,-0.06312298774719238,-0.051757778972387314,0,0.05762800946831703,0.9931589961051941,-0.10155697911977768,0,0.05781377851963043,0.09823599457740784,0.9934819936752319,0,0,0.6146770119667053,0,1,0.9632598161697388,0.00672701932489872,-0.26848649978637695,0,-0.006698026787489653,0.9999769926071167,0.0010229803156107664,0,0.26848751306533813,0.0008130306960083544,0.9632828235626221,0,0,0.691510021686554,0,1,0.8976649045944214,-0.18462033569812775,-0.4001411199569702,0,0.13626328110694885,0.9797989130020142,-0.14637917280197144,0,0.4190821647644043,0.0768740177154541,0.9046879410743713,0,0,0.2454809993505478,-0.04089999943971634,1,0.16035862267017365,-0.023878904059529305,-0.9867700338363647,0,0.9340940117835999,-0.3194042146205902,0.15952761471271515,0,-0.31898820400238037,-0.9473179578781128,-0.02891400083899498,0,0.47368699312210083,0.6025000214576721,0.0059369998052716255,1,0.9856089353561401,-0.016788259148597717,0.168205127120018,0,-0.06145576760172844,0.8913821578025818,0.449066698551178,0,-0.15747424960136414,-0.4529406726360321,0.8775231242179871,0,0,0.9716910123825073,0,1,0.8023948669433594,0.5671172738075256,0.1858527511358261,0,-0.580680251121521,0.813782811164856,0.023808900266885757,0,-0.137741819024086,-0.1270247995853424,0.9822890758514404,0,0,0.6897770166397095,0,1,0.9934030175209045,0.09507512301206589,-0.06412301957607269,0,-0.10712014883756638,0.9689449071884155,-0.2228693664073944,0,0.040942948311567307,0.2282673865556717,0.9727368950843811,0,0,0.8503209948539734,0,1,0.5259630680084229,-0.0377214141190052,0.849670946598053,0,-0.11984407901763916,0.9857608675956726,0.11794954538345337,0,-0.8420219421386719,-0.1638653576374054,0.513952910900116,0,0,0.1171870008111,0,1,0.8355947732925415,-0.528367280960083,-0.15036319196224213,0,0.527966320514679,0.696789562702179,0.4855262339115143,0,-0.15176521241664886,-0.4850902259349823,0.861193835735321,0,0,0.2788729965686798,0,1,0.9320481419563293,0.3267116844654083,-0.156672865152359,0,-0.2725796103477478,0.9171090126037598,0.29087933897972107,0,0.2387198805809021,-0.22840844094753265,0.9438449144363403,0,-0.1382330060005188,0.2833450138568878,-0.13067300617694855,1,0.2287043184041977,0.10829000920057297,0.9674541354179382,0,-0.9194279909133911,-0.3025594651699066,0.2512173652648926,0,0.3199164569377899,-0.9469588398933411,0.030369136482477188,0,-0.47368699312210083,0.6025940179824829,0.007207999937236309,1,0.8644073009490967,0.49239352345466614,0.10172367841005325,0,-0.4758676290512085,0.7358828783035278,0.4816906750202179,0,0.16232435405254364,-0.46478378772735596,0.8704176545143127,0,0,0.9716910123825073,0,1,0.568087100982666,-0.7521346211433411,-0.33402156829833984,0,0.8133319020271301,0.5750411748886108,0.08842119574546814,0,0.12557128071784973,-0.3219015300273895,0.9384087324142456,0,0,0.6897259950637817,0,1,0.9733371138572693,-0.21287010610103607,0.08545007556676865,0,0.21656911075115204,0.9755831956863403,-0.03653489798307419,0,-0.07558613270521164,0.05406583845615387,0.9956719875335693,0,0,0.8502560257911682,0,1,0.9427610039710999,-0.261013001203537,0.2075430005788803,0,0.08695899695158005,0.7932680249214172,0.6026309728622437,0,-0.32193198800086975,-0.5500900149345398,0.7705590128898621,0,0,0.133775994181633,0,1,0.931181013584137,-0.2810859978199005,-0.2321459949016571,0,0.17466899752616882,-0.2149379998445511,0.9608809947967529,0,-0.3199880123138428,-0.9353029727935791,-0.15105000138282776,0,0,0.2829039990901947,0,1,0.9976069927215576,0.026311999186873436,0.06393499672412872,0,-0.06572200357913971,0.6479840278625488,0.7588130235671997,0,-0.021462999284267426,-0.7611989974975586,0.6481630206108093,0,-0.036104001104831696,0.2682889997959137,-0.1744839996099472,1,-0.624911904335022,-0.059687256813049316,0.7784110307693481,0,0.6037319898605347,-0.6691012382507324,0.4333726167678833,0,0.49496814608573914,0.7407707571983337,0.4541642367839813,0,0.43481600284576416,-0.25539299845695496,0.04547800123691559,1,0.9677650928497314,-0.07810238748788834,-0.23944072425365448,0,-0.12558914721012115,0.6744182109832764,-0.7275907397270203,0,0.2183094024658203,0.734207808971405,0.6428693532943726,0,0,1.6006540060043335,0,1,0.9642579555511475,-0.25958526134490967,-0.05312303826212883,0,0.21274521946907043,0.6389880180358887,0.739211916923523,0,-0.15794314444065094,-0.7240929007530212,0.6713740825653076,0,0,1.6453319787979126,0,1,0.998665988445282,-0.05144902691245079,0.004408045671880245,0,0.03362997993826866,0.7128068804740906,0.7005541324615479,0,-0.0391850546002388,-0.699471116065979,0.7135858535766602,0,0,0.34090399742126465,0,1,-0.9126890301704407,0.33377787470817566,-0.2357749491930008,0,-0.40830186009407043,-0.7208868265151978,0.5600103139877319,0,0.01695208251476288,0.6073832511901855,0.7942278385162354,0,-0.43481600284576416,-0.25539299845695496,-0.018526000902056694,1,0.9848069548606873,0.04366529732942581,0.1680731624364853,0,0.1211099773645401,0.5209210515022278,-0.8449699282646179,0,-0.12444834411144257,0.8524869680404663,0.507718026638031,0,0,1.605726957321167,0,1,0.9355730414390564,0.252726674079895,0.2466411292552948,0,-0.3223990201950073,0.3263082802295685,0.8885838985443115,0,0.14408756792545319,-0.9108520150184631,0.38676416873931885,0,0,1.6446679830551147,0,1,0.9971780180931091,0.0521869994699955,-0.053975000977516174,0,0.007466999813914299,0.6464110016822815,0.762952983379364,0,0.07470600306987762,-0.7612019777297974,0.6441969871520996,0,0,0.3149639964103699,0,1
