3.167,30,95,33
B0,mixamorig_Hips,-1,-0.8418713212013245,-0.2066567838191986,-0.4771609306335449,0,-0.14098788797855377,0.9758262038230896,-0.1628122180700302,0,0.49922648072242737,-0.07072876393795013,-0.8506520390510559,0,-0.1605536788702011,3.2646851539611816,1.1413949728012085,1
B1,mixamorig_Spine,0,0.9960947632789612,0.0844225063920021,-0.022461209446191788,0,-0.07534170895814896,0.9603464007377625,0.2681845724582672,0,0.044212739914655685,-0.26554015278816223,0.9630709886550903,0,0,0.45975399017333984,0.03396499902009964,1
B2,mixamorig_Spine1,1,0.9864904284477234,0.016456913203001022,-0.16132275760173798,0,0.0008479728130623698,0.9940866827964783,0.10647271573543549,0,0.16215106844902039,-0.10541974008083344,0.9810700416564941,0,0,0.5378410220146179,0,1
B3,mixamorig_Spine2,2,0.9831374883651733,0.04244698956608772,-0.17635396122932434,0,-0.05696721002459526,0.9951189756393433,-0.07826602458953857,0,0.17219659686088562,0.08677001297473907,0.9811394214630127,0,0,0.6146770119667053,0,1
B4,mixamorig_Neck,3,0.9311415553092957,0.1701163500547409,0.3189035952091217,0,-0.23960426449775696,0.9517489671707153,0.19064746797084808,0,-0.270826131105423,-0.2547700107097626,0.9271824359893799,0,0,0.691510021686554,0,1
B5,mixamorig_Head,4,0.9591554999351501,0.1577119082212448,0.2324637919664383,0,-0.11612097918987274,0.9763954281806946,-0.18182189762592316,0,-0.2556600868701935,0.14735862612724304,0.954834520816803,0,0,0.2454809993505478,-0.04089999943971634,1
B6,mixamorig_HeadTop_End,5,1,0,0,0,0,1,0,0,0,0,1,0,0,1.500491976737976,-0.2500010132789612,1
B7,mixamorig_LeftShoulder,3,0.02878064662218094,-0.01216172520071268,-0.9994564056396484,0,0.9877173900604248,-0.1522907167673111,0.030281346291303635,0,-0.15260788798332214,-0.988156795501709,0.007775937672704458,0,0.47368699312210083,0.6025000214576721,0.0059369998052716255,1
B8,mixamorig_LeftArm,7,0.7419624924659729,0.38716554641723633,-0.5433856844902039,0,0.27861347794532776,0.5605818629264832,0.7790944576263428,0,0.6062090396881104,-0.7313873171806335,0.3070627748966217,0,0,0.9716910123825073,0,1
B9,mixamorig_LeftForeArm,8,0.39015305042266846,0.9181104898452759,-0.04525374248623848,0,-0.911975085735321,0.38096919655799866,-0.13670489192008972,0,-0.10924648493528366,0.09280194342136383,0.9888163805007935,0,0,0.6897770166397095,0,1
B10,mixamorig_LeftHand,9,0.997119128704071,-0.05002104863524437,-0.05476934090256691,0,0.04157054424285889,0.9863176345825195,-0.1547240912914276,0,0.06158722564578056,0.15194649994373322,0.9855950474739075,0,0,0.8503209948539734,0,1
B11,mixamorig_LeftHandIndex1,10,0.6767680048942566,-0.41213199496269226,0.610027015209198,0,-0.030710000544786453,0.81209397315979,0.5827175378799438,0,-0.7355560064315796,-0.413098007440567,0.5369430184364319,0,0,0.1171870008111,0,1
B12,mixamorig_LeftHandIndex2,11,0.5735911726951599,-0.7538530230522156,-0.3204667866230011,0,0.7140992879867554,0.2685129940509796,0.6465002298355103,0,-0.40131673216819763,-0.5996720194816589,0.6923428773880005,0,0,0.2788729965686798,0,1
B13,mixamorig_LeftHandIndex3,12,0.9983680248260498,-0.027730999514460564,-0.04992099851369858,0,0.05096200108528137,0.8271099925041199,0.5597255229949951,0,0.025769000872969627,-0.5613560080528259,0.8271729946136475,0,-0.1382330060005188,0.2833450138568878,-0.13067300617694855,1
B14,mixamorig_LeftHandIndex4,13,1,0,0,0,0,1,0,0,0,0,1,0,0.01849599927663803,0.12047600001096725,-0.06827899813652039,1
B15,mixamorig_RightShoulder,3,0.5737243294715881,-0.006038378458470106,0.8189823031425476,0,-0.8072012066841125,-0.16956272721290588,0.56452876329422,0,0.135431170463562,-0.9849697351455688,-0.10223691910505295,0,-0.47368699312210083,0.6025940179824829,0.007207999937236309,1
B16,mixamorig_RightArm,15,0.6279402375221252,-0.6878877282142639,0.34573662281036377,0,0.7730520963668823,0.5850713849067688,-0.2354956865310669,0,-0.045907583087682724,0.41412413120269775,0.9041541814804077,0,0,0.9716910123825073,0,1
B17,mixamorig_RightForeArm,16,0.3675074577331543,-0.8821344375610352,0.28891271352767944,0,0.9251075387001038,0.3246784806251526,-0.19181545078754425,0,0.074564129114151,0.3367394804954529,0.9365487098693848,0,0,0.6897259950637817,0,1
B18,mixamorig_RightHand,17,0.9359763860702515,0.34798526763916016,-0.018207037821412086,0,-0.329311341047287,0.8667410016059875,-0.3719707429409027,0,-0.11378214508295059,0.3537939190864563,0.9280250668525696,0,0,0.8502560257911682,0,1
B19,mixamorig_RightHandIndex1,18,0.9427610039710999,-0.26101353764533997,0.20754200220108032,0,0.08695953339338303,0.793267011642456,0.6026319861412048,0,-0.3219314515590668,-0.5500900149345398,0.7705590128898621,0,0,0.133775994181633,0,1
B20,mixamorig_RightHandIndex2,19,0.9311814904212952,-0.2810859978199005,-0.2321459949016571,0,0.17466899752616882,-0.2149379998445511,0.9608809947967529,0,-0.3199869990348816,-0.9353029727935791,-0.15104900300502777,0,0,0.2829039990901947,0,1
B21,mixamorig_RightHandIndex3,20,0.9976069927215576,0.026312999427318573,0.06393499672412872,0,-0.06572200357913971,0.6479840278625488,0.7588130235671997,0,-0.021462000906467438,-0.7611989974975586,0.6481630206108093,0,-0.036104001104831696,0.2682889997959137,-0.1744839996099472,1
B22,mixamorig_RightHandIndex4,21,1,0,0,0,0,1,0,0,0,0,1,0,0.02318600006401539,0.11503300070762634,-0.046879999339580536,1
B23,mixamorig_LeftUpLeg,0,-0.7353541851043701,0.03210953623056412,0.6701660752296448,0,0.4924509525299072,-0.6548101902008057,0.5686736106872559,0,0.45540347695350647,0.7545857429504395,0.4665208160877228,0,0.43481600284576416,-0.25539299845695496,0.04547800123691559,1
B24,mixamorig_LeftLeg,23,0.9857357740402222,0.06406058371067047,0.15363149344921112,0,0.11543580144643784,0.4010797441005707,-0.9086936712265015,0,-0.11985540390014648,0.9135908484458923,0.3878152072429657,0,0,1.6006540060043335,0,1
B25,mixamorig_LeftFoot,24,0.9784585237503052,0.19669348001480103,0.05485692247748375,0,-0.09675862640142441,0.21191202104091644,0.9723731279373169,0,0.17957010865211487,-0.9568835496902466,0.2261437028646469,0,0,1.6453319787979126,0,1
B26,mixamorig_LeftToeBase,25,0.9817450046539307,0.09838080406188965,0.16277959942817688,0,-0.17384886741638184,0.811312198638916,0.5581662654876709,0,-0.07715226709842682,-0.5762763023376465,0.8136051297187805,0,0,0.34090399742126465,0,1
B27,mixamorig_LeftToe_End,26,1,0,0,0,0,1,0,0,0,0,1,0,0,0.0960180014371872,0,1
B28,mixamorig_RightUpLeg,0,-0.9162604808807373,0.20681509375572205,-0.33922913670539856,0,-0.14389188587665558,-0.9684972763061523,-0.20201526582241058,0,-0.3703259527683258,-0.13536782562732697,0.9178288578987122,0,-0.43481600284576416,-0.25539299845695496,-0.018526000902056694,1
B29,mixamorig_RightLeg,28,0.9974321126937866,-0.0693223774433136,0.0032393853180110455,0,0.04308343306183815,0.5677739977836609,-0.8192411065101624,0,0.055664315819740295,0.8174017071723938,0.5692445635795593,0,0,1.605726957321167,0,1
B30,mixamorig_RightFoot,29,0.9558582305908203,0.27599239349365234,-0.09816160798072815,0,-0.20728996396064758,0.8739858269691467,0.438986599445343,0,0.20696517825126648,-0.39931154251098633,0.8931121826171875,0,0,1.6446679830551147,0,1
B31,mixamorig_RightToeBase,30,0.9794064164161682,-0.13420072197914124,-0.14546126127243042,0,0.19493572413921356,0.4962538182735443,0.844836950302124,0,-0.04206826165318489,-0.8563118577003479,0.511925995349884,0,0,0.3149639964103699,0,1
B32,mixamorig_RightToe_End,31,1,0,0,0,0,1,0,0,0,0,1,0,0,0.11291100084781647,0,1
@28,0,1,2,3,4,5,7,8,9,10,11,12,13,15,16,17,18,19,20,21,23,24,25,26,28,29,30,31
K0.000,0.6369869709014893,0.04642599821090698,0.769474983215332,0,-0.13054999709129333,0.9902629852294922,0.04832499846816063,0,-0.7597389817237854,-0.1312370002269745,0.6368460059165955,0,-0.0037440001033246517,3.117677927017212,0.002580000087618828,1,0.9980220198631287,-0.03145800158381462,-0.054434001445770264,0,0.0446150004863739,0.9644010066986084,0.26065200567245483,0,0.0442969985306263,-0.2625649869441986,0.9638969898223877,0,0,0.45975399017333984,0.03396499902009964,1,0.9925029873847961,-0.07150600105524063,-0.0991239994764328,0,0.08130399882793427,0.991798996925354,0.09861399978399277,0,0.09126000106334686,-0.10593400150537491,0.9901769757270813,0,0,0.5378410220146179,0,1,0.9925029873847961,-0.07146699726581573,-0.09915199875831604,0,0.06079399958252907,0.9924219846725464,-0.10677900165319443,0,0.10603199899196625,0.09995000064373016,0.9893270134925842,0,0,0.6146770119667053,0,1,0.9866660237312317,-0.010042999871075153,-0.16244900226593018,0,0.004569999873638153,0.9994099736213684,-0.03402699902653694,0,0.1626950055360794,0.03283099830150604,0.9861299991607666,0,0,0.691510021686554,0,1,0.9176589846611023,-0.08967900276184082,-0.3871159851551056,0,0.05649999901652336,0.9937499761581421,-0.09627900272607803,0,0.39333099126815796,0.06647899746894836,0.9169899821281433,0,0,0.2454809993505478,-0.04089999943971634,1,0.29524698853492737,-0.030643999576568604,-0.954928994178772,0,0.9268620014190674,-0.23336000740528107,0.2940579950809479,0,-0.23185400664806366,-0.9719070196151733,-0.04049599915742874,0,0.47368699312210083,0.6025000214576721,0.0059369998052716255,1,0.9791560173034668,0.04565500095486641,0.1979140043258667,0,-0.14606699347496033,0.8353549838066101,0.5299490094184875,0,-0.14113299548625946,-0.5478119850158691,0.8246110081672668,0,0,0.9716910123825073,0,1,0.8235660195350647,0.452241986989975,0.3423669934272766,0,-0.49717599153518677,0.866096019744873,0.051910001784563065,0,-0.27304700016975403,-0.21296800673007965,0.9381309747695923,0,0,0.6897770166397095,0,1,0.9973999857902527,0.03209000080823898,-0.06453000009059906,0,-0.039726000279188156,0.9918860197067261,-0.12076400220394135,0,0.060130998492240906,0.12301299721002579,0.9905819892883301,0,0,0.8503209948539734,0,1,0.5146870017051697,0.05920400097966194,0.8553320169448853,0,-0.10026200115680695,0.994924008846283,-0.008534999564290047,0,-0.8514959812164307,-0.08136399835348129,0.5180100202560425,0,0,0.1171870008111,0,1,0.8837739825248718,-0.45495399832725525,-0.10936500132083893,0,0.4554550051689148,0.782833993434906,0.4239470064640045,0,-0.10726200044155121,-0.4244840145111084,0.899058997631073,0,0,0.2788729965686798,0,1,0.8961960077285767,0.4006350040435791,-0.19058600068092346,0,-0.36011800169944763,0.9078090190887451,0.2149360030889511,0,0.2591269910335541,-0.123990997672081,0.957850992679596,0,-0.1382330060005188,0.2833450138568878,-0.13067300617694855,1,0.42837899923324585,0.07512599974870682,0.9004709720611572,0,-0.8839529752731323,-0.1718360036611557,0.43485701084136963,0,0.18740199506282806,-0.9822570085525513,-0.007203000131994486,0,-0.47368699312210083,0.6025940179824829,0.007207999937236309,1,0.8438050150871277,0.535306990146637,-0.03794100135564804,0,-0.34955599904060364,0.6018949747085571,0.7180060148239136,0,0.4071899950504303,-0.5925949811935425,0.695002019405365,0,0,0.9716910123825073,0,1,0.6530960202217102,-0.7211899757385254,-0.23097600042819977,0,0.745028018951416,0.6665499806404114,0.025395000353455544,0,0.13564200699329376,-0.18866899609565735,0.9726279973983765,0,0,0.6897259950637817,0,1,0.8087829947471619,-0.5880799889564514,0.005603000055998564,0,0.5855410099029541,0.8061069846153259,0.08563300222158432,0,-0.054875001311302185,-0.06597699970006943,0.9963110089302063,0,0,0.8502560257911682,0,1,0.9427610039710999,-0.261013001203537,0.20754200220108032,0,0.08695899695158005,0.7932680249214172,0.6026309728622437,0,-0.32193100452423096,-0.5500900149345398,0.7705590128898621,0,0,0.133775994181633,0,1,0.9311820268630981,-0.2810859978199005,-0.23214499652385712,0,0.17466799914836884,-0.2149379998445511,0.9608809947967529,0,-0.3199869990348816,-0.9353029727935791,-0.15104900300502777,0,0,0.2829039990901947,0,1,0.9976069927215576,0.026312999427318573,0.06393499672412872,0,-0.06572200357913971,0.6479840278625488,0.7588130235671997,0,-0.021462999284267426,-0.7611989974975586,0.6481630206108093,0,-0.036104001104831696,0.2682889997959137,-0.1744839996099472,1,-0.6473209857940674,0.013357000425457954,0.7620999813079834,0,0.6068649888038635,-0.5959299802780151,0.5259109735488892,0,0.46118301153182983,0.8029249906539917,0.37765198945999146,0,0.43481600284576416,-0.25539299845695496,0.04547800123691559,1,0.9346100091934204,-0.22436299920082092,-0.27598199248313904,0,-0.076105996966362,0.631816029548645,-0.7713729739189148,0,0.3474369943141937,0.7419360280036926,0.5734260082244873,0,0,1.6006540060043335,0,1,0.9862499833106995,-0.15955999493598938,-0.043028999119997025,0,0.13954399526119232,0.6645659804344177,0.7340840101242065,0,-0.08853500336408615,-0.7299950122833252,0.6776940226554871,0,0,1.6453319787979126,0,1,0.9979559779167175,-0.060072001069784164,-0.021779000759124756,0,0.057468000799417496,0.6947559714317322,0.716946005821228,0,-0.02793700061738491,-0.7167329788208008,0.6967880129814148,0,0,0.34090399742126465,0,1,-0.9088940024375916,0.3410409986972809,-0.24000699818134308,0,-0.41702800989151,-0.7427570223808289,0.5238320231437683,0,0.0003809999907389283,0.5761970281600952,0.8173109889030457,0,-0.43481600284576416,-0.25539299845695496,-0.018526000902056694,1,0.9912710189819336,-0.030976999551057816,0.12814800441265106,0,0.1261640042066574,0.504984974861145,-0.8538579940795898,0,-0.03826199844479561,0.8625720143318176,0.504485011100769,0,0,1.605726957321167,0,1,0.919871985912323,0.32839399576187134,0.21446000039577484,0,-0.3086009919643402,0.26851099729537964,0.9125059843063354,0,0.24207699298858643,-0.9055709838867188,0.3483380079269409,0,0,1.6446679830551147,0,1,0.9971780180931091,0.05218600109219551,-0.05397599935531616,0,0.007468000054359436,0.6464110016822815,0.762952983379364,0,0.07470600306987762,-0.7612019777297974,0.6441969871520996,0,0,0.3149639964103699,0,1
K0.033,0.5965926051139832,0.04003096744418144,0.8015453219413757,0,-0.11367082595825195,0.9929010272026062,0.03501786291599274,0,-0.7944533228874207,-0.11200379580259323,0.5969075560569763,0,-0.00019201828399673104,3.1145870685577393,0.014438144862651825,1,0.9980599880218506,-0.029753968119621277,-0.05468900129199028,0,0.04308797046542168,0.9641630053520203,0.2617880403995514,0,0.044940005987882614,-0.2636370360851288,0.963575005531311,0,0,0.45975399017333984,0.03396499902009964,1,0.9923220276832581,-0.07121299207210541,-0.10112505406141281,0,0.08144500106573105,0.991553008556366,0.10094305872917175,0,0.09308204799890518,-0.10840407013893127,0.9897390007972717,0,0,0.5378410220146179,0,1,0.9920690059661865,-0.0698399767279625,-0.10450905561447144,0,0.0589049831032753,0.9927999973297119,-0.10429493337869644,0,0.11104105412960052,0.09731193631887436,0.9890400171279907,0,0,0.6146770119667053,0,1,0.9869610071182251,-0.008167967200279236,-0.16075295209884644,0,0.0036839765962213278,0.9995959997177124,-0.028169948607683182,0,0.1609179526567459,0.02721095271408558,0.9865930080413818,0,0,0.691510021686554,0,1,0.9184460043907166,-0.09067106992006302,-0.38501495122909546,0,0.06055810675024986,0.99413001537323,-0.08965593576431274,0,0.3908839523792267,0.059028904885053635,0.9185450673103333,0,0,0.2454809993505478,-0.04089999943971634,1,0.27636975049972534,-0.029432982206344604,-0.9606000781059265,0,0.933180034160614,-0.23075096309185028,0.2755507528781891,0,-0.2297699749469757,-0.9725679755210876,-0.036305949091911316,0,0.47368699312210083,0.6025000214576721,0.0059369998052716255,1,0.9825750589370728,0.046496909111738205,0.17995865643024445,0,-0.13627973198890686,0.8386090397834778,0.5274109244346619,0,-0.12639178335666656,-0.5427448749542236,0.8303331136703491,0,0,0.9716910123825073,0,1,0.8184879422187805,0.4645821452140808,0.33799588680267334,0,-0.509580135345459,0.8587498664855957,0.05362505465745926,0,-0.2653408646583557,-0.21612803637981415,0.9396180510520935,0,0,0.6897770166397095,0,1,0.9962659478187561,0.03038695827126503,-0.08081242442131042,0,-0.03988500311970711,0.9921349883079529,-0.11864694207906723,0,0.07657143473625183,0.12142695486545563,0.9896419644355774,0,0,0.8503209948539734,0,1,0.5236942172050476,0.02649817429482937,0.8514938354492188,0,-0.09649990499019623,0.9949279427528381,0.028388947248458862,0,-0.8464228510856628,-0.09703642874956131,0.5235950946807861,0,0,0.1171870008111,0,1,0.870332658290863,-0.47817957401275635,-0.11775524914264679,0,0.4770675301551819,0.7593393325805664,0.4425034523010254,0,-0.12218040227890015,-0.4413023889064789,0.889001727104187,0,0,0.2788729965686798,0,1,0.9079052805900574,0.37970542907714844,-0.17757068574428558,0,-0.33546438813209534,0.9121820330619812,0.23534353077411652,0,0.25133776664733887,-0.15410076081752777,0.955552875995636,0,-0.1382330060005188,0.2833450138568878,-0.13067300617694855,1,0.43808412551879883,0.07998000830411911,0.8953689336776733,0,-0.8766409158706665,-0.18243402242660522,0.4452171325683594,0,0.1989540308713913,-0.979960024356842,-0.00980803556740284,0,-0.47368699312210083,0.6025940179824829,0.007207999937236309,1,0.8740882873535156,0.48301443457603455,-0.05164213478565216,0,-0.3125615417957306,0.6406162977218628,0.7013678550720215,0,0.37185367941856384,-0.596916139125824,0.7109260559082031,0,0,0.9716910123825073,0,1,0.6481090784072876,-0.723788857460022,-0.23682111501693726,0,0.7503659129142761,0.6600240468978882,0.036315057426691055,0,0.13002406060695648,-0.20123910903930664,0.9708739519119263,0,0,0.6897259950637817,0,1,0.8370912075042725,-0.5415065884590149,0.07777576893568039,0,0.5404357314109802,0.8406131863594055,0.03604339435696602,0,-0.08489635586738586,0.011860879138112068,0.9963189363479614,0,0,0.8502560257911682,0,1,0.9427610039710999,-0.261013001203537,0.20754200220108032,0,0.08695899695158005,0.793267011642456,0.6026319861412048,0,-0.32193100452423096,-0.5500900149345398,0.7705590128898621,0,0,0.133775994181633,0,1,0.931181013584137,-0.2810859978199005,-0.2321459949016571,0,0.17466899752616882,-0.2149379998445511,0.9608809947967529,0,-0.3199869990348816,-0.9353029727935791,-0.15104900300502777,0,0,0.2829039990901947,0,1,0.9976069927215576,0.026312999427318573,0.06393499672412872,0,-0.06572200357913971,0.6479840278625488,0.7588130235671997,0,-0.021462999284267426,-0.7611989974975586,0.6481630206108093,0,-0.036104001104831696,0.2682889997959137,-0.1744839996099472,1,-0.6470502614974976,-0.03874950110912323,0.7614616751670837,0,0.6208840608596802,-0.6064309477806091,0.49673405289649963,0,0.44252651929855347,0.7941910028457642,0.4164504110813141,0,0.43481600284576416,-0.25539299845695496,0.04547800123691559,1,0.9388741254806519,-0.22078678011894226,-0.2641356289386749,0,-0.08107511699199677,0.6038722395896912,-0.79294753074646,0,0.3345765173435211,0.7658926248550415,0.5490603446960449,0,0,1.6006540060043335,0,1,0.9872109889984131,-0.1569601595401764,-0.027893655002117157,0,0.1218077540397644,0.629786491394043,0.7671583890914917,0,-0.1028464138507843,-0.7607443332672119,0.6408514380455017,0,0,1.6453319787979126,0,1,0.9980530142784119,-0.06231958419084549,0.0024110316298902035,0,0.04212469235062599,0.7021263241767883,0.7108057141304016,0,-0.04598972201347351,-0.7093197107315063,0.703384280204773,0,0,0.34090399742126465,0,1,-0.9124690890312195,0.34323805570602417,-0.22268155217170715,0,-0.4088267982006073,-0.7434360384941101,0.5293040871620178,0,0.016127364709973335,0.5740118622779846,0.8186880350112915,0,-0.43481600284576416,-0.25539299845695496,-0.018526000902056694,1,0.989808976650238,-0.010071988217532635,0.14204607903957367,0,0.12746505439281464,0.5074040293693542,-0.8522289991378784,0,-0.06349105387926102,0.8616499900817871,0.5035160183906555,0,0,1.605726957321167,0,1,0.922544002532959,0.31409603357315063,0.22418002784252167,0,-0.3150690197944641,0.27765998244285583,0.9075440168380737,0,0.22281001508235931,-0.9078810214996338,0.35511600971221924,0,0,1.6446679830551147,0,1,0.9972569942474365,0.05155698210000992,-0.05310997739434242,0,0.007405998185276985,0.6444169282913208,0.7646390795707703,0,0.07364796847105026,-0.7629340887069702,0.6422669291496277,0,0,0.3149639964103699,0,1
K0.067,0.5571644306182861,0.03653703257441521,0.8295987248420715,0,-0.09686216711997986,0.9950709939002991,0.021228138357400894,0,-0.8247336745262146,-0.09218419343233109,0.5579573512077332,0,-0.0020179818384349346,3.108320951461792,0.028988854959607124,1,0.9981420040130615,-0.02657703123986721,-0.05482500046491623,0,0.04020402953028679,0.9634320139884949,0.2649179697036743,0,0.0457799918949604,-0.2666299641132355,0.962710976600647,0,0,0.45975399017333984,0.03396499902009964,1,0.9918609857559204,-0.07030800729990005,-0.1061539500951767,0,0.08170299977064133,0.990884006023407,0.10711293667554855,0,0.09765595197677612,-0.1149139329791069,0.9885640144348145,0,0,0.5378410220146179,0,1,0.9916139841079712,-0.0677180215716362,-0.11007694900035858,0,0.05702202022075653,0.9935939908027649,-0.09756606817245483,0,0.11597894877195358,0.0904710665345192,0.9891229867935181,0,0,0.6146770119667053,0,1,0.9877319931983948,-0.004896032623946667,-0.15607903897762299,0,0.0013280233833938837,0.9997349977493286,-0.022960051894187927,0,0.15615004301071167,0.022471046075224876,0.9874780178070068,0,0,0.691510021686554,0,1,0.9204710125923157,-0.09763393551111221,-0.37841805815696716,0,0.07127689570188522,0.9939910173416138,-0.08307906985282898,0,0.3842560648918152,0.04950009286403656,0.9218989610671997,0,0,0.2454809993505478,-0.04089999943971634,1,0.251204252243042,-0.02759401872754097,-0.9675409197807312,0,0.9409149289131165,-0.22756803035736084,0.25078123807907104,0,-0.22710202634334564,-0.9733710289001465,-0.031202049925923347,0,0.47368699312210083,0.6025000214576721,0.0059369998052716255,1,0.9885539412498474,0.03742709010839462,0.14615033566951752,0,-0.10908326506614685,0.8465259671211243,0.5210520625114441,0,-0.1042192205786705,-0.5310301184654236,0.8409188985824585,0,0,0.9716910123825073,0,1,0.8144740462303162,0.47928085923194885,0.3269871175289154,0,-0.5238139033317566,0.8497740626335144,0.05918394401669502,0,-0.24950017035007477,-0.21948496997356415,0.9431739449501038,0,0,0.6897770166397095,0,1,0.9919940829277039,0.026241041719913483,-0.12353057414293289,0,-0.04031699523329735,0.992792010307312,-0.11286305636167526,0,0.11967756599187851,0.11694004386663437,0.9859020709991455,0,0,0.8503209948539734,0,1,0.5472797751426697,-0.056038182228803635,0.8350712060928345,0,-0.08677909523248672,0.9885790348052979,0.1232120618224144,0,-0.832439124584198,-0.13989757001399994,0.5361669063568115,0,0,0.1171870008111,0,1,0.8326383829116821,-0.5353143811225891,-0.14195676147937775,0,0.5294644832611084,0.6942596435546875,0.48751354217529297,0,-0.16241860389709473,-0.48108360171318054,0.8614982962608337,0,0,0.2788729965686798,0,1,0.9350907206535339,0.3227155804634094,-0.1464943140745163,0,-0.27171561121940613,0.9181819558143616,0.2882934510707855,0,0.22754523158073425,-0.22977524995803833,0.9462701082229614,0,-0.1382330060005188,0.2833450138568878,-0.13067300617694855,1,0.4506978690624237,0.08070599287748337,0.8890210390090942,0,-0.8695940375328064,-0.18531596660614014,0.4576728940010071,0,0.20168596506118774,-0.979358971118927,-0.013339964672923088,0,-0.47368699312210083,0.6025940179824829,0.007207999937236309,1,0.9019597172737122,0.4268835783004761,-0.06510886549949646,0,-0.26776444911956787,0.6711866855621338,0.6912381052970886,0,0.3387783169746399,-0.6060348749160767,0.7196879386901855,0,0,0.9716910123825073,0,1,0.6552919149398804,-0.7133721113204956,-0.2483798861503601,0,0.7430290579795837,0.667945921421051,0.041896943002939224,0,0.13601593673229218,-0.21200789511203766,0.9677560329437256,0,0,0.6897259950637817,0,1,0.8521578311920166,-0.49998441338539124,0.15441423654556274,0,0.5092343091964722,0.8602718114852905,-0.024774394929409027,0,-0.12045065313577652,0.09974512457847595,0.987695038318634,0,0,0.8502560257911682,0,1,0.9427610039710999,-0.26101401448249817,0.20754200220108032,0,0.08695899695158005,0.793267011642456,0.6026319861412048,0,-0.32193198800086975,-0.5500900149345398,0.7705590128898621,0,0,0.133775994181633,0,1,0.931181013584137,-0.2810870110988617,-0.23214499652385712,0,0.17466799914836884,-0.2149379998445511,0.9608809947967529,0,-0.3199869990348816,-0.9353029727935791,-0.15104900300502777,0,0,0.2829039990901947,0,1,0.9976069927215576,0.026311999186873436,0.06393499672412872,0,-0.06572200357913971,0.6479840278625488,0.7588130235671997,0,-0.021462999284267426,-0.7611989974975586,0.6481630206108093,0,-0.036104001104831696,0.2682889997959137,-0.1744839996099472,1,-0.6733327507972717,-0.08917750418186188,0.7339422702789307,0,0.6257139444351196,-0.5975280404090881,0.5014399290084839,0,0.3938334882259369,0.7968739867210388,0.45813459157943726,0,0.43481600284576416,-0.25539299845695496,0.04547800123691559,1,0.9532638788223267,-0.19857321679592133,-0.22772036492824554,0,-0.09287487715482712,0.5246188044548035,-0.84625643491745,0,0.287510484457016,0.8278543949127197,0.48165765404701233,0,0,1.6006540060043335,0,1,0.9847339987754822,-0.17394483089447021,0.006542657967656851,0,0.09689224511384964,0.5789784789085388,0.8095656037330627,0,-0.14460758864879608,-0.7965726256370544,0.5869935154914856,0,0,1.6453319787979126,0,1,0.9997749924659729,-0.0204814150929451,0.005573968403041363,0,0.011270306073129177,0.7346956729888916,0.6783033013343811,0,-0.017988277599215508,-0.6780883073806763,0.7347607016563416,0,0,0.34090399742126465,0,1,-0.9201569557189941,0.34875795245170593,-0.17798544466495514,0,-0.38800621032714844,-0.7511649131774902,0.5340439677238464,0,0.052555639296770096,0.5604641437530518,0.826509952545166,0,-0.43481600284576416,-0.25539299845695496,-0.018526000902056694,1,0.9886389970779419,-0.008891012519598007,0.15004391968250275,0,0.13384494185447693,0.5063030123710632,-0.8519049882888794,0,-0.06839394569396973,0.862309992313385,0.5017409920692444,0,0,1.605726957321167,0,1,0.9209679961204529,0.3166319727897644,0.22707396745681763,0,-0.31839296221733093,0.2756270170211792,0.9070039987564087,0,0.2245979905128479,-0.9076200127601624,0.35465699434280396,0,0,1.6446679830551147,0,1,0.9974669814109802,0.04982001706957817,-0.050764020532369614,0,0.007234001997858286,0.6389530301094055,0.7692119479179382,0,0.07075802981853485,-0.767630934715271,0.636974036693573,0,0,0.3149639964103699,0,1
K0.100,0.5162910223007202,0.03414199873805046,0.8557329773902893,0,-0.07941100001335144,0.9968090057373047,0.008140000514686108,0,-0.852724015712738,-0.07215700298547745,0.5173540115356445,0,-0.005559000186622143,3.09968900680542,0.045979999005794525,1,0.9982439875602722,-0.02232700027525425,-0.05485999956727028,0,0.0363290011882782,0.9623429775238037,0.2694000005722046,0,0.04678000137209892,-0.2709200084209442,0.961463987827301,0,0,0.45975399017333984,0.03396499902009964,1,0.991241991519928,-0.06874699890613556,-0.11275000125169754,0,0.08183500170707703,0.9898840188980103,0.11589500308036804,0,0.10364200174808502,-0.1241070032119751,0.9868410229682922,0,0,0.5378410220146179,0,1,0.9911550283432007,-0.06503599882125854,-0.11567799746990204,0,0.05500499904155731,0.9946100115776062,-0.08789300173521042,0,0.12077099829912186,0.08075299859046936,0.9893900156021118,0,0,0.6146770119667053,0,1,0.9888020157814026,-0.0006880001747049391,-0.14923399686813354,0,-0.0020409997086972,0.9998329877853394,-0.018132999539375305,0,0.1492220014333725,0.01823499985039234,0.9886360168457031,0,0,0.691510021686554,0,1,0.9231860041618347,-0.10874199867248535,-0.3686490058898926,0,0.0864579975605011,0.9933149814605713,-0.07649099826812744,0,0.3745020031929016,0.03874199837446213,0.9264159798622131,0,0,0.2454809993505478,-0.04089999943971634,1,0.20840799808502197,-0.024431999772787094,-0.9777370095252991,0,0.9522690176963806,-0.22291299700737,0.20855000615119934,0,-0.22304600477218628,-0.9745320081710815,-0.023190999403595924,0,0.47368699312210083,0.6025000214576721,0.0059369998052716255,1,0.9946100115776062,0.03362699970602989,0.09807799756526947,0,-0.07956899702548981,0.8540359735488892,0.5140929818153381,0,-0.06647499650716782,-0.5191259980201721,0.8521090149879456,0,0,0.9716910123825073,0,1,0.8104479908943176,0.4963560104370117,0.31113401055336,0,-0.5395910143852234,0.8392879962921143,0.06661300361156464,0,-0.22806699573993683,-0.2218710035085678,0.9480289816856384,0,0,0.6897770166397095,0,1,0.9828190207481384,0.021282000467181206,-0.18334199488162994,0,-0.0409649983048439,0.9937080144882202,-0.10424499958753586,0,0.17996999621391296,0.10996399819850922,0.9775059819221497,0,0,0.8503209948539734,0,1,0.58023601770401,-0.16313600540161133,0.7979429960250854,0,-0.07326100021600723,0.9653080105781555,0.25062501430511475,0,-0.8111469745635986,-0.2038789987564087,0.5481550097465515,0,0,0.1171870008111,0,1,0.7744899988174438,-0.6062480211257935,-0.18063299357891083,0,0.5927500128746033,0.5957739949226379,0.5419409871101379,0,-0.22093400359153748,-0.5267980098724365,0.8207749724388123,0,0,0.2788729965686798,0,1,0.9648380279541016,0.23863400518894196,-0.11018799990415573,0,-0.18488900363445282,0.9141340255737305,0.3607969880104065,0,0.1868250072002411,-0.3277379870414734,0.9261119961738586,0,-0.1382330060005188,0.2833450138568878,-0.13067300617694855,1,0.4710310101509094,0.08106400072574615,0.878383994102478,0,-0.8581439852714539,-0.1884559988975525,0.4775699973106384,0,0.20424999296665192,-0.9787300229072571,-0.019204000011086464,0,-0.47368699312210083,0.6025940179824829,0.007207999937236309,1,0.9289399981498718,0.36517399549484253,-0.0609779991209507,0,-0.23228800296783447,0.7031229734420776,0.6720560193061829,0,0.2882919907569885,-0.6101359724998474,0.7379850149154663,0,0,0.9716910123825073,0,1,0.6614170074462891,-0.7038909792900085,-0.2589679956436157,0,0.735971987247467,0.6756250262260437,0.04331599920988083,0,0.14447499811649323,-0.21924300491809845,0.9649140238761902,0,0,0.6897259950637817,0,1,0.865293025970459,-0.4537760019302368,0.2129649966955185,0,0.48316898941993713,0.8681640028953552,-0.11330999433994293,0,-0.13347099721431732,0.20094500482082367,0.9704669713973999,0,0,0.8502560257911682,0,1,0.9427610039710999,-0.26101401448249817,0.20754100382328033,0,0.08696000277996063,0.793267011642456,0.6026319861412048,0,-0.32193100452423096,-0.5500900149345398,0.7705590128898621,0,0,0.133775994181633,0,1,0.9311820268630981,-0.2810850143432617,-0.2321459949016571,0,0.17466899752616882,-0.2149370014667511,0.9608809947967529,0,-0.3199859857559204,-0.9353039860725403,-0.15104900300502777,0,0,0.2829039990901947,0,1,0.9976069927215576,0.026312999427318573,0.06393499672412872,0,-0.0657230019569397,0.6479840278625488,0.7588130235671997,0,-0.021462000906467438,-0.7611989974975586,0.6481630206108093,0,-0.036104001104831696,0.2682889997959137,-0.1744839996099472,1,-0.6881260275840759,-0.12310700118541718,0.715071976184845,0,0.6341419816017151,-0.5809779763221741,0.5102239847183228,0,0.35262900590896606,0.8045549988746643,0.477853000164032,0,0.43481600284576416,-0.25539299845695496,0.04547800123691559,1,0.9738370180130005,-0.13961699604988098,-0.179299995303154,0,-0.10538599640130997,0.42156800627708435,-0.9006519913673401,0,0.20133399963378906,0.8959839940071106,0.39582499861717224,0,0,1.6006540060043335,0,1,0.9718239903450012,-0.23362299799919128,-0.03128499910235405,0,0.14576900005340576,0.49138501286506653,0.8586570024490356,0,-0.18522900342941284,-0.839024007320404,0.5115950107574463,0,0,1.6453319787979126,0,1,0.994933009147644,0.06431499123573303,-0.07728199660778046,0,-0.004467999096959829,0.7961670160293579,0.6050599813461304,0,0.10044398903846741,-0.6016489863395691,0.7924200296401978,0,0,0.34090399742126465,0,1,-0.9275950193405151,0.3552280068397522,-0.11567699909210205,0,-0.35916200280189514,-0.7627339959144592,0.5378109812736511,0,0.10281500220298767,0.5404170155525208,0.8350920081138611,0,-0.43481600284576416,-0.25539299845695496,-0.018526000902056694,1,0.9877660274505615,-0.01806900091469288,0.15489600598812103,0,0.14282800257205963,0.5035640001296997,-0.8520699739456177,0,-0.06260400265455246,0.863768994808197,0.4999839961528778,0,0,1.605726957321167,0,1,0.9158989787101746,0.33118700981140137,0.2268110066652298,0,-0.32178500294685364,0.26799699664115906,0.9080920219421387,0,0.23996399343013763,-0.9047060012817383,0.3520300090312958,0,0,1.6446679830551147,0,1,0.997763991355896,0.04718500003218651,-0.04732999950647354,0,0.006976999808102846,0.6307820081710815,0.7759289741516113,0,0.06646700203418732,-0.7745239734649658,0.6290429830551147,0,0,0.3149639964103699,0,1
K0.133,0.47112447023391724,0.03063593991100788,0.881534218788147,0,-0.06043178588151932,0.9981690049171448,-0.0023920657113194466,0,-0.87999427318573,-0.05214579775929451,0.4721134603023529,0,-0.010365049354732037,3.0897998809814453,0.06544820964336395,1,0.9983519911766052,-0.01690293848514557,-0.05483299866318703,0,0.03135094419121742,0.9610610008239746,0.27455204725265503,0,0.04805701598525047,-0.2758190631866455,0.9600070118904114,0,0,0.45975399017333984,0.03396499902009964,1,0.9906089901924133,-0.06652896851301193,-0.11944404989480972,0,0.08159898966550827,0.9886599779129028,0.1260690987110138,0,0.10970304161310196,-0.13463109731674194,0.9848039746284485,0,0,0.5378410220146179,0,1,0.9907119870185852,-0.06176796182990074,-0.12114005535840988,0,0.052712973207235336,0.9956690073013306,-0.07658088207244873,0,0.12534505128860474,0.06948388367891312,0.9896770119667053,0,0,0.6146770119667053,0,1,0.9899939894676208,0.004019048064947128,-0.14104890823364258,0,-0.005972040351480246,0.999891996383667,-0.01342295203357935,0,0.14097991585731506,0.014130956493318081,0.9899119734764099,0,0,0.691510021686554,0,1,0.9260910153388977,-0.12212814390659332,-0.3569868803024292,0,0.10392017662525177,0.9921309947967529,-0.06982793658971786,0,0.36270588636398315,0.027568889781832695,0.9314960837364197,0,0,0.2454809993505478,-0.04089999943971634,1,0.16858460009098053,-0.021692974492907524,-0.9854480624198914,0,0.961202085018158,-0.21783393621444702,0.1692315936088562,0,-0.21833494305610657,-0.9757450222969055,-0.01587192714214325,0,0.47368699312210083,0.6025000214576721,0.0059369998052716255,1,0.9989029765129089,0.01922784373164177,0.04270140826702118,0,-0.03824256360530853,0.8612280488014221,0.5067769289016724,0,-0.027031568810343742,-0.5078539252281189,0.8610190749168396,0,0,0.9716910123825073,0,1,0.805385947227478,0.5157002210617065,0.2922458052635193,0,-0.5566551685333252,0.8274468779563904,0.07393505424261093,0,-0.20368975400924683,-0.22222596406936646,0.9534810781478882,0,0,0.6897770166397095,0,1,0.9679028391838074,0.01703297533094883,-0.25074565410614014,0,-0.04176000878214836,0.9947310090065002,-0.09362588077783585,0,0.24782967567443848,0.1010919064283371,0.9635148048400879,0,0,0.8503209948539734,0,1,0.6167183518409729,-0.2692848742008209,0.7396923303604126,0,-0.057955849915742874,0.9215854406356812,0.3838231563568115,0,-0.7850477695465088,-0.2795807421207428,0.5527519583702087,0,0,0.1171870008111,0,1,0.7035582661628723,-0.6726634502410889,-0.22919349372386932,0,0.6496813893318176,0.4781518280506134,0.5910033583641052,0,-0.2879566252231598,-0.5647082328796387,0.773424506187439,0,0,0.2788729965686798,0,1,0.9868411421775818,0.14084605872631073,-0.07941479980945587,0,-0.09229517728090286,0.8939467072486877,0.4385656714439392,0,0.13276241719722748,-0.42546579241752625,0.8951836228370667,0,-0.1382330060005188,0.2833450138568878,-0.13067300617694855,1,0.4972202777862549,0.0819130390882492,0.8637488484382629,0,-0.8423848152160645,-0.1928020864725113,0.5032052397727966,0,0.2077520787715912,-0.9778130054473877,-0.026863079518079758,0,-0.47368699312210083,0.6025940179824829,0.007207999937236309,1,0.9516862630844116,0.30349621176719666,-0.04672601446509361,0,-0.19847442209720612,0.7240651845932007,0.6605589389801025,0,0.23430949449539185,-0.6193711161613464,0.7493190765380859,0,0,0.9716910123825073,0,1,0.6588732004165649,-0.7070258259773254,-0.2569059133529663,0,0.7326806783676147,0.6805452704429626,0.006153392605483532,0,0.1704854518175125,-0.1922844499349594,0.9664170145988464,0,0,0.6897259950637817,0,1,0.8827491402626038,-0.396633505821228,0.2518664002418518,0,0.4475277364253998,0.8730520009994507,-0.19364656507968903,0,-0.143086239695549,0.28365862369537354,0.9481897354125977,0,0,0.8502560257911682,0,1,0.9427610039710999,-0.261013001203537,0.20754200220108032,0,0.08695899695158005,0.793267011642456,0.6026319861412048,0,-0.32193100452423096,-0.5500900149345398,0.7705590128898621,0,0,0.133775994181633,0,1,0.9311820268630981,-0.2810859978199005,-0.2321459949016571,0,0.17466899752616882,-0.2149379998445511,0.9608809947967529,0,-0.3199869990348816,-0.9353029727935791,-0.15104900300502777,0,0,0.2829039990901947,0,1,0.9976069927215576,0.026312999427318573,0.06393499672412872,0,-0.06572200357913971,0.6479840278625488,0.7588130235671997,0,-0.021462000906467438,-0.7611989974975586,0.6481630206108093,0,-0.036104001104831696,0.2682889997959137,-0.1744839996099472,1,-0.6987632513046265,-0.14791728556156158,0.6998926997184753,0,0.6397109627723694,-0.5670869946479797,0.5188280940055847,0,0.32015663385391235,0.81026691198349,0.4908832609653473,0,0.43481600284576416,-0.25539299845695496,0.04547800123691559,1,0.9819420576095581,-0.1096799448132515,-0.15414179861545563,0,-0.11303398013114929,0.31320586800575256,-0.9429342746734619,0,0.1516987681388855,0.9433302879333496,0.2951529026031494,0,0,1.6006540060043335,0,1,0.9611800909042358,-0.2686905860900879,-0.06275606900453568,0,0.1697598099708557,0.3965626358985901,0.9021751880645752,0,-0.2175186723470688,-0.8778062462806702,0.4267815947532654,0,0,1.6453319787979126,0,1,0.9954610466957092,0.0574035570025444,-0.07590319216251373,0,-0.0008151219808496535,0.8027076721191406,0.5963724851608276,0,0.09516210108995438,-0.5936045050621033,0.7991107106208801,0,0,0.34090399742126465,0,1,-0.9315909743309021,0.36059603095054626,-0.04592032730579376,0,-0.3266656696796417,-0.7750531435012817,0.5409090518951416,0,0.15945954620838165,0.518906831741333,0.8398259878158569,0,-0.43481600284576416,-0.25539299845695496,-0.018526000902056694,1,0.9866039752960205,-0.02457001991569996,0.16127406060695648,0,0.15175306797027588,0.501013994216919,-0.8520309925079346,0,-0.05986601486802101,0.865090012550354,0.49803099036216736,0,0,1.605726957321167,0,1,0.904931902885437,0.35956722497940063,0.22761504352092743,0,-0.33211812376976013,0.2623109519481659,0.9060299396514893,0,0.26607316732406616,-0.8954909443855286,0.35679304599761963,0,0,1.6446679830551147,0,1,0.9981030225753784,0.0438709631562233,-0.04319395497441292,0,0.006648996379226446,0.6206678748130798,0.7840450406074524,0,0.061205942183732986,-0.782845139503479,0.6191988587379456,0,0,0.3149639964103699,0,1
