2.267,30,68,33
B0,mixamorig_Hips,-1,0.6378747224807739,0.04921066761016846,0.7685599327087402,0,-0.12970474362373352,0.9905567765235901,0.044217295944690704,0,-0.7591382265090942,-0.12788769602775574,0.6382315158843994,0,-0.0017938545206561685,3.1163885593414307,-0.0023583427537232637,1
B1,mixamorig_Spine,0,0.998162567615509,-0.030152535066008568,-0.05250579118728638,0,0.0428873673081398,0.9642175436019897,0.2616133987903595,0,0.04274066537618637,-0.2633882761001587,0.9637408256530762,0,0,0.45975399017333984,0.03396499902009964,1
B2,mixamorig_Spine1,1,0.9924922585487366,-0.07247814536094666,-0.09851299226284027,0,0.08236496150493622,0.991537868976593,0.10032306611537933,0,0.09040642529726028,-0.10768307745456696,0.990064263343811,0,0,0.5378410220146179,0,1
B3,mixamorig_Spine2,2,0.9925068616867065,-0.07156313955783844,-0.09904073178768158,0,0.0611429363489151,0.9926386475563049,-0.10451944917440414,0,0.10579140484333038,0.09768019616603851,0.9895763993263245,0,0,0.6146770119667053,0,1
B4,mixamorig_Neck,3,0.9865103363990784,-0.009501293301582336,-0.1634206622838974,0,0.0038204663433134556,0.9993777871131897,-0.03503589704632759,0,0.16365104913711548,0.033939432352781296,0.9859333634376526,0,0,0.691510021686554,0,1
B5,mixamorig_Head,4,0.9173320531845093,-0.09283076226711273,-0.38713550567626953,0,0.05785326659679413,0.9931833744049072,-0.10106480121612549,0,0.39389416575431824,0.07031069695949554,0.9164541363716125,0,0,0.2454809993505478,-0.04089999943971634,1
B6,mixamorig_HeadTop_End,5,1,0,0,0,0,1,0,0,0,0,1,0,0,1.500491976737976,-0.2500010132789612,1
B7,mixamorig_LeftShoulder,3,0.295267254114151,-0.030316445976495743,-0.9549337029457092,0,0.9270831942558289,-0.23250322043895721,0.2940376400947571,0,-0.23093943297863007,-0.9721220135688782,-0.040545158088207245,0,0.47368699312210083,0.6025000214576721,0.0059369998052716255,1
B8,mixamorig_LeftArm,7,0.9783104062080383,0.049888383597135544,0.20096367597579956,0,-0.1509149819612503,0.8362969756126404,0.527063250541687,0,-0.14178763329982758,-0.5459786653518677,0.8257113695144653,0,0,0.9716910123825073,0,1
B9,mixamorig_LeftForeArm,8,0.8233410120010376,0.4520008862018585,0.34322595596313477,0,-0.4968719184398651,0.8663209676742554,0.05103887617588043,0,-0.27427440881729126,-0.2125614732503891,0.9378640055656433,0,0,0.6897770166397095,0,1
B10,mixamorig_LeftHand,9,0.9976381659507751,0.03334866464138031,-0.05985133349895477,0,-0.04041757807135582,0.9918157458305359,-0.12110702693462372,0,0.055322520434856415,0.12323597818613052,0.9908221364021301,0,0,0.8503209948539734,0,1
B11,mixamorig_LeftHandIndex1,10,0.5148866176605225,0.058800891041755676,0.8552392721176147,0,-0.10009704530239105,0.9949445128440857,-0.008144091814756393,0,-0.8513944745063782,-0.08141329139471054,0.518169105052948,0,0,0.1171870008111,0,1
B12,mixamorig_LeftHandIndex2,11,0.882592499256134,-0.45730334520339966,-0.10907167941331863,0,0.4575817883014679,0.7823411226272583,0.42255711555480957,0,-0.10790179669857025,-0.4228564500808716,0.8997481465339661,0,0,0.2788729965686798,0,1
B13,mixamorig_LeftHandIndex3,12,0.8965444564819336,0.4000830352306366,-0.19010727107524872,0,-0.3594825863838196,0.9079383611679077,0.21545232832431793,0,0.2588039040565491,-0.12482210248708725,0.957830011844635,0,-0.1382330060005188,0.2833450138568878,-0.13067300617694855,1
B14,mixamorig_LeftHandIndex4,13,1,0,0,0,0,1,0,0,0,0,1,0,0.01849599927663803,0.12047600001096725,-0.06827899813652039,1
B15,mixamorig_RightShoulder,3,0.43899184465408325,0.07651442289352417,0.8951524496078491,0,-0.8790635466575623,-0.16908705234527588,0.4455559551715851,0,0.18547876179218292,-0.9826217293739319,-0.006945005618035793,0,-0.47368699312210083,0.6025940179824829,0.007207999937236309,1
B16,mixamorig_RightArm,15,0.83830326795578,0.5440695881843567,-0.03338973596692085,0,-0.359541654586792,0.5979220867156982,0.7163123488426208,0,0.40969112515449524,-0.5885387063026428,0.6969590187072754,0,0,0.9716910123825073,0,1
B17,mixamorig_RightForeArm,16,0.6430299878120422,-0.731391191482544,-0.2265906184911728,0,0.7547460198402405,0.6552907824516296,0.026809807866811752,0,0.12891116738319397,-0.1881975680589676,0.9736089110374451,0,0,0.6897259950637817,0,1
B18,mixamorig_RightHand,17,0.8092725276947021,-0.5873426198959351,0.009491090662777424,0,0.5851935744285583,0.8074261546134949,0.07393600791692734,0,-0.05110354721546173,-0.05427563935518265,0.997137725353241,0,0,0.8502560257911682,0,1
B19,mixamorig_RightHandIndex1,18,0.9427610039710999,-0.261013001203537,0.20754200220108032,0,0.08695899695158005,0.7932674884796143,0.6026319861412048,0,-0.32193100452423096,-0.5500900149345398,0.7705590128898621,0,0,0.133775994181633,0,1
B20,mixamorig_RightHandIndex2,19,0.9311820268630981,-0.2810859978199005,-0.23214499652385712,0,0.17466799914836884,-0.2149375081062317,0.9608809947967529,0,-0.3199869990348816,-0.9353029727935791,-0.15104900300502777,0,0,0.2829039990901947,0,1
B21,mixamorig_RightHandIndex3,20,0.9976069927215576,0.026312999427318573,0.06393499672412872,0,-0.06572200357913971,0.6479840278625488,0.7588130235671997,0,-0.021462999284267426,-0.7611989974975586,0.6481630206108093,0,-0.036104001104831696,0.2682889997959137,-0.1744839996099472,1
B22,mixamorig_RightHandIndex4,21,1,0,0,0,0,1,0,0,0,0,1,0,0.02318600006401539,0.11503300070762634,-0.046879999339580536,1
B23,mixamorig_LeftUpLeg,0,-0.6486079096794128,0.013055888935923576,0.7610087394714355,0,0.6043214797973633,-0.5990020036697388,0.5253331661224365,0,0.4627011716365814,0.8006313443183899,0.38063085079193115,0,0.43481600284576416,-0.25539299845695496,0.04547800123691559,1
B24,mixamorig_LeftLeg,23,0.9346700310707092,-0.22389940917491913,-0.2761542499065399,0,-0.07577170431613922,0.6334619522094727,-0.7700515389442444,0,0.3473477065563202,0.7406687140464783,0.5751129388809204,0,0,1.6006540060043335,0,1
B25,mixamorig_LeftFoot,24,0.9862372875213623,-0.15969808399677277,-0.042802583426237106,0,0.13969770073890686,0.6664321422576904,0.7323559522628784,0,-0.08843053877353668,-0.7282567024230957,0.6795699000358582,0,0,1.6453319787979126,0,1
B26,mixamorig_LeftToeBase,25,0.9979564547538757,-0.060068096965551376,-0.02178439125418663,0,0.057468000799417496,0.6947520971298218,0.7169498801231384,0,-0.02793114446103573,-0.716736912727356,0.6967841386795044,0,0,0.34090399742126465,0,1
B27,mixamorig_LeftToe_End,26,1,0,0,0,0,1,0,0,0,0,1,0,0,0.0960180014371872,0,1
B28,mixamorig_RightUpLeg,0,-0.9081584811210632,0.3434498906135559,-0.2393389195203781,0,-0.41861164569854736,-0.7419722676277161,0.5236772298812866,0,0.0022730224300175905,0.5757708549499512,0.8176053166389465,0,-0.43481600284576416,-0.25539299845695496,-0.018526000902056694,1
B29,mixamorig_RightLeg,28,0.9913442134857178,-0.032698750495910645,0.12713390588760376,0,0.12631580233573914,0.5009379386901855,-0.8562029004096985,0,-0.03568967059254646,0.8648504614830017,0.5007322430610657,0,0,1.605726957321167,0,1
B30,mixamorig_RightFoot,29,0.9197153449058533,0.3289274573326111,0.2143135666847229,0,-0.3084755837917328,0.2678283452987671,0.9127485156059265,0,0.24282903969287872,-0.9055792689323425,0.34779199957847595,0,0,1.6446679830551147,0,1
B31,mixamorig_RightToeBase,30,0.9971926212310791,0.05328161641955376,-0.05258415266871452,0,0.005717456340789795,0.6461709141731262,0.7631691694259644,0,0.07464158535003662,-0.7613293528556824,0.6440539956092834,0,0,0.3149639964103699,0,1
B32,mixamorig_RightToe_End,31,1,0,0,0,0,1,0,0,0,0,1,0,0,0.11291100084781647,0,1
@28,0,1,2,3,4,5,7,8,9,10,11,12,13,15,16,17,18,19,20,21,23,24,25,26,28,29,30,31
K0.000,0.6369879841804504,0.04642599821090698,0.769474983215332,0,-0.13054999709129333,0.9902629852294922,0.04832499846816063,0,-0.7597389817237854,-0.1312370002269745,0.6368460059165955,0,-0.0037440001033246517,3.117676019668579,0.0025790000800043344,1,0.9980220198631287,-0.03145800158381462,-0.05443299934267998,0,0.044613998383283615,0.9644020199775696,0.26065099239349365,0,0.04429600015282631,-0.2625640034675598,0.9638969898223877,0,0,0.45975399017333984,0.03396499902009964,1,0.9925029873847961,-0.07150600105524063,-0.0991239994764328,0,0.08130399882793427,0.991798996925354,0.09861399978399277,0,0.09125900268554688,-0.10593400150537491,0.9901769757270813,0,0,0.5378410220146179,0,1,0.9925029873847961,-0.07146699726581573,-0.09915199875831604,0,0.06079399958252907,0.9924219846725464,-0.10677900165319443,0,0.10603199899196625,0.09995000064373016,0.9893270134925842,0,0,0.6146770119667053,0,1,0.9866660237312317,-0.010042999871075153,-0.16244900226593018,0,0.004573000129312277,0.9994109869003296,-0.03401299938559532,0,0.1626950055360794,0.032816000282764435,0.9861310124397278,0,0,0.691510021686554,0,1,0.9176599979400635,-0.08968300372362137,-0.3871150016784668,0,0.05649900063872337,0.9937490224838257,-0.0962890014052391,0,0.39333000779151917,0.06648799777030945,0.9169899821281433,0,0,0.2454809993505478,-0.04089999943971634,1,0.2956649959087372,-0.030680999159812927,-0.9547989964485168,0,0.9267240166664124,-0.2333880066871643,0.29447099566459656,0,-0.2318740040063858,-0.9718989729881287,-0.04057199880480766,0,0.47368699312210083,0.6025000214576721,0.0059369998052716255,1,0.9791619777679443,0.04523799940943718,0.1979759931564331,0,-0.14573900401592255,0.835440993309021,0.5299050211906433,0,-0.1414259970188141,-0.5477160215377808,0.8246250152587891,0,0,0.9716910123825073,0,1,0.8235669732093811,0.4522410035133362,0.3423680067062378,0,-0.497175008058548,0.866096019744873,0.051910001784563065,0,-0.2730480134487152,-0.21296800673007965,0.9381309747695923,0,0,0.6897770166397095,0,1,0.9973999857902527,0.03209200128912926,-0.06453099846839905,0,-0.03972800076007843,0.9918860197067261,-0.12076199799776077,0,0.06013200059533119,0.12301100045442581,0.9905819892883301,0,0,0.8503209948539734,0,1,0.5146870017051697,0.05920400097966194,0.8553320169448853,0,-0.10026200115680695,0.9949250221252441,-0.008534999564290047,0,-0.8514959812164307,-0.08136399835348129,0.5180100202560425,0,0,0.1171870008111,0,1,0.8837739825248718,-0.45495399832725525,-0.10936400294303894,0,0.4554539918899536,0.7828350067138672,0.4239470064640045,0,-0.10726200044155121,-0.4244840145111084,0.8990600109100342,0,0,0.2788729965686798,0,1,0.8961960077285767,0.4006350040435791,-0.19058699905872345,0,-0.36011800169944763,0.9078090190887451,0.2149360030889511,0,0.2591269910335541,-0.123990997672081,0.957850992679596,0,-0.1382330060005188,0.2833450138568878,-0.13067300617694855,1,0.4289810061454773,0.07512599974870682,0.9001839756965637,0,-0.8836690187454224,-0.17179900407791138,0.4354479908943176,0,0.18736399710178375,-0.9822630286216736,-0.007311999797821045,0,-0.47368699312210083,0.6025940179824829,0.007207999937236309,1,0.8434489965438843,0.5358610153198242,-0.0380450002849102,0,-0.3498690128326416,0.6016749739646912,0.7180389761924744,0,0.40765899419784546,-0.5923179984092712,0.6949629783630371,0,0,0.9716910123825073,0,1,0.6530960202217102,-0.7211899757385254,-0.23097600042819977,0,0.745028018951416,0.6665499806404114,0.02539600059390068,0,0.13564200699329376,-0.18866899609565735,0.9726279973983765,0,0,0.6897259950637817,0,1,0.8087829947471619,-0.5880810022354126,0.005603000055998564,0,0.5855420231819153,0.8061069846153259,0.08563199639320374,0,-0.054875001311302185,-0.06597699970006943,0.9963110089302063,0,0,0.8502560257911682,0,1,0.9427610039710999,-0.261013001203537,0.20754200220108032,0,0.08695899695158005,0.793267011642456,0.6026319861412048,0,-0.32193100452423096,-0.5500900149345398,0.7705590128898621,0,0,0.133775994181633,0,1,0.9311820268630981,-0.2810859978199005,-0.23214499652385712,0,0.17466799914836884,-0.2149379998445511,0.9608809947967529,0,-0.3199869990348816,-0.9353029727935791,-0.15104900300502777,0,0,0.2829039990901947,0,1,0.9976069927215576,0.026312999427318573,0.06393499672412872,0,-0.06572200357913971,0.6479840278625488,0.7588130235671997,0,-0.021462999284267426,-0.7611989974975586,0.6481630206108093,0,-0.036104001104831696,0.2682889997959137,-0.1744839996099472,1,-0.6473209857940674,0.013357000425457954,0.7620999813079834,0,0.6068670153617859,-0.5959259867668152,0.5259119868278503,0,0.4611800014972687,0.8029279708862305,0.3776499927043915,0,0.43481600284576416,-0.25539299845695496,0.04547800123691559,1,0.9346100091934204,-0.2243649959564209,-0.27598100900650024,0,-0.076105996966362,0.6318089962005615,-0.7713779807090759,0,0.3474369943141937,0.7419419884681702,0.573419988155365,0,0,1.6006540060043335,0,1,0.9862499833106995,-0.1595589965581894,-0.04303000122308731,0,0.13954299688339233,0.664563000202179,0.7340869903564453,0,-0.08853399753570557,-0.729997992515564,0.6776900291442871,0,0,1.6453319787979126,0,1,0.9979559779167175,-0.060072001069784164,-0.021779999136924744,0,0.057468000799417496,0.6947569847106934,0.7169449925422668,0,-0.02793700061738491,-0.7167320251464844,0.696789026260376,0,0,0.34090399742126465,0,1,-0.9088929891586304,0.3410409986972809,-0.24000799655914307,0,-0.41702800989151,-0.7427589893341064,0.5238289833068848,0,0.00037900000461377203,0.5761939883232117,0.817313015460968,0,-0.43481600284576416,-0.25539299845695496,-0.018526000902056694,1,0.9912710189819336,-0.030976999551057816,0.12814900279045105,0,0.1261650025844574,0.5049899816513062,-0.8538550138473511,0,-0.03826399892568588,0.8625689744949341,0.5044900178909302,0,0,1.605726957321167,0,1,0.919871985912323,0.3283950090408325,0.21445900201797485,0,-0.3086009919643402,0.2685149908065796,0.9125049710273743,0,0.24207699298858643,-0.9055699706077576,0.34834200143814087,0,0,1.6446679830551147,0,1,0.9971780180931091,0.05218600109219551,-0.05397599935531616,0,0.007468000054359436,0.6464120149612427,0.7629520297050476,0,0.07470600306987762,-0.7612019777297974,0.6441969871520996,0,0,0.3149639964103699,0,1
K0.033,0.6260718703269958,0.05308806151151657,0.7779560685157776,0,-0.11922088265419006,0.9924669861793518,0.028217803686857224,0,-0.7705981135368347,-0.1104147881269455,0.6276838779449463,0,-0.003199981525540352,3.125016927719116,0.009652147069573402,1,0.9985650181770325,-0.02532791905105114,-0.047194864600896835,0,0.03673288971185684,0.9651060104370117,0.25927096605300903,0,0.03898189216852188,-0.2606319785118103,0.9646509885787964,0,0,0.45975399017333984,0.03396499902009964,1,0.9930499792098999,-0.07056194543838501,-0.09419184178113937,0,0.07953193038702011,0.9922810196876526,0.0951489582657814,0,0.08675085008144379,-0.10197894275188446,0.9909970164299011,0,0,0.5378410220146179,0,1,0.9930850267410278,-0.06801892817020416,-0.0956878587603569,0,0.05749993398785591,0.9924100041389465,-0.10869903117418289,0,0.10235485434532166,0.10244504362344742,0.9894589781761169,0,0,0.6146770119667053,0,1,0.9837899208068848,-0.016218077391386032,-0.17859230935573578,0,0.00920806359499693,0.9991570115089417,-0.04001402109861374,0,0.17909030616283417,0.03772100433707237,0.9831089377403259,0,0,0.691510021686554,0,1,0.9129079580307007,-0.10469125956296921,-0.3945111036300659,0,0.07289227098226547,0.9928249716758728,-0.09479201585054398,0,0.4016041159629822,0.05777989327907562,0.9139889478683472,0,0,0.2454809993505478,-0.04089999943971634,1,0.2777516841888428,-0.03044096753001213,-0.9601700901985168,0,0.9309960603713989,-0.23790301382541656,0.27685466408729553,0,-0.23685501515865326,-0.9708120226860046,-0.03773695230484009,0,0.47368699312210083,0.6025000214576721,0.0059369998052716255,1,0.9795029759407043,0.04065283015370369,0.19728296995162964,0,-0.14182384312152863,0.8346850275993347,0.5321530699729919,0,-0.14303605258464813,-0.5492250323295593,0.823341965675354,0,0,0.9716910123825073,0,1,0.8245710730552673,0.46668124198913574,0.31982851028442383,0,-0.508506178855896,0.859143853187561,0.05738407000899315,0,-0.24799852073192596,-0.20995186269283295,0.9457361102104187,0,0,0.6897770166397095,0,1,0.9973919987678528,0.037729114294052124,-0.061520665884017944,0,-0.044075075536966324,0.9934629797935486,-0.10530371963977814,0,0.05714567005634308,0.10774070024490356,0.9925350546836853,0,0,0.8503209948539734,0,1,0.5167770385742188,0.05969299376010895,0.8540369868278503,0,-0.10079501569271088,0.9948700070381165,-0.0085449805483222,0,-0.8501660227775574,-0.08166701346635818,0.5201430320739746,0,0,0.1171870008111,0,1,0.8833379745483398,-0.45485201478004456,-0.11323904246091843,0,0.45717301964759827,0.7827010154724121,0.4223409593105316,0,-0.10347095876932144,-0.4248400032520294,0.8993359804153442,0,0,0.2788729965686798,0,1,0.8949300050735474,0.40446802973747253,-0.18843096494674683,0,-0.3651820719242096,0.906574010848999,0.21158097684383392,0,0.25640398263931274,-0.12053796648979187,0.9590240120887756,0,-0.1382330060005188,0.2833450138568878,-0.13067300617694855,1,0.3814823627471924,0.06493884325027466,0.9220922589302063,0,-0.9050582647323608,-0.17663109302520752,0.38687434792518616,0,0.18799403309822083,-0.9821329712867737,-0.008608044125139713,0,-0.47368699312210083,0.6025940179824829,0.007207999937236309,1,0.8435810208320618,0.535269021987915,-0.04310489073395729,0,-0.34760919213294983,0.6054831147193909,0.7159318327903748,0,0.4093148112297058,-0.5889628529548645,0.6968382000923157,0,0,0.9716910123825073,0,1,0.649819552898407,-0.7315354943275452,-0.20637470483779907,0,0.7532304525375366,0.6561573147773743,0.04584657773375511,0,0.10187622159719467,-0.18524017930030823,0.9773979783058167,0,0,0.6897259950637817,0,1,0.8346442580223083,-0.5376280546188354,0.11968233436346054,0,0.5398933291435242,0.8415923714637756,0.01540912501513958,0,-0.10900881141424179,0.05175430327653885,0.9926927089691162,0,0,0.8502560257911682,0,1,0.9427610039710999,-0.261013001203537,0.20754200220108032,0,0.08695899695158005,0.7932680249214172,0.6026319861412048,0,-0.32193100452423096,-0.5500900149345398,0.7705590128898621,0,0,0.133775994181633,0,1,0.9311820268630981,-0.2810859978199005,-0.23214499652385712,0,0.17466899752616882,-0.2149370014667511,0.9608809947967529,0,-0.3199869990348816,-0.9353039860725403,-0.15104900300502777,0,0,0.2829039990901947,0,1,0.9976069927215576,0.026312999427318573,0.06393399834632874,0,-0.06572200357913971,0.6479840278625488,0.7588130235671997,0,-0.021462000906467438,-0.7611989974975586,0.6481630206108093,0,-0.036104001104831696,0.2682889997959137,-0.1744839996099472,1,-0.6485589742660522,-0.012862246483564377,0.7610560059547424,0,0.6024229526519775,-0.6198212504386902,0.5028997659683228,0,0.46525004506111145,0.7846378087997437,0.40973830223083496,0,0.43481600284576416,-0.25539299845695496,0.04547800123691559,1,0.940138041973114,-0.21780593693256378,-0.2621098458766937,0,-0.066960908472538,0.6360620260238647,-0.7687270045280457,0,0.33415189385414124,0.7402600049972534,0.583401083946228,0,0,1.6006540060043335,0,1,0.985729992389679,-0.16325101256370544,-0.04104999452829361,0,0.14007200300693512,0.660228967666626,0.7378870844841003,0,-0.09335802495479584,-0.7331070303916931,0.6736749410629272,0,0,1.6453319787979126,0,1,0.9978359937667847,-0.06156201288104057,-0.023105019703507423,0,0.05948402360081673,0.6953579783439636,0.7161970138549805,0,-0.028023991733789444,-0.7160220146179199,0.6975150108337402,0,0,0.34090399742126465,0,1,-0.9093570113182068,0.3515591621398926,-0.22243084013462067,0,-0.415865033864975,-0.7538101077079773,0.5087498426437378,0,0.011185113340616226,0.5551367402076721,0.8316841721534729,0,-0.43481600284576416,-0.25539299845695496,-0.018526000902056694,1,0.9896829724311829,-0.025766899809241295,0.1409400850534439,0,0.13413701951503754,0.512342095375061,-0.8482409119606018,0,-0.05035315081477165,0.8583949208259583,0.5105131268501282,0,0,1.605726957321167,0,1,0.9203420281410217,0.33395904302597046,0.20357489585876465,0,-0.3002699017524719,0.26979202032089233,0.9149050116539001,0,0.2506180703639984,-0.9031519889831543,0.3485780358314514,0,0,1.6446679830551147,0,1,0.9971879720687866,0.051256973296403885,-0.054662998765707016,0,0.008207011967897415,0.6503790616989136,0.7595649361610413,0,0.07448497414588928,-0.7578779458999634,0.6481300592422485,0,0,0.3149639964103699,0,1
K0.067,0.6148921251296997,0.05927993729710579,0.7863799333572388,0,-0.10704711824655533,0.9942150115966797,0.008755194023251534,0,-0.781312882900238,-0.08956320583820343,0.6176801323890686,0,-0.001364018302410841,3.133795976638794,0.024341855198144913,1,0.9992830157279968,-0.017356080934405327,-0.03364213556051254,0,0.025437111034989357,0.9660239815711975,0.2571960389614105,0,0.028035108000040054,-0.2578670382499695,0.9657739996910095,0,0,0.45975399017333984,0.03396499902009964,1,0.9947739839553833,-0.06543505191802979,-0.07838315516710281,0,0.07248307019472122,0.9932330250740051,0.0907430425286293,0,0.0719151496887207,-0.09595005959272385,0.9927849769592285,0,0,0.5378410220146179,0,1,0.9948499798774719,-0.06022807955741882,-0.08152513951063156,0,0.050934068858623505,0.9924430251121521,-0.11163196712732315,0,0.08763214945793152,0.10690495371818542,0.9904000163078308,0,0,0.6146770119667053,0,1,0.9774340391159058,-0.024101922288537025,-0.20986269414424896,0,0.015531937591731548,0.9989799857139587,-0.04239097610116005,0,0.21067067980766296,0.03817399591207504,0.9768110513687134,0,0,0.691510021686554,0,1,0.9049650430679321,-0.13083074986934662,-0.4048708975315094,0,0.10000073164701462,0.9902979731559753,-0.09648698568344116,0,0.4135668873786926,0.046830106526613235,0.9092690348625183,0,0,0.2454809993505478,-0.04089999943971634,1,0.2449193298816681,-0.027250031009316444,-0.9691599607467651,0,0.9397569298744202,-0.2391969859600067,0.24421432614326477,0,-0.2384759783744812,-0.9705880284309387,-0.03297504782676697,0,0.47368699312210083,0.6025000214576721,0.0059369998052716255,1,0.9807959794998169,0.02340417169034481,0.1936260312795639,0,-0.12612314522266388,0.8333669900894165,0.5381379127502441,0,-0.14876693487167358,-0.5522239208221436,0.8203150629997253,0,0,0.9716910123825073,0,1,0.8277049660682678,0.49008575081825256,0.27334848046302795,0,-0.5241218209266663,0.849195122718811,0.06453392654657364,0,-0.20049847662448883,-0.1966831386089325,0.9597479104995728,0,0,0.6897770166397095,0,1,0.9983869791030884,0.04938488453626633,-0.028003333136439323,0,-0.051405925303697586,0.9957249760627747,-0.07673928141593933,0,0.02409432828426361,0.07805529981851578,0.9966579675674438,0,0,0.8503209948539734,0,1,0.5209229588508606,0.059052009135484695,0.8515580296516418,0,-0.1019669845700264,0.9947659969329834,-0.006606019102036953,0,-0.8474910259246826,-0.08338998258113861,0.524217963218689,0,0,0.1171870008111,0,1,0.8825790286064148,-0.45514899492263794,-0.117871955037117,0,0.45954596996307373,0.7821149826049805,0.42084801197052,0,-0.09935903549194336,-0.42559900879859924,0.8994410037994385,0,0,0.2788729965686798,0,1,0.893796980381012,0.4082319736480713,-0.185667023062706,0,-0.3701799511909485,0.9052770137786865,0.20842403173446655,0,0.2531660199165344,-0.1175590306520462,0.9602540135383606,0,-0.1382330060005188,0.2833450138568878,-0.13067300617694855,1,0.31844761967658997,0.04956215247511864,0.9466437697410583,0,-0.9284307360649109,-0.18525190651416779,0.32202064990997314,0,0.19132697582244873,-0.981440007686615,-0.012977955862879753,0,-0.47368699312210083,0.6025940179824829,0.007207999937236309,1,0.8443909883499146,0.5347440242767334,-0.032436102628707886,0,-0.3647328317165375,0.6181688904762268,0.6963021755218506,0,0.39239418506622314,-0.5761210918426514,0.71701580286026,0,0,0.9716910123825073,0,1,0.6016014814376831,-0.7790655493736267,-0.17644229531288147,0,0.7984315156936646,0.5931446552276611,0.10337142646312714,0,0.024122772738337517,-0.20306481420993805,0.9788680076599121,0,0,0.6897259950637817,0,1,0.8599157333374023,-0.44319793581962585,0.2532186508178711,0,0.47363466024398804,0.8777636289596558,-0.07212112843990326,0,-0.19030319154262543,0.18195070326328278,0.9647172689437866,0,0,0.8502560257911682,0,1,0.9427610039710999,-0.261013001203537,0.20754200220108032,0,0.08695899695158005,0.793267011642456,0.6026319861412048,0,-0.32193100452423096,-0.5500900149345398,0.7705590128898621,0,0,0.133775994181633,0,1,0.9311820268630981,-0.2810859978199005,-0.23214499652385712,0,0.17466799914836884,-0.2149379998445511,0.9608809947967529,0,-0.3199869990348816,-0.9353029727935791,-0.15105000138282776,0,0,0.2829039990901947,0,1,0.9976069927215576,0.026312999427318573,0.06393499672412872,0,-0.06572200357913971,0.6479849815368652,0.7588130235671997,0,-0.021462000906467438,-0.7611989974975586,0.6481630206108093,0,-0.036104001104831696,0.2682889997959137,-0.1744839996099472,1,-0.6485610008239746,-0.03755675256252289,0.7602350115776062,0,0.5978150367736816,-0.6433707475662231,0.4782162308692932,0,0.4711529314517975,0.7646331787109375,0.43971771001815796,0,0.43481600284576416,-0.25539299845695496,0.04547800123691559,1,0.9453379511833191,-0.2120770663022995,-0.24771015346050262,0,-0.0580320879817009,0.6380910277366638,-0.7677710056304932,0,0.32088813185691833,0.7401779890060425,0.5909039378166199,0,0,1.6006540060043335,0,1,0.9855759739875793,-0.16430798172950745,-0.0405300036072731,0,0.13952800631523132,0.6534040570259094,0.7440399527549744,0,-0.09576898068189621,-0.7389629483222961,0.6669050455093384,0,0,1.6453319787979126,0,1,0.9977139830589294,-0.06270898878574371,-0.025187980383634567,0,0.06186097860336304,0.6974490284919739,0.7139589786529541,0,-0.027205007150769234,-0.7138850092887878,0.6997339725494385,0,0,0.34090399742126465,0,1,-0.907414972782135,0.366662859916687,-0.20532016456127167,0,-0.4196309745311737,-0.7643918991088867,0.48950618505477905,0,0.022538885474205017,0.530343234539032,0.8474828004837036,0,-0.43481600284576416,-0.25539299845695496,-0.018526000902056694,1,0.9886130094528198,-0.01564210094511509,0.14966590702533722,0,0.13553698360919952,0.5246608853340149,-0.8404530882835388,0,-0.0653778538107872,0.8511680364608765,0.5208058953285217,0,0,1.605726957321167,0,1,0.9209910035133362,0.33814796805381775,0.19347010552883148,0,-0.2927480936050415,0.2730359733104706,0.9163789749145508,0,0.25704795122146606,-0.9006149768829346,0.35045596957206726,0,0,1.6446679830551147,0,1,0.9973270297050476,0.04862302541732788,-0.05453899875283241,0,0.009422987699508667,0.6546079516410828,0.7559100389480591,0,0.07245602458715439,-0.7544030547142029,0.6523999571800232,0,0,0.3149639964103699,0,1
K0.100,0.5970849990844727,0.06682299822568893,0.7993900179862976,0,-0.09053199738264084,0.9957709908485413,-0.015617999248206615,0,-0.7970529794692993,-0.06304500252008438,0.6006090044975281,0,0.0025679997634142637,3.143768072128296,0.04785899817943573,1,0.9998639822006226,-0.00758300069719553,-0.014647000469267368,0,0.011078000999987125,0.9666680097579956,0.2557919919490814,0,0.012219000607728958,-0.2559199929237366,0.9666209816932678,0,0,0.45975399017333984,0.03396499902009964,1,0.9970160126686096,-0.056060001254081726,-0.053070999681949615,0,0.06061200052499771,0.9942349791526794,0.08844699710607529,0,0.04780599847435951,-0.09139999747276306,0.9946659803390503,0,0,0.5378410220146179,0,1,0.9971619844436646,-0.04800799861550331,-0.0579879991710186,0,0.04125100001692772,0.9927870035171509,-0.11257100105285645,0,0.0629739984869957,0.10985899716615677,0.9919499754905701,0,0,0.6146770119667053,0,1,0.9652019739151001,-0.029541000723838806,-0.2598310112953186,0,0.019370999187231064,0.9989460110664368,-0.04161600023508072,0,0.2607859969139099,0.03513500094413757,0.9647570252418518,0,0,0.691510021686554,0,1,0.8859909772872925,-0.18099400401115417,-0.426921010017395,0,0.1490889936685562,0.9829810261726379,-0.10733199864625931,0,0.43908199667930603,0.03144599869847298,0.8978970050811768,0,0,0.2454809993505478,-0.04089999943971634,1,0.19312100112438202,-0.02244199998676777,-0.9809179902076721,0,0.9515460133552551,-0.23954300582408905,0.1928189992904663,0,-0.2392989993095398,-0.9706259965896606,-0.02490600012242794,0,0.47368699312210083,0.6025000214576721,0.0059369998052716255,1,0.9825940132141113,-0.005817998666316271,0.1856749951839447,0,-0.09841299802064896,0.8314250111579895,0.5468530058860779,0,-0.15755599737167358,-0.55560702085495,0.8163800239562988,0,0,0.9716910123825073,0,1,0.8352950215339661,0.5103909969329834,0.20440900325775146,0,-0.533253014087677,0.8426110148429871,0.07515300065279007,0,-0.13388000428676605,-0.17177699506282806,0.9759960174560547,0,0,0.6897770166397095,0,1,0.9958469867706299,0.0866520032286644,0.02794399857521057,0,-0.08561599999666214,0.9956640005111694,-0.036361999809741974,0,-0.030973998829722404,0.03381900489330292,0.9989479780197144,0,0,0.8503209948539734,0,1,0.5261579751968384,0.05782699957489967,0.8484179973602295,0,-0.10348200052976608,0.9946249723434448,-0.003617000300437212,0,-0.8440669775009155,-0.08589299768209457,0.5293139815330505,0,0,0.1171870008111,0,1,0.8816360235214233,-0.4556410014629364,-0.12292099744081497,0,0.4622560143470764,0.7812880277633667,0.4194149971008301,0,-0.09506600350141525,-0.42659199237823486,0.899433970451355,0,0,0.2788729965686798,0,1,0.8927189707756042,0.411967009305954,-0.18257999420166016,0,-0.37513700127601624,0.9039319753646851,0.20537400245666504,0,0.24964700639247894,-0.11484900116920471,0.9615020155906677,0,-0.1382330060005188,0.2833450138568878,-0.13067300617694855,1,0.227961003780365,0.02999499998986721,0.9732080101966858,0,-0.9536880254745483,-0.19457800686359406,0.22938600182533264,0,0.19624599814414978,-0.9804279804229736,-0.01575000025331974,0,-0.47368699312210083,0.6025940179824829,0.007207999937236309,1,0.85801100730896,0.5130620002746582,-0.02416200004518032,0,-0.3764269948005676,0.6601240038871765,0.6500300168991089,0,0.34945499897003174,-0.5486379861831665,0.7595250010490417,0,0,0.9716910123825073,0,1,0.4913559854030609,-0.855970025062561,-0.1608860045671463,0,0.8671290278434753,0.46347299218177795,0.18242700397968292,0,-0.08158499002456665,-0.22914500534534454,0.9699670076370239,0,0,0.6897259950637817,0,1,0.8770269751548767,-0.2828589975833893,0.3883489966392517,0,0.36816200613975525,0.915008008480072,-0.1649779975414276,0,-0.30867698788642883,0.287665992975235,0.9066240191459656,0,0,0.8502560257911682,0,1,0.9427610039710999,-0.261013001203537,0.20754200220108032,0,0.08695899695158005,0.7932680249214172,0.6026309728622437,0,-0.32193100452423096,-0.5500900149345398,0.7705590128898621,0,0,0.133775994181633,0,1,0.9311820268630981,-0.2810859978199005,-0.23214499652385712,0,0.17466799914836884,-0.2149379998445511,0.9608809947967529,0,-0.3199869990348816,-0.9353029727935791,-0.15104900300502777,0,0,0.2829039990901947,0,1,0.9976069927215576,0.026312999427318573,0.06393499672412872,0,-0.06572200357913971,0.6479840278625488,0.7588130235671997,0,-0.021462000906467438,-0.7611989974975586,0.6481630206108093,0,-0.036104001104831696,0.2682889997959137,-0.1744839996099472,1,-0.6488310098648071,-0.06891100108623505,0.7578060030937195,0,0.591517984867096,-0.6721490025520325,0.4453350007534027,0,0.47867000102996826,0.7372030019760132,0.4768730103969574,0,0.43481600284576416,-0.25539299845695496,0.04547800123691559,1,0.9511889815330505,-0.2046000063419342,-0.23103900253772736,0,-0.04948500171303749,0.637840986251831,-0.768576979637146,0,0.3046169877052307,0.7424939870834351,0.5965830087661743,0,0,1.6006540060043335,0,1,0.9851930141448975,-0.167480006814003,-0.036671001464128494,0,0.13719600439071655,0.6418600082397461,0.7544490098953247,0,-0.10281699895858765,-0.7483090162277222,0.6553339958190918,0,0,1.6453319787979126,0,1,0.9976289868354797,-0.06343299895524979,-0.02670300006866455,0,0.0634709969162941,0.697924017906189,0.7133539915084839,0,-0.02661300078034401,-0.7133569717407227,0.7002949714660645,0,0,0.34090399742126465,0,1,-0.903236985206604,0.38815298676490784,-0.18303300440311432,0,-0.427388995885849,-0.7751010060310364,0.4653570055961609,0,0.03876100108027458,0.498553991317749,0.86599200963974,0,-0.43481600284576416,-0.25539299845695496,-0.018526000902056694,1,0.9872940182685852,-0.0003190007118973881,0.1589049994945526,0,0.13373999297618866,0.5417109727859497,-0.8298569917678833,0,-0.08581600338220596,0.840565025806427,0.534870982170105,0,0,1.605726957321167,0,1,0.9216030240058899,0.3415510058403015,0.18436500430107117,0,-0.2865859866142273,0.2784759998321533,0.9166889786720276,0,0.26175498962402344,-0.8976600170135498,0.35452800989151,0,0,1.6446679830551147,0,1,0.9977570176124573,0.04243599995970726,-0.05177899822592735,0,0.011090000160038471,0.657975971698761,0.7529569864273071,0,0.06602200120687485,-0.7518420219421387,0.6560289859771729,0,0,0.3149639964103699,0,1
K0.133,0.5662986636161804,0.08007115125656128,0.8203012347221375,0,-0.07152281701564789,0.9962890148162842,-0.04787331447005272,0,-0.8210912346839905,-0.03155970945954323,0.5699245929718018,0,0.007987060584127903,3.1544690132141113,0.0806664228439331,1,0.9999600052833557,0.0024021139834076166,0.008612249046564102,0,-0.004508172161877155,0.9672650098800659,0.2537279725074768,0,-0.007720212452113628,-0.25375697016716003,0.9672369956970215,0,0,0.45975399017333984,0.03396499902009964,1,0.9987670183181763,-0.04561586678028107,-0.019563637673854828,0,0.04713183641433716,0.9952070116996765,0.08567893505096436,0,0.01556165236979723,-0.08649592101573944,0.9961310029029846,0,0,0.5378410220146179,0,1,0.9990530014038086,-0.03464583680033684,-0.026337657123804092,0,0.03142687678337097,0.9929730296134949,-0.11409005522727966,0,0.03010564111173153,0.11315406113862991,0.9931210279464722,0,0,0.6146770119667053,0,1,0.9457277655601501,-0.033240992575883865,-0.32325467467308044,0,0.025172045454382896,0.9992589950561523,-0.029111841693520546,0,0.32398369908332825,0.019394811242818832,0.9458637833595276,0,0,0.691510021686554,0,1,0.8549976348876953,-0.24409455060958862,-0.45759934186935425,0,0.20842452347278595,0.9696518182754517,-0.1278051882982254,0,0.47490835189819336,0.01389879547059536,0.8799258470535278,0,0,0.2454809993505478,-0.04089999943971634,1,0.13571056723594666,-0.01703594997525215,-0.9906020760536194,0,0.9612690806388855,-0.239826038479805,0.1358165740966797,0,-0.23988604545593262,-0.9706659913063049,-0.01617094874382019,0,0.47368699312210083,0.6025000214576721,0.0059369998052716255,1,0.9840669631958008,-0.05925680696964264,0.1676347404718399,0,-0.04338514432311058,0.834303081035614,0.549596905708313,0,-0.1724262237548828,-0.548112690448761,0.8184391260147095,0,0,0.9716910123825073,0,1,0.8380449414253235,0.5327611565589905,0.1176689863204956,0,-0.5434120893478394,0.8343399167060852,0.09262922406196594,0,-0.04882701113820076,-0.14157062768936157,0.9887230396270752,0,0,0.6897770166397095,0,1,0.9905309081077576,0.11428731679916382,0.07606959342956543,0,-0.11467940360307693,0.9934019446372986,0.0007965677650645375,0,-0.0754764974117279,-0.009512679651379585,0.9971019625663757,0,0,0.8503209948539734,0,1,0.5315290689468384,0.05655099079012871,0.8451499938964844,0,-0.10504601150751114,0.99446702003479,-0.00047697595437057316,0,-0.8405009508132935,-0.08852602541446686,0.5345280766487122,0,0,0.1171870008111,0,1,0.8806470036506653,-0.4561469852924347,-0.1280270516872406,0,0.46500101685523987,0.7804229855537415,0.41798797249794006,0,-0.09074895828962326,-0.42763200402259827,0.8993859887123108,0,0,0.2788729965686798,0,1,0.8916170001029968,0.4157080352306366,-0.17945797741413116,0,-0.38008207082748413,0.902550995349884,0.20233497023582458,0,0.24608297646045685,-0.11219596862792969,0.9627329707145691,0,-0.1382330060005188,0.2833450138568878,-0.13067300617694855,1,0.1423240751028061,0.008646762929856777,0.9897820353507996,0,-0.9687300324440002,-0.20410601794719696,0.1410800665616989,0,0.2032400220632553,-0.9789109826087952,-0.02067304402589798,0,-0.47368699312210083,0.6025940179824829,0.007207999937236309,1,0.8750712275505066,0.48216646909713745,-0.042017653584480286,0,-0.3769597113132477,0.733430027961731,0.5656686425209045,0,0.3035637140274048,-0.47916167974472046,0.8235607147216797,0,0,0.9716910123825073,0,1,0.3154398202896118,-0.9333214163780212,-0.1714872568845749,0,0.9279822111129761,0.26561668515205383,0.2613365352153778,0,-0.19836102426052094,-0.241572767496109,0.9498917460441589,0,0,0.6897259950637817,0,1,0.8679736256599426,-0.0659368708729744,0.4922134280204773,0,0.21327610313892365,0.9445821046829224,-0.24955551326274872,0,-0.4484810531139374,0.32158440351486206,0.8339346051216125,0,0,0.8502560257911682,0,1,0.9427610039710999,-0.261013001203537,0.20754200220108032,0,0.08695899695158005,0.7932680249214172,0.6026309728622437,0,-0.32193100452423096,-0.5500900149345398,0.7705590128898621,0,0,0.133775994181633,0,1,0.9311820268630981,-0.2810859978199005,-0.23214499652385712,0,0.17466799914836884,-0.2149379998445511,0.9608809947967529,0,-0.3199869990348816,-0.9353029727935791,-0.15104900300502777,0,0,0.2829039990901947,0,1,0.9976069927215576,0.026311999186873436,0.06393499672412872,0,-0.06572099775075912,0.6479840278625488,0.7588130235671997,0,-0.021462999284267426,-0.7611989974975586,0.6481630206108093,0,-0.036104001104831696,0.2682889997959137,-0.1744839996099472,1,-0.6538991332054138,-0.10809841006994247,0.7488198280334473,0,0.5778338313102722,-0.7102524042129517,0.4020565450191498,0,0.4883890450000763,0.6955975294113159,0.5268965363502502,0,0.43481600284576416,-0.25539299845695496,0.04547800123691559,1,0.958888053894043,-0.1909998208284378,-0.20988672971725464,0,-0.041464902460575104,0.6373639702796936,-0.7694470286369324,0,0.2807387113571167,0.7465160489082336,0.6032410860061646,0,0,1.6006540060043335,0,1,0.9835599660873413,-0.17900118231773376,-0.023860802873969078,0,0.13220691680908203,0.6237497329711914,0.7703621983528137,0,-0.12301230430603027,-0.7608521580696106,0.6371597647666931,0,0,1.6453319787979126,0,1,0.9976509809494019,-0.0630069449543953,-0.02687300182878971,0,0.06316496431827545,0.6944459676742554,0.7167670726776123,0,-0.026499968022108078,-0.7167810797691345,0.6967949271202087,0,0,0.34090399742126465,0,1,-0.8956008553504944,0.4171803295612335,-0.1544646918773651,0,-0.4403371512889862,-0.7819679975509644,0.44116780161857605,0,0.0632602795958519,0.46312662959098816,0.8840321898460388,0,-0.43481600284576416,-0.25539299845695496,-0.018526000902056694,1,0.9840809106826782,0.022729257121682167,0.17626319825649261,0,0.1332179754972458,0.5621362328529358,-0.8162448406219482,0,-0.11763735860586166,0.8267328143119812,0.5501591563224792,0,0,1.605726957321167,0,1,0.9224680066108704,0.34461402893066406,0.17404891550540924,0,-0.27991098165512085,0.28649812936782837,0.9162799715995789,0,0.2658980190753937,-0.8939579129219055,0.3607460856437683,0,0,1.6446679830551147,0,1,0.9981780052185059,0.035713933408260345,-0.048633966594934464,0,0.012870017439126968,0.6614490747451782,0.7498799562454224,0,0.05894992873072624,-0.7491400241851807,0.6597840785980225,0,0,0.3149639964103699,0,1
