1.767,30,53,41
B0,mixamorig_Hips,-1,0.6398515105247498,0.04809451103210449,0.7669889330863953,0,-0.13387881219387054,0.9897520542144775,0.04962573200464249,0,-0.7567427158355713,-0.13443507254123688,0.6397370100021362,0,-0.0028446665965020657,5.28115177154541,-0.000544011068996042,1
B1,mixamorig_Spine,0,0.9983156323432922,-0.023831868544220924,-0.05284566059708595,0,0.03412087261676788,0.9785074591636658,0.20333804190158844,0,0.046870194375514984,-0.204800546169281,0.9776769876480103,0,0,0.6693810224533081,0.005446000024676323,1
B2,mixamorig_Spine1,1,0.9924209117889404,-0.06879390776157379,-0.10180819779634476,0,0.07915336638689041,0.9916809797286987,0.10148923844099045,0,0.09397901594638824,-0.10877717286348343,0.9896132946014404,0,0,0.7809709906578064,0,1
B3,mixamorig_Spine2,2,0.9925156235694885,-0.06832017004489899,-0.10120592266321182,0,0.057748954743146896,0.9929054975509644,-0.103927843272686,0,0.10758741199970245,0.09730695188045502,0.9894214272499084,0,0,0.892536997795105,0,1
B4,mixamorig_Neck,3,0.9864659905433655,-0.006428270135074854,-0.16381853818893433,0,0.011864613741636276,0.9994062781333923,0.03223563730716705,0,0.1635175496339798,-0.033745571970939636,0.9859618544578552,0,0,1.0041040182113647,0,1
B5,mixamorig_Head,4,0.9188336730003357,-0.08836798369884491,-0.38462305068969727,0,0.053910937160253525,0.9935765266418457,-0.09948719292879105,0,0.39094439148902893,0.07067661732435226,0.9176967144012451,0,0,0.3477950096130371,0.09205599874258041,1
B6,mixamorig_HeadTop_End,5,1,0,0,0,0,1,0,0,0,0,1,0,0,2.42409610748291,0.6416249871253967,1
B7,mixamorig_LeftShoulder,3,0.2842945456504822,-0.030498364940285683,-0.9582499861717224,0,0.9385291934013367,-0.1952579915523529,0.28465986251831055,0,-0.19578781723976135,-0.9802765250205994,-0.02688414976000786,0,0.6085759997367859,0.891510009765625,0.0005099999834783375,1
B8,mixamorig_LeftArm,7,0.9782595634460449,0.0014128228649497032,0.20729763805866241,0,-0.1215428039431572,0.8138748407363892,0.5681383609771729,0,-0.1679377257823944,-0.5810072422027588,0.7963520884513855,0,0,1.250412940979004,0,1
B9,mixamorig_LeftForeArm,8,0.8196439743041992,0.46585869789123535,0.33314812183380127,0,-0.5175009369850159,0.8516178727149963,0.08238061517477036,0,-0.24537977576255798,-0.23989737033843994,0.9392587542533875,0,0,1.66116201877594,0,1
B10,mixamorig_LeftHand,9,-0.3259057104587555,-0.12796996533870697,-0.9367009401321411,0,-0.042850080877542496,0.9917749166488647,-0.12058607488870621,0,0.9444277882575989,0.0008379952050745487,-0.32870954275131226,0,0,1.604138970375061,0,1
B11,mixamorig_LeftHandThumb1,10,0.7148928046226501,0.4527321755886078,-0.5328803658485413,0,-0.679115891456604,0.6310458779335022,-0.37494370341300964,0,0.16652309894561768,0.6299323439598083,0.7585874795913696,0,-0.12838299572467804,0.2712920010089874,0,1
B12,mixamorig_LeftHandThumb2,11,0.5734702348709106,-0.8135605454444885,0.09617885947227478,0,0.7901356816291809,0.5802896022796631,0.19735538959503174,0,-0.21637214720249176,-0.03718351200222969,0.975602388381958,0,0.11158200353384018,0.2126069962978363,0,1
B13,mixamorig_LeftHandThumb3,12,0.9810310006141663,0.12619827687740326,-0.14714786410331726,0,-0.1110105961561203,0.9880154132843018,0.10724883526563644,0,0.15891918540000916,-0.08887915313243866,0.9832831621170044,0,-0.06424199789762497,0.09798099845647812,0,1
B14,mixamorig_LeftHandThumb4,13,1,0,0,0,0,1,0,0,0,0,1,0,-0.04733999818563461,0.08132199943065643,0,1
B15,mixamorig_LeftHandIndex1,10,0.9968942999839783,-0.07526736706495285,0.023044127970933914,0,0.07717536389827728,0.9922021627426147,-0.09784425050020218,0,-0.015498587861657143,0.09931931644678116,0.9949347376823425,0,0,0.5299440026283264,-0.0016499999910593033,1
B16,mixamorig_LeftHandIndex2,15,0.9746869802474976,0.22342868149280548,0.007485757581889629,0,-0.22311636805534363,0.9743267297744751,-0.029952876269817352,0,-0.01398856844753027,0.027524063363671303,0.99952232837677,0,-0.015150000341236591,0.292618989944458,0,1
B17,mixamorig_LeftHandIndex3,16,0.9997366666793823,-0.011839539743959904,-0.019555354490876198,0,0.010905678384006023,0.9988237023353577,-0.04719748720526695,0,0.02008945867419243,0.0469718873500824,0.9986937642097473,0,0.017385000362992287,0.18501800298690796,0,1
B18,mixamorig_LeftHandIndex4,17,1,0,0,0,0,1,0,0,0,0,1,0,-0.0022350000217556953,0.04972799867391586,0,1
B19,mixamorig_RightShoulder,3,0.41225600242614746,0.07839947193861008,0.9076886177062988,0,-0.8962216973304749,-0.14422708749771118,0.41950497031211853,0,0.16380256414413452,-0.9864343404769897,0.010804977267980576,0,-0.6085759997367859,0.8915169835090637,0.001322000054642558,1
B20,mixamorig_RightArm,19,0.8218721747398376,0.5693480372428894,-0.017602071166038513,0,-0.37978681921958923,0.5707485675811768,0.7279843091964722,0,0.4245448112487793,-0.5916708111763,0.6853266954421997,0,0,1.250412940979004,0,1
B21,mixamorig_RightForeArm,20,0.6601962447166443,-0.7089152336120605,-0.2481461465358734,0,0.7431082725524902,0.664540708065033,0.07856520265340805,0,0.10920686274766922,-0.23626606166362762,0.9655308127403259,0,0,1.6609469652175903,0,1
B22,mixamorig_RightHand,21,0.08233644813299179,-0.1866546869277954,0.9789432883262634,0,0.5803894996643066,0.8074886202812195,0.10515674948692322,0,-0.8101605772972107,0.5595235824584961,0.17480407655239105,0,0,1.6039559841156006,0,1
B23,mixamorig_RightHandThumb1,22,0.4455503225326538,-0.1543779969215393,0.881846010684967,0,0.686398983001709,0.6912869811058044,-0.2257833182811737,0,-0.5747529864311218,0.7058960199356079,0.4139679968357086,0,0.1277180016040802,0.2731199860572815,0,1
B24,mixamorig_RightHandThumb2,23,0.8600389957427979,0.49513599276542664,-0.12318167835474014,0,-0.448388010263443,0.8486499786376953,0.2806086838245392,0,0.2434776872396469,-0.1861010044813156,0.9518849849700928,0,-0.0204709991812706,0.24033500254154205,0,1
B25,mixamorig_RightHandThumb3,24,-0.0398700013756752,-0.18986131250858307,-0.9810010194778442,0,0.3925580084323883,0.8998640179634094,-0.19011230766773224,0,0.9188629984855652,-0.39267900586128235,0.03865399956703186,0,0.051256999373435974,0.10993800312280655,0,1
B26,mixamorig_RightHandThumb4,25,1,0,0,0,0,1,0,0,0,0,1,0,-0.030786000192165375,0.028905000537633896,0,1
B27,mixamorig_RightHandIndex1,22,0.8039839863777161,-0.581134021282196,0.12606731057167053,0,0.5799790024757385,0.8131260275840759,0.04950600117444992,0,-0.13127799332141876,0.03331499919295311,0.9907860159873962,0,0,0.48048698902130127,-0.004108999855816364,1
B28,mixamorig_RightHandIndex2,27,0.31894099712371826,-0.946513295173645,-0.04887299984693527,0,0.9383040070533752,0.30806300044059753,0.15710599720478058,0,-0.13364699482917786,-0.09596599638462067,0.9863719940185547,0,0.008996999822556973,0.27602100372314453,0,1
B29,mixamorig_RightHandIndex3,28,0.41500499844551086,-0.9090949892997742,-0.03628300130367279,0,0.903016984462738,0.4067069888114929,0.13838499784469604,0,-0.11104899644851685,-0.09019432216882706,0.9897140264511108,0,-0.004995000082999468,0.2249400019645691,0,1
B30,mixamorig_RightHandIndex4,29,1,0,0,0,0,1,0,0,0,0,1,0,-0.004002000205218792,0.04530499875545502,0,1
B31,mixamorig_LeftUpLeg,0,-0.6419403553009033,0.022598791867494583,0.7664138674736023,0,0.5991191864013672,-0.6090103387832642,0.5197572112083435,0,0.4784981310367584,0.7928279638290405,0.37740960717201233,0,0.7389219999313354,-0.3719010055065155,0.004251000005751848,1
B32,mixamorig_LeftLeg,31,0.9300991296768188,-0.24931766092777252,-0.2696515619754791,0,-0.05847254768013954,0.6243656873703003,-0.7789233922958374,0,0.36257997155189514,0.7402410507202148,0.5661694407463074,0,0,2.992253065109253,0,1
B33,mixamorig_LeftFoot,32,0.9314689040184021,-0.12573586404323578,-0.3413901925086975,0,0.3528074324131012,0.5411875247955322,0.7633038759231567,0,0.0887787938117981,-0.8314425349235535,0.5484680533409119,0,0,2.672214984893799,0,1
B34,mixamorig_LeftToeBase,33,0.9121620059013367,-0.05794199928641319,-0.40571367740631104,0,0.3170586824417114,0.7270377278327942,0.6090072989463806,0,0.25968167185783386,-0.6841483116149902,0.6815469861030579,0,0,0.5870059728622437,0,1
B35,mixamorig_LeftToe_End,34,1,0,0,0,0,1,0,0,0,0,1,0,0,0.32993900775909424,0,1
B36,mixamorig_RightUpLeg,0,-0.902328610420227,0.35264721512794495,-0.24786828458309174,0,-0.430791437625885,-0.757270097732544,0.49083268642425537,0,-0.014601453207433224,0.549670398235321,0.835228681564331,0,-0.7389219999313354,-0.3719010055065155,0.017978999763727188,1
B37,mixamorig_RightLeg,36,0.9923105239868164,-0.013902204111218452,0.1229863241314888,0,0.11430683732032776,0.4839443564414978,-0.8675538897514343,0,-0.04746494069695473,0.874941349029541,0.4818117022514343,0,0,2.9928359985351562,0,1
B38,mixamorig_RightFoot,37,0.8688765168190002,0.14356596767902374,0.4737461507320404,0,-0.4758518934249878,-0.021557381376624107,0.8792550563812256,0,0.13644668459892273,-0.9893972277641296,0.04958519712090492,0,0,2.6727499961853027,0,1
B39,mixamorig_RightToeBase,38,0.9443569779396057,0.05448099970817566,0.3243783116340637,0,-0.26015499234199524,0.727167010307312,0.6352540254592896,0,-0.2012680023908615,-0.6842949986457825,0.7008789777755737,0,0,0.5812519788742065,0,1
B40,mixamorig_RightToe_End,39,1,0,0,0,0,1,0,0,0,0,1,0,0,0.32989999651908875,0,1
@34,0,1,2,3,4,5,7,8,9,10,11,12,13,15,16,17,19,20,21,22,23,24,25,27,28,29,31,32,33,34,36,37,38,39
K0.000,0.6368319988250732,0.04315200075507164,0.7697939872741699,0,-0.12883299589157104,0.9903510212898254,0.05106399953365326,0,-0.7601619958877563,-0.1316940039396286,0.6362469792366028,0,-0.0026920000091195107,5.307980060577393,0.02000799961388111,1,0.9980760216712952,-0.02828199975192547,-0.05516999959945679,0,0.03862199932336807,0.9797530174255371,0.19644899666309357,0,0.048496998846530914,-0.1982019990682602,0.9789609909057617,0,0,0.6693810224533081,0.005446000024676323,1,0.9925029873847961,-0.06485400348901749,-0.10359899699687958,0,0.07514700293540955,0.9922710061073303,0.09875199943780899,0,0.09639299660921097,-0.10579600185155869,0.9897050261497498,0,0,0.7809709906578064,0,1,0.9925029873847961,-0.06481300294399261,-0.10362400114536285,0,0.05371199920773506,0.9928560256958008,-0.10654699802398682,0,0.10978899896144867,0.10018199682235718,0.9888929724693298,0,0,0.892536997795105,0,1,0.9866660237312317,0.0006300000241026282,-0.1627579927444458,0,0.004569999873638153,0.9994909763336182,0.031575001776218414,0,0.1626950055360794,-0.03189700096845627,0.9861609935760498,0,0,1.0041040182113647,0,1,0.9176589846611023,-0.08968400210142136,-0.3871150016784668,0,0.056501999497413635,0.9937490224838257,-0.09628599882125854,0,0.39333099126815796,0.06648500263690948,0.9169899821281433,0,0,0.3477950096130371,0.09205599874258041,1,0.2797180116176605,-0.031119000166654587,-0.9595779776573181,0,0.9389700293540955,-0.19958199560642242,0.2801840007305145,0,-0.20023299753665924,-0.9793869853019714,-0.026606999337673187,0,0.6085759997367859,0.891510009765625,0.0005099999834783375,1,0.9814040064811707,-0.0035359999164938927,0.19192300736904144,0,-0.11103799939155579,0.8051199913024902,0.5826259851455688,0,-0.15658099949359894,-0.593101978302002,0.7897549867630005,0,0,1.250412940979004,0,1,0.8303549885749817,0.43741700053215027,0.34522101283073425,0,-0.49229899048805237,0.866096019744873,0.08671999722719193,0,-0.26106199622154236,-0.24196000397205353,0.9345059990882874,0,0,1.66116201877594,0,1,-0.32559698820114136,-0.12698300182819366,-0.936942994594574,0,-0.04447700083255768,0.9919009804725647,-0.11897499859333038,0,0.9444620013237,0.002933999989181757,-0.3286080062389374,0,0,1.604138970375061,0,1,0.7150449752807617,0.45247599482536316,-0.5328940153121948,0,-0.6790419816970825,0.6307380199432373,-0.37559500336647034,0,0.16616900265216827,0.6304240226745605,0.7582569718360901,0,-0.12838299572467804,0.2712920010089874,0,1,0.5734530091285706,-0.813476026058197,0.09699200093746185,0,0.790132999420166,0.5804679989814758,0.19684399664402008,0,-0.2164289951324463,-0.03624400123953819,0.9756249785423279,0,0.11158200353384018,0.2126069962978363,0,1,0.9809880256652832,0.12675100564956665,-0.14696000516414642,0,-0.11156000196933746,0.9879369735717773,0.10740000009536743,0,0.15880000591278076,-0.08896400034427643,0.9832940101623535,0,-0.06424199789762497,0.09798099845647812,0,1,0.9966380000114441,-0.07848499715328217,0.02353299967944622,0,0.08043500036001205,0.9918829798698425,-0.09847600013017654,0,-0.01561299990862608,0.10003700107336044,0.9948610067367554,0,0,0.5299440026283264,-0.0016499999910593033,1,0.9756140112876892,0.21936100721359253,0.007670999970287085,0,-0.2190680056810379,0.9753000140190125,-0.028279000893235207,0,-0.013685000129044056,0.025908999145030975,0.9995710253715515,0,-0.015150000341236591,0.292618989944458,0,1,0.9997010231018066,-0.014674000442028046,-0.019562000408768654,0,0.01375299971550703,0.9988269805908203,-0.04642200097441673,0,0.020221000537276268,0.04613900184631348,0.9987300038337708,0,0.017385000362992287,0.18501800298690796,0,1,0.4142169952392578,0.07978300005197525,0.9066749811172485,0,-0.8947250247001648,-0.1470929980278015,0.42170101404190063,0,0.16700999438762665,-0.9858999848365784,0.010456000454723835,0,-0.6085759997367859,0.8915169835090637,0.001322000054642558,1,0.8183959722518921,0.5746539831161499,-0.0010460000485181808,0,-0.39512500166893005,0.5640389919281006,0.7250769734382629,0,0.41725799441337585,-0.5929870009422302,0.6886669993400574,0,0,1.250412940979004,0,1,0.6615319848060608,-0.7074339985847473,-0.24882100522518158,0,0.741536021232605,0.666549026966095,0.07640200108289719,0,0.11180199682712555,-0.23505200445652008,0.9655309915542603,0,0,1.6609469652175903,0,1,0.0779080018401146,-0.20531900227069855,0.9755889773368835,0,0.5718070268630981,0.8108130097389221,0.1249770000576973,0,-0.8166800141334534,0.5481119751930237,0.1805720031261444,0,0,1.6039559841156006,0,1,0.4455510079860687,-0.1543779969215393,0.881846010684967,0,0.686398983001709,0.6912869811058044,-0.22578400373458862,0,-0.5747519731521606,0.7058969736099243,0.4139679968357086,0,0.1277180016040802,0.2731199860572815,0,1,0.8600389957427979,0.49513599276542664,-0.12318199872970581,0,-0.4483889937400818,0.8486499786376953,0.28060901165008545,0,0.24347800016403198,-0.1861010044813156,0.9518849849700928,0,-0.0204709991812706,0.24033500254154205,0,1,-0.039868999272584915,-0.189860999584198,-0.9810010194778442,0,0.3925580084323883,0.8998640179634094,-0.19011199474334717,0,0.9188629984855652,-0.39267998933792114,0.03865500167012215,0,0.051256999373435974,0.10993800312280655,0,1,0.8039839863777161,-0.581134021282196,0.12606699764728546,0,0.5799790024757385,0.8131260275840759,0.04950600117444992,0,-0.13127799332141876,0.03331499919295311,0.9907860159873962,0,0,0.48048698902130127,-0.004108999855816364,1,0.31894001364707947,-0.9465140104293823,-0.04887399822473526,0,0.9383050203323364,0.30806198716163635,0.15710599720478058,0,-0.13364699482917786,-0.09596599638462067,0.9863719940185547,0,0.008996999822556973,0.27602100372314453,0,1,0.41500499844551086,-0.9090949892997742,-0.03628300130367279,0,0.9030159711837769,0.4067069888114929,0.13838499784469604,0,-0.11104899644851685,-0.09019500017166138,0.9897140264511108,0,-0.004995000082999468,0.2249400019645691,0,1,-0.6452080011367798,0.016704000532627106,0.7638239860534668,0,0.5948590040206909,-0.6163820028305054,0.5159609913825989,0,0.47942599654197693,0.7872700095176697,0.3877579867839813,0,0.7389219999313354,-0.3719010055065155,0.004251000005751848,1,0.9341089725494385,-0.23329900205135345,-0.2702060043811798,0,-0.06563399732112885,0.6317669749259949,-0.7723749876022339,0,0.3509019911289215,0.7392169833183289,0.5748270153999329,0,0,2.992253065109253,0,1,0.9293789863586426,-0.13130000233650208,-0.34498700499534607,0,0.3592759966850281,0.5362420082092285,0.7637829780578613,0,0.08471199870109558,-0.8337889909744263,0.5455449819564819,0,0,2.672214984893799,0,1,0.9121620059013367,-0.05794300138950348,-0.4057129919528961,0,0.3170590102672577,0.7270370125770569,0.6090080142021179,0,0.25968098640441895,-0.6841490268707275,0.6815469861030579,0,0,0.5870059728622437,0,1,-0.9045310020446777,0.3495999872684479,-0.24413900077342987,0,-0.4259589910507202,-0.7671020030975342,0.4797010123729706,0,-0.019576000049710274,0.5378980040550232,0.8427829742431641,0,-0.7389219999313354,-0.3719010055065155,0.017978999763727188,1,0.9920129776000977,-0.014510000124573708,0.1252949982881546,0,0.1154249981045723,0.5049710273742676,-0.8553839921951294,0,-0.0508590005338192,0.8630139827728271,0.5026130080223083,0,0,2.9928359985351562,0,1,0.868943989276886,0.1499910056591034,0.47163400053977966,0,-0.4753960072994232,-0.011996000073850155,0.8796899914741516,0,0.1376029998064041,-0.9886149764060974,0.06088100001215935,0,0,2.6727499961853027,0,1,0.9443519711494446,0.05445399880409241,0.324398010969162,0,-0.2601589858531952,0.7271350026130676,0.6352890133857727,0,-0.20128700137138367,-0.6843309998512268,0.700838029384613,0,0,0.5812519788742065,0,1
K0.033,0.6384351253509521,0.03782793879508972,0.7687458992004395,0,-0.1141878217458725,0.992393970489502,0.04599795117974281,0,-0.7611589431762695,-0.11714782565832138,0.6378981471061707,0,0.008985096588730812,5.296861171722412,0.03639613464474678,1,0.9981300234794617,-0.032215118408203125,-0.051950935274362564,0,0.042120106518268585,0.9783599376678467,0.2025771141052246,0,0.044300906360149384,-0.20438611507415771,0.977886974811554,0,0,0.6693810224533081,0.005446000024676323,1,0.9940429925918579,-0.05423780158162117,-0.09453482925891876,0,0.06379478424787521,0.9928190112113953,0.10119303315877914,0,0.08836784958839417,-0.10662100464105606,0.9903650283813477,0,0,0.7809709906578064,0,1,0.9939450025558472,-0.05303778126835823,-0.09623086452484131,0,0.043004799634218216,0.9937000274658203,-0.1034899577498436,0,0.10111284255981445,0.09872497618198395,0.9899640083312988,0,0,0.892536997795105,0,1,0.9842609167098999,0.04348551854491234,-0.17128527164459229,0,-0.035288501530885696,0.998094916343689,0.05061406269669533,0,0.17316029965877533,-0.043772947043180466,0.9839209318161011,0,0,1.0041040182113647,0,1,0.9129079580307007,-0.12326940149068832,-0.3891069293022156,0,0.08997239917516708,0.9906309247016907,-0.10274308919906616,0,0.3981259763240814,0.05878593027591705,0.9154450297355652,0,0,0.3477950096130371,0.09205599874258041,1,0.292862206697464,-0.030952000990509987,-0.955653965473175,0,0.9362509250640869,-0.19358602166175842,0.293186217546463,0,-0.19407601654529572,-0.9805949926376343,-0.027716048061847687,0,0.6085759997367859,0.891510009765625,0.0005099999834783375,1,0.9840120077133179,-0.025797303766012192,0.17622682452201843,0,-0.08689367026090622,0.7941699028015137,0.6014511585235596,0,-0.15547002851963043,-0.6071481108665466,0.7792308926582336,0,0,1.250412940979004,0,1,0.8194788694381714,0.46008729934692383,0.34172388911247253,0,-0.516208291053772,0.8515748381614685,0.09137003868818283,0,-0.2489657998085022,-0.25127604603767395,0.9353480339050293,0,0,1.66116201877594,0,1,-0.31523582339286804,-0.14383825659751892,-0.9380499720573425,0,-0.028354791924357414,0.9894329309463501,-0.14218832552433014,0,0.9485900402069092,-0.018224269151687622,-0.31598278880119324,0,0,1.604138970375061,0,1,0.7137139439582825,0.45446404814720154,-0.5329859852790833,0,-0.6798369884490967,0.6326460838317871,-0.370918869972229,0,0.16862206161022186,0.6270739436149597,0.7604900598526001,0,-0.12838299572467804,0.2712920010089874,0,1,0.5749990344047546,-0.8127300143241882,0.09405192732810974,0,0.7885809540748596,0.5811690092086792,0.2009551078081131,0,-0.21798203885555267,-0.04138113185763359,0.9750750064849854,0,0.11158200353384018,0.2126069962978363,0,1,0.9810829758644104,0.12583497166633606,-0.1471100002527237,0,-0.11085698753595352,0.9881719946861267,0.10595196485519409,0,0.1587029993534088,-0.08763997256755829,0.9834290146827698,0,-0.06424199789762497,0.09798099845647812,0,1,0.9982280135154724,-0.05571042373776436,0.020926928147673607,0,0.057440418750047684,0.993914008140564,-0.09399488568305969,0,-0.01556298229843378,0.09503087401390076,0.9953529834747314,0,0,0.5299440026283264,-0.0016499999910593033,1,0.9686787724494934,0.2482537180185318,0.00566393556073308,0,-0.24785570800304413,0.9680147767066956,-0.03892926499247551,0,-0.015147050842642784,0.03630626201629639,0.9992259740829468,0,-0.015150000341236591,0.292618989944458,0,1,0.9997850060462952,0.00472548883408308,-0.02017902210354805,0,-0.0057944925501942635,0.9985629916191101,-0.05327117070555687,0,0.019897984340786934,0.0533771812915802,0.9983760118484497,0,0.017385000362992287,0.18501800298690796,0,1,0.4103318452835083,0.08185800164937973,0.9082550406455994,0,-0.8945780396461487,-0.15726613998413086,0.41832685470581055,0,0.1770811229944229,-0.9841579794883728,0.00869697518646717,0,-0.6085759997367859,0.8915169835090637,0.001322000054642558,1,0.8125401139259338,0.5814967751502991,-0.04049660637974739,0,-0.3849625885486603,0.5874894857406616,0.7118008136749268,0,0.43770110607147217,-0.5627776980400085,0.7012131214141846,0,0,1.250412940979004,0,1,0.6544079780578613,-0.7105739116668701,-0.2585241496562958,0,0.7483400106430054,0.6576139330863953,0.08678417652845383,0,0.10834196954965591,-0.2502562403678894,0.9620989561080933,0,0,1.6609469652175903,0,1,0.10117021948099136,-0.18944086134433746,0.9766659736633301,0,0.546629786491394,0.83082515001297,0.10452882200479507,0,-0.8312401175498962,0.5232997536659241,0.18760909140110016,0,0,1.6039559841156006,0,1,0.4455510079860687,-0.1543779969215393,0.881846010684967,0,0.686398983001709,0.6912869811058044,-0.22578400373458862,0,-0.5747529864311218,0.7058960199356079,0.4139679968357086,0,0.1277180016040802,0.2731199860572815,0,1,0.8600389957427979,0.49513599276542664,-0.12318199872970581,0,-0.448388010263443,0.8486499786376953,0.28060799837112427,0,0.243477001786232,-0.18610000610351562,0.9518849849700928,0,-0.0204709991812706,0.24033500254154205,0,1,-0.0398700013756752,-0.189860999584198,-0.9810010194778442,0,0.3925580084323883,0.8998640179634094,-0.19011199474334717,0,0.9188629984855652,-0.39267998933792114,0.03865399956703186,0,0.051256999373435974,0.10993800312280655,0,1,0.8039839863777161,-0.581134021282196,0.12606699764728546,0,0.5799790024757385,0.8131260275840759,0.04950600117444992,0,-0.13127799332141876,0.03331400081515312,0.9907860159873962,0,0,0.48048698902130127,-0.004108999855816364,1,0.31894001364707947,-0.9465140104293823,-0.04887299984693527,0,0.9383050203323364,0.30806198716163635,0.15710599720478058,0,-0.13364699482917786,-0.09596499800682068,0.9863719940185547,0,0.008996999822556973,0.27602100372314453,0,1,0.41500499844551086,-0.9090949892997742,-0.03628300130367279,0,0.903016984462738,0.4067069888114929,0.13838599622249603,0,-0.11104899644851685,-0.09019500017166138,0.9897140264511108,0,-0.004995000082999468,0.2249400019645691,0,1,-0.6429760456085205,0.007750949822366238,0.7658470273017883,0,0.6007590293884277,-0.61512291431427,0.5105999708175659,0,0.47504693269729614,0.7883930802345276,0.39085301756858826,0,0.7389219999313354,-0.3719010055065155,0.004251000005751848,1,0.9269228577613831,-0.2503882348537445,-0.27950018644332886,0,-0.06950507313013077,0.6173838376998901,-0.7835851311683655,0,0.36875927448272705,0.7457500696182251,0.5548637509346008,0,0,2.992253065109253,0,1,0.9354820847511292,-0.122347891330719,-0.33151981234550476,0,0.34394779801368713,0.5305079817771912,0.7747661471366882,0,0.08108297735452652,-0.8388040661811829,0.5383609533309937,0,0,2.672214984893799,0,1,0.9121620059013367,-0.05794300138950348,-0.4057140052318573,0,0.3170590102672577,0.7270370125770569,0.6090080142021179,0,0.25968098640441895,-0.6841490268707275,0.6815469861030579,0,0,0.5870059728622437,0,1,-0.903997004032135,0.35135602951049805,-0.24359601736068726,0,-0.42680004239082336,-0.7751181125640869,0.4658688008785248,0,-0.02513010799884796,0.5251108407974243,0.8506631255149841,0,-0.7389219999313354,-0.3719010055065155,0.017978999763727188,1,0.9922760128974915,-0.021209105849266052,0.1222229078412056,0,0.11611998081207275,0.505424976348877,-0.8550209999084473,0,-0.043639857321977615,0.8626099824905396,0.5039839744567871,0,0,2.9928359985351562,0,1,0.8628179430961609,0.15130001306533813,0.48234209418296814,0,-0.486051082611084,-0.013918076641857624,0.8738189339637756,0,0.1389220505952835,-0.9883900284767151,0.061530958861112595,0,0,2.6727499961853027,0,1,0.9443519711494446,0.05445399880409241,0.324398010969162,0,-0.26015999913215637,0.7271350026130676,0.6352890133857727,0,-0.20128700137138367,-0.684332013130188,0.700838029384613,0,0,0.5812519788742065,0,1
K0.067,0.6513679027557373,0.031793057918548584,0.7580960988998413,0,-0.09644518047571182,0.9944869875907898,0.04116104915738106,0,-0.7526070475578308,-0.0999261736869812,0.6508429050445557,0,0.018618905916810036,5.279408931732178,0.049804866313934326,1,0.9979910254478455,-0.04399288445711136,-0.045602064579725266,0,0.05280289053916931,0.9752400517463684,0.21475188434123993,0,0.03502609208226204,-0.21672788262367249,0.9756029844284058,0,0,0.6693810224533081,0.005446000024676323,1,0.9964029788970947,-0.03443019837141037,-0.07742617279291153,0,0.042438212782144547,0.9936419725418091,0.10428497195243835,0,0.07334315031766891,-0.10719599574804306,0.9915289878845215,0,0,0.7809709906578064,0,1,0.9961090087890625,-0.030971219763159752,-0.08250913769006729,0,0.022755201905965805,0.9948549866676331,-0.09871704131364822,0,0.08514115959405899,0.09645602107048035,0.9916890263557434,0,0,0.892536997795105,0,1,0.9754570722579956,0.09535548835992813,-0.19846972823143005,0,-0.08562250435352325,0.9946910738945007,0.05707893520593643,0,0.20285870134830475,-0.03868505358695984,0.9784430861473083,0,0,1.0041040182113647,0,1,0.9091410636901855,-0.163252592086792,-0.3831580579280853,0,0.1298666000366211,0.9852270483970642,-0.11163291335105896,0,0.39572203159332275,0.05173107236623764,0.9169120192527771,0,0,0.3477950096130371,0.09205599874258041,1,0.3141977787017822,-0.03121199831366539,-0.9488440752029419,0,0.9290220737457275,-0.1956479847431183,0.3140697777271271,0,-0.19544199109077454,-0.9801769852638245,-0.03247595205903053,0,0.6085759997367859,0.891510009765625,0.0005099999834783375,1,0.9858930110931396,-0.05615069717168808,0.15767517685890198,0,-0.05440732464194298,0.783371090888977,0.6191688179969788,0,-0.1582849770784378,-0.6190128922462463,0.7692651152610779,0,0,1.250412940979004,0,1,0.8067660927772522,0.48953869938850403,0.3308781087398529,0,-0.544711709022522,0.8331731557846069,0.09545496106147766,0,-0.2289491891860962,-0.25724294781684875,0.9388329386711121,0,0,1.66116201877594,0,1,-0.2981031835079193,-0.16865374147891998,-0.939516007900238,0,-0.007458207663148642,0.9846490621566772,-0.17438869178295135,0,0.9545039534568787,-0.044978734105825424,-0.29478520154953003,0,0,1.604138970375061,0,1,0.7103220820426941,0.4594879448413849,-0.5332109928131104,0,-0.6818130016326904,0.6373439431190491,-0.3590601086616516,0,0.17485493421554565,0.6185980439186096,0.7660039663314819,0,-0.12838299572467804,0.2712920010089874,0,1,0.5789329409599304,-0.8107479810714722,0.08674807101488113,0,0.7845990657806396,0.5828729867935181,0.2113378942012787,0,-0.2219049483537674,-0.0542878732085228,0.9735559821128845,0,0.11158200353384018,0.2126069962978363,0,1,0.9813219904899597,0.12352102249860764,-0.14747999608516693,0,-0.10908201336860657,0.9887549877166748,0.1022990345954895,0,0.15845799446105957,-0.08430103212594986,0.9837599992752075,0,-0.06424199789762497,0.09798099845647812,0,1,0.9999039769172668,0.0019164272816851735,0.01372907217592001,0,-0.0007754213875159621,0.9965739846229553,-0.08270011097192764,0,-0.013840016908943653,0.08268111944198608,0.9964799880981445,0,0,0.5299440026283264,-0.0016499999910593033,1,0.9474322199821472,0.3199542760848999,-0.0007519362261518836,0,-0.31931328773498535,0.9453792572021484,-0.06554773449897766,0,-0.020260950550436974,0.06234174221754074,0.9978489875793457,0,-0.015150000341236591,0.292618989944458,0,1,0.9983130097389221,0.05360051617026329,-0.02232597954571247,0,-0.05505151301622391,0.995993971824646,-0.07046782970428467,0,0.018460014835000038,0.07157782465219498,0.99726402759552,0,0.017385000362992287,0.18501800298690796,0,1,0.3939741551876068,0.08181700110435486,0.9154729247093201,0,-0.8993619680404663,-0.1711028665304184,0.40233314037323,0,0.18955788016319275,-0.9818500280380249,0.0061730253510177135,0,-0.6085759997367859,0.8915169835090637,0.001322000054642558,1,0.8240528702735901,0.5573762655258179,-0.10133039951324463,0,-0.3437914252281189,0.6341814994812012,0.6925472021102905,0,0.4502708911895752,-0.535859227180481,0.7142208814620972,0,0,1.250412940979004,0,1,0.6527720093727112,-0.7062000632286072,-0.2741718590259552,0,0.7502110004425049,0.6528920531272888,0.10447482019662857,0,0.10522402822971344,-0.27388477325439453,0.9559890627861023,0,0,1.6609469652175903,0,1,0.12289378046989441,-0.17559213936328888,0.9767619967460632,0,0.5219002366065979,0.8485698103904724,0.08688218146562576,0,-0.8441068530082703,0.49909523129463196,0.19592590630054474,0,0,1.6039559841156006,0,1,0.4455510079860687,-0.1543779969215393,0.881846010684967,0,0.686398983001709,0.6912869811058044,-0.22578400373458862,0,-0.5747529864311218,0.7058960199356079,0.4139679968357086,0,0.1277180016040802,0.2731199860572815,0,1,0.8600389957427979,0.49513599276542664,-0.12318199872970581,0,-0.448388010263443,0.8486499786376953,0.28060799837112427,0,0.243477001786232,-0.18610000610351562,0.9518849849700928,0,-0.0204709991812706,0.24033500254154205,0,1,-0.0398700013756752,-0.189860999584198,-0.9810010194778442,0,0.3925589919090271,0.8998640179634094,-0.19011299312114716,0,0.918861985206604,-0.39267998933792114,0.03865399956703186,0,0.051256999373435974,0.10993800312280655,0,1,0.8039839863777161,-0.581134021282196,0.12606799602508545,0,0.5799790024757385,0.8131260275840759,0.04950600117444992,0,-0.13127799332141876,0.03331499919295311,0.9907860159873962,0,0,0.48048698902130127,-0.004108999855816364,1,0.31894099712371826,-0.9465140104293823,-0.04887399822473526,0,0.9383040070533752,0.30806300044059753,0.15710599720478058,0,-0.13364699482917786,-0.09596599638462067,0.9863719940185547,0,0.008996999822556973,0.27602100372314453,0,1,0.41500499844551086,-0.9090949892997742,-0.03628300130367279,0,0.903016984462738,0.4067069888114929,0.13838499784469604,0,-0.11104899644851685,-0.09019500017166138,0.9897140264511108,0,-0.004995000082999468,0.2249400019645691,0,1,-0.6459680199623108,0.0027280498761683702,0.7633600234985352,0,0.6033269762992859,-0.6108240485191345,0.5127279758453369,0,0.4676770567893982,0.7917619347572327,0.392926961183548,0,0.7389219999313354,-0.3719010055065155,0.004251000005751848,1,0.914807140827179,-0.2748037576675415,-0.29599085450172424,0,-0.07661993056535721,0.6014641523361206,-0.7952168583869934,0,0.3965567350387573,0.7501489520072937,0.5291682481765747,0,0,2.992253065109253,0,1,0.9427199363708496,-0.11132010817527771,-0.31446218490600586,0,0.32418620586395264,0.5279210209846497,0.7849858999252319,0,0.07862602174282074,-0.841965913772583,0.5337700843811035,0,0,2.672214984893799,0,1,0.9121620059013367,-0.05794300138950348,-0.4057140052318573,0,0.3170590102672577,0.7270370125770569,0.6090070009231567,0,0.25968098640441895,-0.6841490268707275,0.6815469861030579,0,0,0.5870059728622437,0,1,-0.9023119807243347,0.35425296425819397,-0.24563798308372498,0,-0.42957696318626404,-0.7865088582038879,0.4436972141265869,0,-0.03601489216089249,0.5058741569519043,0.8618548512458801,0,-0.7389219999313354,-0.3719010055065155,0.017978999763727188,1,0.9930729866027832,-0.03191189095377922,0.11308308690786362,0,0.11374402046203613,0.5024870038032532,-0.8570700287818909,0,-0.029472142457962036,0.8639950156211853,0.5026360154151917,0,0,2.9928359985351562,0,1,0.8566320538520813,0.15352998673915863,0.4925549030303955,0,-0.4954459071159363,-0.021538924425840378,0.8683720827102661,0,0.14392995834350586,-0.9879090189933777,0.05761503800749779,0,0,2.6727499961853027,0,1,0.9443519711494446,0.05445399880409241,0.324398010969162,0,-0.26015999913215637,0.7271350026130676,0.6352880001068115,0,-0.20128700137138367,-0.6843309998512268,0.700838029384613,0,0,0.5812519788742065,0,1
K0.100,0.6944019794464111,0.018790999427437782,0.7193419933319092,0,-0.07404199987649918,0.9962189793586731,0.045451000332832336,0,-0.7157670259475708,-0.08482299745082855,0.6931679844856262,0,0.007495000492781401,5.255345821380615,0.05204800143837929,1,0.9971519708633423,-0.06729699671268463,-0.03405100107192993,0,0.07296299934387207,0.975059986114502,0.20960399508476257,0,0.019096000120043755,-0.21149200201034546,0.9771929979324341,0,0,0.6693810224533081,0.005446000024676323,1,0.9988790154457092,0.0016369983786717057,-0.04729799926280975,0,0.0039470018818974495,0.9930390119552612,0.11772400140762329,0,0.047161001712083817,-0.11777900159358978,0.9919189810752869,0,0,0.7809709906578064,0,1,0.9983059763908386,0.007137998007237911,-0.05773499980568886,0,-0.011852998286485672,0.9965829849243164,-0.08174700289964676,0,0.056954000145196915,0.08229299634695053,0.9949790239334106,0,0,0.892536997795105,0,1,0.9704740047454834,0.14371900260448456,-0.19371500611305237,0,-0.13377900421619415,0.9889730215072632,0.06351999938488007,0,0.20070800185203552,-0.035728998482227325,0.9789990186691284,0,0,1.0041040182113647,0,1,0.9323989748954773,-0.14407199621200562,-0.3314729928970337,0,0.112574003636837,0.9872609972953796,-0.1124430000782013,0,0.34345000982284546,0.06752700358629227,0.936739981174469,0,0,0.3477950096130371,0.09205599874258041,1,0.3360140025615692,-0.03183300048112869,-0.9413189888000488,0,0.9204369783401489,-0.20083700120449066,0.33535200357437134,0,-0.19972699880599976,-0.9791070222854614,-0.038182999938726425,0,0.6085759997367859,0.891510009765625,0.0005099999834783375,1,0.9863470196723938,-0.08230099827051163,0.14264099299907684,0,-0.02679300121963024,0.7744230031967163,0.6321009993553162,0,-0.1624870002269745,-0.6272919774055481,0.7616440057754517,0,0,1.250412940979004,0,1,0.7870650291442871,0.5272809863090515,0.32016101479530334,0,-0.5812699794769287,0.8076969981193542,0.09874500334262848,0,-0.2065269947052002,-0.26381900906562805,0.9422029852867126,0,0,1.66116201877594,0,1,-0.2804439961910248,-0.1973540037870407,-0.9393630027770996,0,0.02532399818301201,0.9767730236053467,-0.21277399361133575,0,0.9595360159873962,-0.0834600031375885,-0.2689320147037506,0,0,1.604138970375061,0,1,0.7065479755401611,0.46500900387763977,-0.5334389805793762,0,-0.6839470267295837,0.6422380208969116,-0.34604600071907043,0,0.18167999386787415,0.6093419790267944,0.7718129754066467,0,-0.12838299572467804,0.2712920010089874,0,1,0.5832610130310059,-0.8084449768066406,0.07889299839735031,0,0.7801769971847534,0.5845940113067627,0.22265200316905975,0,-0.22612200677394867,-0.06831300258636475,0.9717010259628296,0,0.11158200353384018,0.2126069962978363,0,1,0.98157799243927,0.12099400162696838,-0.1478710025548935,0,-0.10714299976825714,0.9893699884414673,0.0983240008354187,0,0.15819600224494934,-0.08066900074481964,0.9841070175170898,0,-0.06424199789762497,0.09798099845647812,0,1,0.9978870153427124,0.06478899717330933,0.004871000535786152,0,-0.06428699940443039,0.9954490065574646,-0.07034499943256378,0,-0.009406999684870243,0.06988299638032913,0.9975110292434692,0,0,0.5299440026283264,-0.0016499999910593033,1,0.9182999730110168,0.3957589864730835,-0.009971000254154205,0,-0.39489099383354187,0.9139220118522644,-0.09385299682617188,0,-0.028031000867486,0.0901229977607727,0.9955360293388367,0,-0.015150000341236591,0.292618989944458,0,1,0.9939699769020081,0.10661999881267548,-0.02562600001692772,0,-0.10849999636411667,0.9901019930839539,-0.08902399986982346,0,0.015881000086665154,0.09126800298690796,0.9957000017166138,0,0.017385000362992287,0.18501800298690796,0,1,0.35839301347732544,0.07806999981403351,0.9303010106086731,0,-0.9118139743804932,-0.18460999429225922,0.36676299571990967,0,0.2003760039806366,-0.9797059893608093,0.005022000055760145,0,-0.6085759997367859,0.8915169835090637,0.001322000054642558,1,0.8453239798545837,0.5075730085372925,-0.16672199964523315,0,-0.2836320102214813,0.6908220052719116,0.6650699973106384,0,0.4527469873428345,-0.5149120092391968,0.7279319763183594,0,0,1.250412940979004,0,1,0.675167977809906,-0.6787989735603333,-0.28875699639320374,0,0.7288500070571899,0.6741979718208313,0.11930900067090988,0,0.1136929988861084,-0.2910139858722687,0.9499390125274658,0,0,1.6609469652175903,0,1,0.13634200394153595,-0.16433200240135193,0.9769369959831238,0,0.5138450264930725,0.8548489809036255,0.0720829963684082,0,-0.846979022026062,0.49216601252555847,0.20099300146102905,0,0,1.6039559841156006,0,1,0.4455510079860687,-0.15437699854373932,0.881846010684967,0,0.686398983001709,0.6912869811058044,-0.22578400373458862,0,-0.5747529864311218,0.7058960199356079,0.4139679968357086,0,0.1277180016040802,0.2731199860572815,0,1,0.8600389957427979,0.49513599276542664,-0.12318199872970581,0,-0.448388010263443,0.8486499786376953,0.28060799837112427,0,0.243477001786232,-0.1861010044813156,0.9518849849700928,0,-0.0204709991812706,0.24033500254154205,0,1,-0.0398700013756752,-0.189860999584198,-0.9810010194778442,0,0.3925589919090271,0.8998640179634094,-0.19011199474334717,0,0.918861985206604,-0.39267998933792114,0.03865399956703186,0,0.051256999373435974,0.10993800312280655,0,1,0.8039839863777161,-0.581134021282196,0.12606799602508545,0,0.5799790024757385,0.8131260275840759,0.049504999071359634,0,-0.13127799332141876,0.03331499919295311,0.9907860159873962,0,0,0.48048698902130127,-0.004108999855816364,1,0.31894001364707947,-0.9465140104293823,-0.04887399822473526,0,0.9383050203323364,0.30806100368499756,0.15710699558258057,0,-0.13364699482917786,-0.09596599638462067,0.9863719940185547,0,0.008996999822556973,0.27602100372314453,0,1,0.41500499844551086,-0.9090949892997742,-0.03628300130367279,0,0.903016984462738,0.4067069888114929,0.13838499784469604,0,-0.11104899644851685,-0.09019500017166138,0.9897140264511108,0,-0.004995000082999468,0.2249400019645691,0,1,-0.6594470143318176,0.01079300045967102,0.7516739964485168,0,0.6006900072097778,-0.5936319828033447,0.5355119705200195,0,0.4519970118999481,0.8046650290489197,0.3849849998950958,0,0.7389219999313354,-0.3719010055065155,0.004251000005751848,1,0.8878290057182312,-0.31864601373672485,-0.3320010006427765,0,-0.08920200169086456,0.588612973690033,-0.8034780025482178,0,0.4514450132846832,0.7429659962654114,0.49416399002075195,0,0,2.992253065109253,0,1,0.9514420032501221,-0.09708599746227264,-0.29211899638175964,0,0.29708901047706604,0.538087010383606,0.7887970209121704,0,0.08060400187969208,-0.8372790217399597,0.5408009886741638,0,0,2.672214984893799,0,1,0.9121620059013367,-0.05794300138950348,-0.4057129919528961,0,0.3170590102672577,0.7270370125770569,0.6090090274810791,0,0.25968098640441895,-0.684149980545044,0.6815459728240967,0,0,0.5870059728622437,0,1,-0.9009060263633728,0.35001298785209656,-0.2566309869289398,0,-0.42884698510169983,-0.8088619709014893,0.40228399634361267,0,-0.06677400320768356,0.47247499227523804,0.8788110017776489,0,-0.7389219999313354,-0.3719010055065155,0.017978999763727188,1,0.994638979434967,-0.05775099992752075,0.08577799797058105,0,0.10315299779176712,0.4960950016975403,-0.8621190190315247,0,0.0072339982725679874,0.8663449883460999,0.4993929862976074,0,0,2.9928359985351562,0,1,0.8502560257911682,0.15806999802589417,0.5020740032196045,0,-0.5022109746932983,-0.0420369990170002,0.8637229800224304,0,0.15763400495052338,-0.986532986164093,0.04364199936389923,0,0,2.6727499961853027,0,1,0.9443519711494446,0.054455000907182693,0.324398010969162,0,-0.26015999913215637,0.7271350026130676,0.6352890133857727,0,-0.20128700137138367,-0.6843309998512268,0.700838029384613,0,0,0.5812519788742065,0,1
