9.933,30,298,41
B0,mixamorig_Hips,-1,0.9987784624099731,0.026610776782035828,-0.04162842780351639,0,-0.02836926281452179,0.9987050294876099,-0.04222343862056732,0,0.04045063629746437,0.04335302487015724,0.9982402324676514,0,-0.7870098352432251,6.119414806365967,-0.003265723353251815,1
B1,mixamorig_Spine,0,0.9998596906661987,0.013033905066549778,0.010546947829425335,0,-0.013366413302719593,0.9993959665298462,0.0320805087685585,0,-0.010122589766979218,-0.03221680968999863,0.9994298219680786,0,0,0.6693810224533081,0.005446000024676323,1
B2,mixamorig_Spine1,1,0.9970970153808594,0.0315694697201252,0.06928496807813644,0,-0.03340642526745796,0.9991161227226257,0.02551930770277977,0,-0.06841819733381271,-0.027759306132793427,0.9972708225250244,0,0,0.7809709906578064,0,1
B3,mixamorig_Spine2,2,0.9970959424972534,0.033028312027454376,0.0686212107539177,0,-0.03474926948547363,0.9991069436073303,0.02403421141207218,0,-0.06776614487171173,-0.026348816230893135,0.9973530769348145,0,0,0.892536997795105,0,1
B4,mixamorig_Neck,3,0.998259425163269,-0.0541471429169178,-0.02337494306266308,0,0.054098811000585556,0.9985314607620239,-0.0026667604688555002,0,0.023483987897634506,0.0013979902723804116,0.9997227787971497,0,0,1.0041040182113647,0,1
B5,mixamorig_Head,4,0.997961163520813,0.03265537694096565,0.05484217405319214,0,-0.040488261729478836,0.9880984425544739,0.14839139580726624,0,-0.04934418201446533,-0.1503097414970398,0.9874056577682495,0,0,0.3477950096130371,0.09205599874258041,1
B6,mixamorig_HeadTop_End,5,1,0,0,0,0,1,0,0,0,0,1,0,0,2.42409610748291,0.6416249871253967,1
B7,mixamorig_LeftShoulder,3,-0.09949686378240585,0.004417580086737871,-0.9950272440910339,0,0.9565802216529846,-0.274888277053833,-0.0968727171421051,0,-0.27394968271255493,-0.9614636898040771,0.023127680644392967,0,0.6085759997367859,0.891510009765625,0.0005099999834783375,1
B8,mixamorig_LeftArm,7,0.8363542556762695,0.5257084965705872,-0.15536420047283173,0,-0.14249268174171448,0.48214972019195557,0.8644214868545532,0,0.5293411612510681,-0.7008236646652222,0.47815805673599243,0,0,1.250412940979004,0,1
B9,mixamorig_LeftForeArm,8,0.861485481262207,0.5077563524246216,-0.005090754013508558,0,-0.5077733397483826,0.861485481262207,-0.0027972066309303045,0,0.00296579347923398,0.004994960501790047,0.999983012676239,0,0,1.66116201877594,0,1
B10,mixamorig_LeftHand,9,-0.33947446942329407,0.3129384219646454,-0.8870304822921753,0,0.25847071409225464,0.9377652406692505,0.23191890120506287,0,0.9044058918952942,-0.15054044127464294,-0.3992343246936798,0,0,1.604138970375061,0,1
B11,mixamorig_LeftHandThumb1,10,0.7198793888092041,0.6896493434906006,0.07846735417842865,0,-0.5743404626846313,0.6553321480751038,-0.4905826449394226,0,-0.38975125551223755,0.30809348821640015,0.8678536415100098,0,-0.12838299572467804,0.2712920010089874,0,1
B12,mixamorig_LeftHandThumb2,11,0.529032826423645,-0.8271457552909851,-0.18961267173290253,0,0.8447450399398804,0.4920387268066406,0.2104826271533966,0,-0.08080322295427322,-0.2715264558792114,0.9590329527854919,0,0.11158200353384018,0.2126069962978363,0,1
B13,mixamorig_LeftHandThumb3,12,0.9959675073623657,0.010934565216302872,-0.0890435129404068,0,-0.010451397858560085,0.9999275207519531,0.0058815316297113895,0,0.08910263329744339,-0.004926567431539297,0.996009886264801,0,-0.06424199789762497,0.09798099845647812,0,1
B14,mixamorig_LeftHandThumb4,13,1,0,0,0,0,1,0,0,0,0,1,0,-0.04733999818563461,0.08132199943065643,0,1
B15,mixamorig_LeftHandIndex1,10,0.9509834051132202,0.3089522421360016,-0.012963111512362957,0,-0.30878978967666626,0.946591854095459,-0.09275346249341965,0,-0.016385704278945923,0.09221024811267853,0.9956047534942627,0,0,0.5299440026283264,-0.0016499999910593033,1
B16,mixamorig_LeftHandIndex2,15,0.7578985095024109,0.6518803834915161,-0.025275325402617455,0,-0.6507454514503479,0.7527109384536743,-0.09976960718631744,0,-0.04601331427693367,0.09206292778253555,0.9946895837783813,0,-0.015150000341236591,0.292618989944458,0,1
B17,mixamorig_LeftHandIndex3,16,0.9918801784515381,0.12536688148975372,-0.02134452760219574,0,-0.12625212967395782,0.990882933139801,-0.04701181873679161,0,0.01525563932955265,0.04932443052530289,0.9986664056777954,0,0.017385000362992287,0.18501800298690796,0,1
B18,mixamorig_LeftHandIndex4,17,1,0,0,0,0,1,0,0,0,0,1,0,-0.0022350000217556953,0.04972799867391586,0,1
B19,mixamorig_RightShoulder,3,0.0599617138504982,-0.02106606215238571,0.9979782104492188,0,-0.9922708868980408,-0.1100696474313736,0.05729551240801811,0,0.10864000022411346,-0.9937005639076233,-0.02750370092689991,0,-0.6085759997367859,0.8915169835090637,0.001322000054642558,1
B20,mixamorig_RightArm,19,0.8641688823699951,-0.5014799237251282,0.04148244112730026,0,0.2035454660654068,0.42376890778541565,0.8826023936271667,0,-0.46018707752227783,-0.7542734146118164,0.4682867228984833,0,0,1.250412940979004,0,1
B21,mixamorig_RightForeArm,20,0.8890881538391113,-0.45771142840385437,0.004687055479735136,0,0.4577255845069885,0.8890891075134277,-0.0027249606791883707,0,-0.0029193409718573093,0.0045683179050683975,0.9999849796295166,0,0,1.6609469652175903,0,1
B22,mixamorig_RightHand,21,0.2133658081293106,0.023656031116843224,0.9766846895217896,0,-0.2654855251312256,0.9634908437728882,0.034660015255212784,0,-0.9402070641517639,-0.266691654920578,0.21185727417469025,0,0,1.6039559841156006,0,1
B23,mixamorig_RightHandThumb1,22,0.8905781507492065,-0.451972097158432,-0.05088047310709953,0,0.45155322551727295,0.8920156359672546,-0.020087573677301407,0,0.054465629160404205,-0.0050877672620117664,0.9985021352767944,0,0.1277180016040802,0.2731199860572815,0,1
B24,mixamorig_RightHandThumb2,23,0.8798404335975647,0.4690934121608734,0.0763486996293068,0,-0.4724174439907074,0.8807722330093384,0.03255343437194824,0,-0.051975175738334656,-0.06471022963523865,0.9965464472770691,0,-0.0204709991812706,0.24033500254154205,0,1
B25,mixamorig_RightHandThumb3,24,-0.2556278705596924,-0.7050210237503052,-0.6615129709243774,0,0.2743673026561737,0.6032089591026306,-0.7489062547683716,0,0.9270258545875549,-0.37293916940689087,0.0392380952835083,0,0.051256999373435974,0.10993800312280655,0,1
B26,mixamorig_RightHandThumb4,25,1,0,0,0,0,1,0,0,0,0,1,0,-0.030786000192165375,0.028905000537633896,0,1
B27,mixamorig_RightHandIndex1,22,0.9963365793228149,-0.08550478518009186,-0.0004376426222734153,0,0.08516236394643784,0.9918667674064636,0.0945712998509407,0,-0.007654000539332628,-0.09426233172416687,0.995517373085022,0,0,0.48048698902130127,-0.004108999855816364,1
B28,mixamorig_RightHandIndex2,27,0.7337384223937988,-0.6750669479370117,-0.07681906223297119,0,0.6751324534416199,0.7117413878440857,0.19392558932304382,0,-0.07624103873968124,-0.1941530853509903,0.9780029654502869,0,0.008996999822556973,0.27602100372314453,0,1
B29,mixamorig_RightHandIndex3,28,0.9714298248291016,-0.23707565665245056,0.01083793118596077,0,0.23616614937782288,0.9701905250549316,0.05436582863330841,0,-0.023403892293572426,-0.050252851098775864,0.9984619617462158,0,-0.004995000082999468,0.2249400019645691,0,1
B30,mixamorig_RightHandIndex4,29,1,0,0,0,0,1,0,0,0,0,1,0,-0.004002000205218792,0.04530499875545502,0,1
B31,mixamorig_LeftUpLeg,0,-0.9851321578025818,-0.12211816757917404,0.12083972245454788,0,0.14431455731391907,-0.9698446989059448,0.19640213251113892,0,0.0932115763425827,0.21092042326927185,0.973048746585846,0,0.7389219999313354,-0.3719010055065155,0.004251000005751848,1
B32,mixamorig_LeftLeg,31,0.9834843873977661,0.12301511317491531,0.13276201486587524,0,-0.032485537230968475,0.8415846228599548,-0.5391468405723572,0,-0.17805378139019012,0.5259296298027039,0.8316822052001953,0,0,2.992253065109253,0,1
B33,mixamorig_LeftFoot,32,0.8989017605781555,-0.07655669748783112,-0.4314095079898834,0,0.42735743522644043,0.3703789710998535,0.8247330188751221,0,0.09664642810821533,-0.9257204532623291,0.3656516969203949,0,0,2.672214984893799,0,1
B34,mixamorig_LeftToeBase,33,0.9460251927375793,0.00467636389657855,-0.32405954599380493,0,0.21489670872688293,0.7394272089004517,0.6380177140235901,0,0.24260246753692627,-0.6732200384140015,0.6985121965408325,0,0,0.5870059728622437,0,1
B35,mixamorig_LeftToe_End,34,1,0,0,0,0,1,0,0,0,0,1,0,0,0.32993900775909424,0,1
B36,mixamorig_RightUpLeg,0,-0.9855847954750061,-0.000271776836598292,-0.16918449103832245,0,-0.04194646701216698,-0.968383252620697,0.2459149807691574,0,-0.16390235722064972,0.24946630001068115,0.9544122219085693,0,-0.7389219999313354,-0.3719010055065155,0.017978999763727188,1
B37,mixamorig_RightLeg,36,0.9941259026527405,-0.056224923580884933,-0.09248154610395432,0,-0.014053101651370525,0.7801873683929443,-0.6253872513771057,0,0.10731614381074905,0.6230130791664124,0.7748143672943115,0,0,2.9928359985351562,0,1
B38,mixamorig_RightFoot,37,0.978033185005188,-0.06734034419059753,0.19727186858654022,0,-0.16426801681518555,0.3336108326911926,0.9282883405685425,0,-0.12832343578338623,-0.9403024315834045,0.3152204751968384,0,0,2.6727499961853027,0,1
B39,mixamorig_RightToeBase,38,0.9501199722290039,0,0.31188514828681946,0,-0.2097799926996231,0.7399889826774597,0.6390690207481384,0,-0.23079200088977814,-0.6726189851760864,0.7030779719352722,0,0,0.5812519788742065,0,1
B40,mixamorig_RightToe_End,39,1,0,0,0,0,1,0,0,0,0,1,0,0,0.32989999651908875,0,1
@34,0,1,2,3,4,5,7,8,9,10,11,12,13,15,16,17,19,20,21,22,23,24,25,27,28,29,31,32,33,34,36,37,38,39
K0.000,0.999800980091095,-0.01978999935090542,0.002328000031411648,0,0.01984499953687191,0.9994509816169739,-0.02651200070977211,0,-0.0018019999843090773,0.026552999392151833,0.999646008014679,0,-0.016649000346660614,6.247743129730225,-0.004910999909043312,1,0.9999960064888,0.001449999981559813,0.0023139999248087406,0,-0.0015079999575391412,0.9996849894523621,0.025033000856637955,0,-0.0022770001087337732,-0.025036999955773354,0.9996839761734009,0,0,0.6693810224533081,0.005446000024676323,1,0.9990609884262085,0.0021329999435693026,0.04326299950480461,0,-0.0029009999707341194,0.9998390078544617,0.017698999494314194,0,-0.04321800172328949,-0.01780799962580204,0.9989070296287537,0,0,0.7809709906578064,0,1,0.9990620017051697,0.0028909998945891857,0.04320700094103813,0,-0.003653000108897686,0.9998390078544617,0.017578000202775,0,-0.04314899817109108,-0.017719000577926636,0.9989110231399536,0,0,0.892536997795105,0,1,0.9995719790458679,-0.02573399990797043,-0.013938000425696373,0,0.02490900084376335,0.9980940222740173,-0.05646999925374985,0,0.015363999642431736,0.056099001318216324,0.9983069896697998,0,0,1.0041040182113647,0,1,0.9975690245628357,0.06154999881982803,0.032680999487638474,0,-0.06441199779510498,0.9933639764785767,0.09528599679470062,0,-0.026599999517202377,-0.09715999662876129,0.9949129819869995,0,0,0.3477950096130371,0.09205599874258041,1,-0.12773099541664124,-0.006095000077039003,-0.9917899966239929,0,0.977275013923645,-0.17133699357509613,-0.12480899691581726,0,-0.16917000710964203,-0.9851940274238586,0.027840999886393547,0,0.6085759997367859,0.891510009765625,0.0005099999834783375,1,0.907148003578186,0.40856999158859253,-0.10075999796390533,0,-0.10534399747848511,0.45230400562286377,0.8856199979782104,0,0.40741199254989624,-0.7927749752998352,0.4533480107784271,0,0,1.250412940979004,0,1,0.8721100091934204,0.4892840087413788,-0.005032999906688929,0,-0.489300012588501,0.8721110224723816,-0.002696000039577484,0,0.0030700000934302807,0.004813000094145536,0.9999840259552002,0,0,1.66116201877594,0,1,-0.3624950051307678,0.285849004983902,-0.8870670199394226,0,0.2635680139064789,0.9443910121917725,0.19661599397659302,0,0.8939399719238281,-0.16253000497817993,-0.41767799854278564,0,0,1.604138970375061,0,1,0.7213770151138306,0.6882870197296143,0.07665599882602692,0,-0.5723230242729187,0.6548140048980713,-0.4936249852180481,0,-0.3899509906768799,0.3122180104255676,0.8662899732589722,0,-0.12838299572467804,0.2712920010089874,0,1,0.5280399918556213,-0.8283640146255493,-0.18704700469970703,0,0.8452829718589783,0.49150198698043823,0.20957499742507935,0,-0.08167099952697754,-0.2687720060348511,0.9597349762916565,0,0.11158200353384018,0.2126069962978363,0,1,0.9959200024604797,0.012373999692499638,-0.08939100056886673,0,-0.01181199960410595,0.9999070167541504,0.006816000211983919,0,0.08946699649095535,-0.00573199987411499,0.9959729909896851,0,-0.06424199789762497,0.09798099845647812,0,1,0.9536389708518982,0.3007029891014099,-0.012271000072360039,0,-0.30048900842666626,0.9491130113601685,-0.09429100155830383,0,-0.016706999391317368,0.09360600262880325,0.9954689741134644,0,0,0.5299440026283264,-0.0016499999910593033,1,0.7267069816589355,0.6862540245056152,-0.030866999179124832,0,-0.6850579977035522,0.7206460237503052,-0.10660599917173386,0,-0.05091499909758568,0.09861700236797333,0.9938219785690308,0,-0.015150000341236591,0.292618989944458,0,1,0.9868159890174866,0.16022899746894836,-0.02280599996447563,0,-0.16123899817466736,0.9854879975318909,-0.05305499956011772,0,0.01397399976849556,0.056033000349998474,0.9983310103416443,0,0.017385000362992287,0.18501800298690796,0,1,0.04365599900484085,-0.017518000677227974,0.9988930225372314,0,-0.9943349957466125,-0.09775199741125107,0.041742000728845596,0,0.09691199660301208,-0.9950569868087769,-0.021686000749468803,0,-0.6085759997367859,0.8915169835090637,0.001322000054642558,1,0.8997039794921875,-0.4359300136566162,0.022336000576615334,0,0.16496999561786652,0.3869610130786896,0.9072189927101135,0,-0.40412700176239014,-0.8125429749488831,0.4200659990310669,0,0,1.250412940979004,0,1,0.8902440071105957,-0.4554600119590759,0.004679999779909849,0,0.45547500252723694,0.8902450203895569,-0.002710999920964241,0,-0.002930999966338277,0.0045449999161064625,0.9999849796295166,0,0,1.6609469652175903,0,1,0.21595099568367004,0.030646000057458878,0.9759230017662048,0,-0.26240798830986023,0.9645569920539856,0.027775999158620834,0,-0.9404820203781128,-0.26208800077438354,0.21633900701999664,0,0,1.6039559841156006,0,1,0.8923580050468445,-0.4497849941253662,-0.037289999425411224,0,0.4501579999923706,0.8929470181465149,0.0018240000354126096,0,0.03247800096869469,-0.018414000049233437,0.9993029832839966,0,0.1277180016040802,0.2731199860572815,0,1,0.8829320073127747,0.4667629897594452,0.05062900111079216,0,-0.4680840075016022,0.8835060000419617,0.01775199919939041,0,-0.036444999277591705,-0.039372000843286514,0.9985600113868713,0,-0.0204709991812706,0.24033500254154205,0,1,-0.26165899634361267,-0.7121180295944214,-0.6514769792556763,0,0.2730410099029541,0.592805027961731,-0.7576479911804199,0,0.9257339835166931,-0.3761250078678131,0.03932499885559082,0,0.051256999373435974,0.10993800312280655,0,1,0.9899610280990601,-0.14132800698280334,-0.0017940000398084521,0,0.14061400294303894,0.9835159778594971,0.11368200182914734,0,-0.014302000403404236,-0.11279299855232239,0.9935160279273987,0,0,0.48048698902130127,-0.004108999855816364,1,0.7646960020065308,-0.6408320069313049,-0.06762699782848358,0,0.6409100294113159,0.7454720139503479,0.18304599821567535,0,-0.0668879970908165,-0.18331700563430786,0.9807760119438171,0,0.008996999822556973,0.27602100372314453,0,1,0.9796950221061707,-0.2000270038843155,0.013652999885380268,0,0.19928500056266785,0.9789980053901672,0.04300199821591377,0,-0.021967999637126923,-0.03940799832344055,0.9989820122718811,0,-0.004995000082999468,0.2249400019645691,0,1,-0.9960659742355347,-0.042426999658346176,0.07780200242996216,0,0.05563100054860115,-0.9827640056610107,0.17629699409008026,0,0.06898099929094315,0.17993099987506866,0.981257975101471,0,0.7389219999313354,-0.3719010055065155,0.004251000005751848,1,0.9870870113372803,0.0829169973731041,0.13705499470233917,0,-0.004505000077188015,0.8696339726448059,-0.4936769902706146,0,-0.16012200713157654,0.48668500781059265,0.8587769865989685,0,0,2.992253065109253,0,1,0.9484519958496094,0.008111000061035156,-0.3168169856071472,0,0.2887049913406372,0.39022698998451233,0.874284029006958,0,0.13072200119495392,-0.9206830263137817,0.3677699863910675,0,0,2.672214984893799,0,1,0.9461240172386169,0.004122000187635422,-0.3237780034542084,0,0.21488000452518463,0.7400259971618652,0.6373289823532104,0,0.24223099648952484,-0.6725659966468811,0.699271023273468,0,0,0.5870059728622437,0,1,-0.9665319919586182,0.07213100045919418,-0.24619600176811218,0,-0.11496999859809875,-0.979682981967926,0.16432799398899078,0,-0.22934100031852722,0.1871339976787567,0.955187976360321,0,-0.7389219999313354,-0.3719010055065155,0.017978999763727188,1,0.9973819851875305,-0.04497800022363663,-0.0566289983689785,0,0.016232000663876534,0.9023119807243347,-0.43077701330184937,0,0.07047200202941895,0.4287300109863281,0.9006800055503845,0,0,2.9928359985351562,0,1,0.9509400129318237,0.06549599766731262,0.30236199498176575,0,-0.29786399006843567,0.457940012216568,0.8375959992408752,0,-0.08360400050878525,-0.8865669965744019,0.4549829959869385,0,0,2.6727499961853027,0,1,0.9501199722290039,0,0.3118849992752075,0,-0.2097799926996231,0.7399889826774597,0.6390690207481384,0,-0.23079200088977814,-0.6726189851760864,0.7030779719352722,0,0,0.5812519788742065,0,1
K0.033,0.9997640252113342,-0.021562017500400543,0.002648001303896308,0,0.02162601612508297,0.9994040131568909,-0.026903003454208374,0,-0.002066000597551465,0.02695300430059433,0.9996349811553955,0,-0.0052638896740973,6.244846820831299,-0.007218007929623127,1,0.9999970197677612,0.0013519987696781754,0.0020579975098371506,0,-0.0014039985835552216,0.9996690154075623,0.02568800561130047,0,-0.0020229974761605263,-0.02569100633263588,0.9996680021286011,0,0,0.6693810224533081,0.005446000024676323,1,0.9990770220756531,0.0018639969639480114,0.0429219976067543,0,-0.002678997116163373,0.9998170137405396,0.018928011879324913,0,-0.04287899658083916,-0.0190260112285614,0.998898983001709,0,0,0.7809709906578064,0,1,0.9990770220756531,0.002646997105330229,0.0428679957985878,0,-0.003455997444689274,0.9998170137405396,0.018816011026501656,0,-0.042809996753931046,-0.01894701085984707,0.9989039897918701,0,0,0.892536997795105,0,1,0.9995980262756348,-0.024846993386745453,-0.013621997088193893,0,0.02404899336397648,0.9981459975242615,-0.05591798946261406,0,0.01498599722981453,0.05556798726320267,0.998341977596283,0,0,1.0041040182113647,0,1,0.9975100159645081,0.06233600899577141,0.03297100216150284,0,-0.0652020052075386,0.9933879971504211,0.09449400007724762,0,-0.026862001046538353,-0.09640900045633316,0.9949790239334106,0,0,0.3477950096130371,0.09205599874258041,1,-0.12532098591327667,-0.005941999610513449,-0.9920979738235474,0,0.97776198387146,-0.17023099958896637,-0.12248999625444412,0,-0.16815799474716187,-0.9853860139846802,0.027142995968461037,0,0.6085759997367859,0.891510009765625,0.0005099999834783375,1,0.9062489867210388,0.41078901290893555,-0.09982499480247498,0,-0.10680601000785828,0.45096200704574585,0.8861299753189087,0,0.4090299904346466,-0.7923920154571533,0.4525589942932129,0,0,1.250412940979004,0,1,0.872298002243042,0.4889490008354187,-0.005030999891459942,0,-0.4889659881591797,0.8722990155220032,-0.0026940000243484974,0,0.0030720001086592674,0.004809999838471413,0.9999840259552002,0,0,1.66116201877594,0,1,-0.36341801285743713,0.28636500239372253,-0.8865230083465576,0,0.2635760009288788,0.9443119764328003,0.1969829946756363,0,0.8935629725456238,-0.16207900643348694,-0.4186590015888214,0,0,1.604138970375061,0,1,0.7214499711990356,0.6881970167160034,0.07678300142288208,0,-0.5722429752349854,0.6549569964408875,-0.49352699518203735,0,-0.3899329900741577,0.3121170103549957,0.8663340210914612,0,-0.12838299572467804,0.2712920010089874,0,1,0.5279600024223328,-0.8284590244293213,-0.18684999644756317,0,0.8453270196914673,0.4914590120315552,0.20950199663639069,0,-0.08173500001430511,-0.26855799555778503,0.9597899913787842,0,0.11158200353384018,0.2126069962978363,0,1,0.9959210157394409,0.012397999875247478,-0.08937600255012512,0,-0.011838000267744064,0.9999070167541504,0.006797999143600464,0,0.08945199847221375,-0.0057119992561638355,0.9959750175476074,0,-0.06424199789762497,0.09798099845647812,0,1,0.9530670046806335,0.3025050163269043,-0.012390000745654106,0,-0.30229002237319946,0.9485210180282593,-0.09449400007724762,0,-0.016832001507282257,0.09380500018596649,0.9954479932785034,0,0,0.5299440026283264,-0.0016499999910593033,1,0.7289649844169617,0.6838729977607727,-0.03046099655330181,0,-0.6826819777488708,0.7229670286178589,-0.10613099485635757,0,-0.050557997077703476,0.0981609895825386,0.9938849806785583,0,-0.015150000341236591,0.292618989944458,0,1,0.987076997756958,0.15862798690795898,-0.02273399941623211,0,-0.15963198244571686,0.9857649803161621,-0.05277799442410469,0,0.01403800118714571,0.05572499707341194,0.9983469843864441,0,0.017385000362992287,0.18501800298690796,0,1,0.04795002564787865,-0.018323006108403206,0.9986820220947266,0,-0.9938939809799194,-0.10035001486539841,0.045879025012254715,0,0.09937701374292374,-0.9947829842567444,-0.023023007437586784,0,-0.6085759997367859,0.8915169835090637,0.001322000054642558,1,0.8991150259971619,-0.4371269941329956,0.02263600006699562,0,0.1660269945859909,0.3884339928627014,0.9063959717750549,0,-0.40500301122665405,-0.8111960291862488,0.4218220114707947,0,0,1.250412940979004,0,1,0.8897669911384583,-0.45639100670814514,0.004683000035583973,0,0.45640599727630615,0.8897680044174194,-0.0027169999666512012,0,-0.0029269999358803034,0.004554999992251396,0.9999849796295166,0,0,1.6609469652175903,0,1,0.21623602509498596,0.0316770076751709,0.9758269786834717,0,-0.2617129981517792,0.9647769927978516,0.026675995439291,0,-0.9406110048294067,-0.26115500926971436,0.21691003441810608,0,0,1.6039559841156006,0,1,0.8933280110359192,-0.4478699862957001,-0.037105999886989594,0,0.4482260048389435,0.8939189910888672,0.0014579989947378635,0,0.032517001032829285,-0.017933998256921768,0.9993100166320801,0,0.1277180016040802,0.2731199860572815,0,1,0.8831779956817627,0.46641701459884644,0.04952399432659149,0,-0.4676760137081146,0.88373202085495,0.01722799614071846,0,-0.0357309952378273,-0.03837599232792854,0.9986240267753601,0,-0.0204709991812706,0.24033500254154205,0,1,-0.2617090046405792,-0.712082028388977,-0.6514970064163208,0,0.2730869948863983,0.592805027961731,-0.7576320171356201,0,0.9257060289382935,-0.3761940002441406,0.03931799903512001,0,0.051256999373435974,0.10993800312280655,0,1,0.9898130297660828,-0.14235801994800568,-0.0018800008110702038,0,0.14165601134300232,0.9834399819374084,0.11304200440645218,0,-0.01424300204962492,-0.11215700954198837,0.9935879707336426,0,0,0.48048698902130127,-0.004108999855816364,1,0.7648850083351135,-0.6406139731407166,-0.0675709992647171,0,0.6406909823417664,0.7456769943237305,0.18297599256038666,0,-0.06683100014925003,-0.18324799835681915,0.9807929992675781,0,0.008996999822556973,0.27602100372314453,0,1,0.9798679947853088,-0.19917498528957367,0.013713001273572445,0,0.19843699038028717,0.9791809916496277,0.042740996927022934,0,-0.021940000355243683,-0.03915899619460106,0.9989920258522034,0,-0.004995000082999468,0.2249400019645691,0,1,-0.9959849715232849,-0.04271100461483002,0.07867700606584549,0,0.05626200884580612,-0.9822379946708679,0.17900501191616058,0,0.06963400542736053,0.18271301686763763,0.980696976184845,0,0.7389219999313354,-0.3719010055065155,0.004251000005751848,1,0.9872639775276184,0.08251798897981644,0.13601598143577576,0,-0.00367999030277133,0.8665800094604492,-0.49902501702308655,0,-0.1590469777584076,0.49216902256011963,0.8558470010757446,0,0,2.992253065109253,0,1,0.9487360119819641,0.011064029298722744,-0.31587499380111694,0,0.2871039807796478,0.38776695728302,0.8759040236473083,0,0.132176011800766,-0.9216910004615784,0.3647119700908661,0,0,2.672214984893799,0,1,0.9461529850959778,0.003957999404519796,-0.32369399070739746,0,0.2148749977350235,0.7402030229568481,0.6371250152587891,0,0.24212099611759186,-0.6723719835281372,0.6994950175285339,0,0,0.5870059728622437,0,1,-0.9661020040512085,0.07182600349187851,-0.24796801805496216,0,-0.1151370033621788,-0.9795770049095154,0.16484099626541138,0,-0.23106402158737183,0.18780399858951569,0.9546409845352173,0,-0.7389219999313354,-0.3719010055065155,0.017978999763727188,1,0.9973270297050476,-0.04614100977778435,-0.05665000528097153,0,0.017210008576512337,0.9019020199775696,-0.4315980076789856,0,0.07100700587034225,0.4294700026512146,0.900285005569458,0,0,2.9928359985351562,0,1,0.9500280022621155,0.0673300251364708,0.3048170208930969,0,-0.30086103081703186,0.4578779935836792,0.836558997631073,0,-0.0832429900765419,-0.8864619731903076,0.4552539885044098,0,0,2.6727499961853027,0,1,0.9501199722290039,0,0.3118849992752075,0,-0.2097799926996231,0.7399889826774597,0.6390690207481384,0,-0.23079200088977814,-0.6726189851760864,0.7030779719352722,0,0,0.5812519788742065,0,1
K0.067,0.9997270107269287,-0.023186983540654182,0.0027759987860918045,0,0.02325398288667202,0.9993550181388855,-0.02736099623143673,0,-0.002139999298378825,0.027417996898293495,0.9996219873428345,0,0.005747890565544367,6.242617130279541,-0.008013992570340633,1,0.9999979734420776,0.0012230012798681855,0.0017970025073736906,0,-0.0012690013973042369,0.99965500831604,0.026250993832945824,0,-0.0017650026129558682,-0.026253994554281235,0.9996539950370789,0,0,0.6693810224533081,0.005446000024676323,1,0.9990950226783752,0.001556003000587225,0.042500004172325134,0,-0.0024080027360469103,0.999796986579895,0.020007988438010216,0,-0.04246000200510025,-0.020091988146305084,0.9988960027694702,0,0,0.7809709906578064,0,1,0.9990959763526917,0.0023620028514415026,0.04244700446724892,0,-0.003209002548828721,0.999796986579895,0.019907988607883453,0,-0.042392004281282425,-0.020025989040732384,0.9988999962806702,0,0,0.892536997795105,0,1,0.9996209740638733,-0.024065006524324417,-0.013363002799451351,0,0.023297008126974106,0.9982159733772278,-0.05496601015329361,0,0.014662003144621849,0.054634008556604385,0.998399019241333,0,0,1.0041040182113647,0,1,0.9974539875984192,0.06308399140834808,0.033267997205257416,0,-0.06597499549388885,0.9933369755744934,0.09449300169944763,0,-0.027084998786449432,-0.09644699841737747,0.9949700236320496,0,0,0.3477950096130371,0.09205599874258041,1,-0.12425500899553299,-0.005876000504940748,-0.9922329783439636,0,0.9780110120773315,-0.1695290058851242,-0.12147000432014465,0,-0.16749800741672516,-0.9855080246925354,0.026812003925442696,0,0.6085759997367859,0.891510009765625,0.0005099999834783375,1,0.9059739708900452,0.4115320146083832,-0.09926100820302963,0,-0.10754399001598358,0.45051899552345276,0.8862659931182861,0,0.40944600105285645,-0.7922589778900146,0.45241600275039673,0,0,1.250412940979004,0,1,0.8725489974021912,0.48850101232528687,-0.005030000116676092,0,-0.48851799964904785,0.8725500106811523,-0.0026910000015050173,0,0.0030739998910576105,0.0048050000332295895,0.9999840259552002,0,0,1.66116201877594,0,1,-0.3646419942378998,0.2866080105304718,-0.8859419822692871,0,0.263713002204895,0.9442830085754395,0.19694100320339203,0,0.8930240273475647,-0.16182200610637665,-0.41990700364112854,0,0,1.604138970375061,0,1,0.7215089797973633,0.6881200075149536,0.07690799981355667,0,-0.572180986404419,0.6550920009613037,-0.4934200048446655,0,-0.38991400599479675,0.3120020031929016,0.8663840293884277,0,-0.12838299572467804,0.2712920010089874,0,1,0.5278649926185608,-0.8285689949989319,-0.18663400411605835,0,0.8453789949417114,0.4914030134677887,0.20941999554634094,0,-0.0818059965968132,-0.2683219909667969,0.9598489999771118,0,0.11158200353384018,0.2126069962978363,0,1,0.9959250092506409,0.012403000146150589,-0.08932799845933914,0,-0.011850000359117985,0.9999070167541504,0.006723001133650541,0,0.08940300345420837,-0.005637000780552626,0.9959800243377686,0,-0.06424199789762497,0.09798099845647812,0,1,0.9524970054626465,0.3042909801006317,-0.01251199934631586,0,-0.3040769696235657,0.9479349851608276,-0.09463900327682495,0,-0.016936998814344406,0.09394799917936325,0.99543297290802,0,0,0.5299440026283264,-0.0016499999910593033,1,0.7310289740562439,0.6816830039024353,-0.030090004205703735,0,-0.680495023727417,0.7250890135765076,-0.10569500923156738,0,-0.05023300275206566,0.0977420061826706,0.9939429759979248,0,-0.015150000341236591,0.292618989944458,0,1,0.9873160123825073,0.15714401006698608,-0.02266800031065941,0,-0.15814301371574402,0.9860180020332336,-0.052521005272865295,0,0.014096998609602451,0.05544000491499901,0.9983630180358887,0,0.017385000362992287,0.18501800298690796,0,1,0.05050897225737572,-0.01878899708390236,0.9985470175743103,0,-0.9936460256576538,-0.10163698345422745,0.04834897443652153,0,0.10058098286390305,-0.9946439862251282,-0.023803992196917534,0,-0.6085759997367859,0.8915169835090637,0.001322000054642558,1,0.8985670208930969,-0.4382520020008087,0.022648999467492104,0,0.16654999554157257,0.3883250057697296,0.9063469767570496,0,-0.40600401163101196,-0.8106409907341003,0.42192700505256653,0,0,1.250412940979004,0,1,0.8895099759101868,-0.4568920135498047,0.004683999810367823,0,0.4569070041179657,0.8895099759101868,-0.0027199999894946814,0,-0.0029239999130368233,0.00455900002270937,0.9999849796295166,0,0,1.6609469652175903,0,1,0.21883296966552734,0.032490991055965424,0.9752209782600403,0,-0.2608419954776764,0.965021014213562,0.026380004361271858,0,-0.9402520060539246,-0.26015201210975647,0.21965396404266357,0,0,1.6039559841156006,0,1,0.8939800262451172,-0.44658300280570984,-0.03693300113081932,0,0.44693198800086975,0.8945670127868652,0.001359000918455422,0,0.03243200108408928,-0.017722001299262047,0.9993169903755188,0,0.1277180016040802,0.2731199860572815,0,1,0.8833699822425842,0.46614301204681396,0.048669006675481796,0,-0.46735501289367676,0.8839100003242493,0.016825003549456596,0,-0.035176005214452744,-0.03760900720953941,0.9986730217933655,0,-0.0204709991812706,0.24033500254154205,0,1,-0.26174700260162354,-0.7120739817619324,-0.6514899730682373,0,0.2731100022792816,0.5927860140800476,-0.7576379776000977,0,0.9256889820098877,-0.37623798847198486,0.03931500017642975,0,0.051256999373435974,0.10993800312280655,0,1,0.9895309805870056,-0.14430499076843262,-0.0019599993247538805,0,0.1435929834842682,0.9831129908561707,0.11344299465417862,0,-0.014443998225033283,-0.11253698915243149,0.9935430288314819,0,0,0.48048698902130127,-0.004108999855816364,1,0.7654790282249451,-0.639922022819519,-0.06739500164985657,0,0.6399999856948853,0.7463250160217285,0.18275600671768188,0,-0.06665100157260895,-0.18302899599075317,0.9808459877967834,0,0.008996999822556973,0.27602100372314453,0,1,0.9801689982414246,-0.1976800113916397,0.013815999031066895,0,0.1969500184059143,0.9795010089874268,0.04228200390934944,0,-0.021890999749302864,-0.03872300311923027,0.9990100264549255,0,-0.004995000082999468,0.2249400019645691,0,1,-0.9959099888801575,-0.04299899563193321,0.07945999503135681,0,0.05682099610567093,-0.9818699955940247,0.1808369904756546,0,0.07024399191141129,0.1846119910478592,0.9802979826927185,0,0.7389219999313354,-0.3719010055065155,0.004251000005751848,1,0.987492024898529,0.08165200799703598,0.13487601280212402,0,-0.0027080094441771507,0.864109992980957,-0.5032949447631836,0,-0.15764302015304565,0.49663496017456055,0.8535240292549133,0,0,2.992253065109253,0,1,0.9490690231323242,0.013992970809340477,-0.3147580027580261,0,0.28530803322792053,0.38567402958869934,0.8774139881134033,0,0.13367098569869995,-0.9225289821624756,0.3620390295982361,0,0,2.672214984893799,0,1,0.9461629986763,0.0039020003750920296,-0.3236660063266754,0,0.21487300097942352,0.7402629852294922,0.6370559930801392,0,0.24208399653434753,-0.672307014465332,0.6995710134506226,0,0,0.5870059728622437,0,1,-0.9657080173492432,0.07169400155544281,-0.24953597784042358,0,-0.11525099724531174,-0.9796090126037598,0.16457000374794006,0,-0.23264898359775543,0.1876859962940216,0.9542790055274963,0,-0.7389219999313354,-0.3719010055065155,0.017978999763727188,1,0.9972460269927979,-0.04739898815751076,-0.05704399570822716,0,0.018178990110754967,0.9018869996070862,-0.4315899908542633,0,0.0719049945473671,0.42936399579048157,0.9002640247344971,0,0,2.9928359985351562,0,1,0.949101984500885,0.06929998099803925,0.3072509765625,0,-0.3038889765739441,0.45794299244880676,0.83542799949646,0,-0.0828080102801323,-0.8862770199775696,0.4556939899921417,0,0,2.6727499961853027,0,1,0.9501199722290039,0,0.3118849992752075,0,-0.2097799926996231,0.7399889826774597,0.6390690207481384,0,-0.23079200088977814,-0.6726189851760864,0.7030779719352722,0,0,0.5812519788742065,0,1
K0.100,0.999701976776123,-0.024297000840306282,0.002406999934464693,0,0.024354999884963036,0.9993069767951965,-0.028147000819444656,0,-0.0017219999572262168,0.028196999803185463,0.9996010065078735,0,0.015526000410318375,6.242281913757324,-0.0046629998832941055,1,0.9999979734420776,0.0010110000148415565,0.0015439999988302588,0,-0.0010519999777898192,0.999646008014679,0.02659199945628643,0,-0.0015160000184550881,-0.026593999937176704,0.9996449947357178,0,0,0.6693810224533081,0.005446000024676323,1,0.9991220235824585,0.0011210000375285745,0.04189100116491318,0,-0.0019920000340789557,0.9997829794883728,0.020735999569296837,0,-0.0418579988181591,-0.02080100029706955,0.9989070296287537,0,0,0.7809709906578064,0,1,0.9991220235824585,0.0019480000482872128,0.04184100031852722,0,-0.002814000006765127,0.9997829794883728,0.02065199986100197,0,-0.04179200157523155,-0.020750999450683594,0.9989110231399536,0,0,0.892536997795105,0,1,0.999629020690918,-0.023763999342918396,-0.013313000090420246,0,0.02302899956703186,0.9983329772949219,-0.052928000688552856,0,0.014549000188708305,0.05260099843144417,0.9985100030899048,0,0,1.0041040182113647,0,1,0.997402012348175,0.06373800337314606,0.033567000180482864,0,-0.06670600175857544,0.9931110143661499,0.09634000062942505,0,-0.027194999158382416,-0.09832900017499924,0.9947819709777832,0,0,0.3477950096130371,0.09205599874258041,1,-0.1239520013332367,-0.005836000200361013,-0.9922710061073303,0,0.9780619740486145,-0.16944299638271332,-0.12117999792098999,0,-0.1674260050058365,-0.985522985458374,0.026711000129580498,0,0.6085759997367859,0.891510009765625,0.0005099999834783375,1,0.9060680270195007,0.4113590121269226,-0.09911400079727173,0,-0.10782500356435776,0.4509739875793457,0.8859999775886536,0,0.4091620147228241,-0.7920899987220764,0.4529680013656616,0,0,1.250412940979004,0,1,0.8728489875793457,0.487964004278183,-0.005028999876230955,0,-0.4879800081253052,0.8728500008583069,-0.002687999978661537,0,0.0030769999139010906,0.004800000227987766,0.9999840259552002,0,0,1.66116201877594,0,1,-0.36588698625564575,0.2867180109024048,-0.8853920102119446,0,0.264070987701416,0.9442440271377563,0.1966490000486374,0,0.8924090266227722,-0.16185499727725983,-0.4212000072002411,0,0,1.604138970375061,0,1,0.7215409874916077,0.6880750060081482,0.07701200246810913,0,-0.5721549987792969,0.655197024345398,-0.49331098794937134,0,-0.38989201188087463,0.31188100576400757,0.8664379715919495,0,-0.12838299572467804,0.2712920010089874,0,1,0.5277259945869446,-0.8287140130996704,-0.186380997300148,0,0.8454570174217224,0.4913119971752167,0.20931899547576904,0,-0.08189400285482407,-0.2680400013923645,0.9599210023880005,0,0.11158200353384018,0.2126069962978363,0,1,0.9959380030632019,0.012369999662041664,-0.08918999880552292,0,-0.011837000027298927,0.999908983707428,0.006498000118881464,0,0.08926200121641159,-0.005415999796241522,0.9959930181503296,0,-0.06424199789762497,0.09798099845647812,0,1,0.9522290229797363,0.30512699484825134,-0.0125730000436306,0,-0.30491501092910767,0.9476640224456787,-0.09465599805116653,0,-0.01696700043976307,0.0939679965376854,0.9954310059547424,0,0,0.5299440026283264,-0.0016499999910593033,1,0.7319669723510742,0.6806830167770386,-0.02992199920117855,0,-0.6794970035552979,0.7260540127754211,-0.10549599677324295,0,-0.050085000693798065,0.09755100309848785,0.9939690232276917,0,-0.015150000341236591,0.292618989944458,0,1,0.9874230027198792,0.15646900236606598,-0.022638000547885895,0,-0.15746599435806274,0.9861329793930054,-0.052404001355171204,0,0.014124000445008278,0.055309999734163284,0.9983689785003662,0,0.017385000362992287,0.18501800298690796,0,1,0.052014000713825226,-0.019068000838160515,0.9984639883041382,0,-0.9935179948806763,-0.10218799859285355,0.04980500042438507,0,0.1010809987783432,-0.9945819973945618,-0.02425999939441681,0,-0.6085759997367859,0.8915169835090637,0.001322000054642558,1,0.8979610204696655,-0.4394890069961548,0.022686000913381577,0,0.16663199663162231,0.387268990278244,0.9067839980125427,0,-0.4073069989681244,-0.8104760050773621,0.42098599672317505,0,0,1.250412940979004,0,1,0.8893160223960876,-0.45726901292800903,0.00468500005081296,0,0.45728400349617004,0.889316976070404,-0.002722000004723668,0,-0.0029219998978078365,0.004563000053167343,0.9999849796295166,0,0,1.6609469652175903,0,1,0.22273099422454834,0.03313000127673149,0.9743170142173767,0,-0.2599180042743683,0.9652640223503113,0.02659600041806698,0,-0.9395920038223267,-0.25916600227355957,0.22360500693321228,0,0,1.6039559841156006,0,1,0.8934500217437744,-0.4475969970226288,-0.037457000464200974,0,0.4479460120201111,0.8940600156784058,0.0010400000028312206,0,0.03302299976348877,-0.017707999795675278,0.9992979764938354,0,0.1277180016040802,0.2731199860572815,0,1,0.8832150101661682,0.46630099415779114,0.04994000121951103,0,-0.46758800745010376,0.8837730288505554,0.01754399947822094,0,-0.035955000668764114,-0.03884600102901459,0.9985979795455933,0,-0.0204709991812706,0.24033500254154205,0,1,-0.2614920139312744,-0.7118520140647888,-0.651835024356842,0,0.27312299609184265,0.5931599736213684,-0.7573410272598267,0,0.9257569909095764,-0.3760699927806854,0.039315998554229736,0,0.051256999373435974,0.10993800312280655,0,1,0.9888899922370911,-0.14863499999046326,-0.002019000006839633,0,0.14785300195217133,0.982105016708374,0.11665999889373779,0,-0.015356999821960926,-0.11566299945116043,0.9931700229644775,0,0,0.48048698902130127,-0.004108999855816364,1,0.7672160267829895,-0.6378920078277588,-0.066880002617836,0,0.6379709839820862,0.748216986656189,0.18211199343204498,0,-0.0661270022392273,-0.18238699436187744,0.9810010194778442,0,0.008996999822556973,0.27602100372314453,0,1,0.9807980060577393,-0.19451899826526642,0.014032999984920025,0,0.19380299746990204,0.9801700115203857,0.04131200164556503,0,-0.0217909999191761,-0.03779900074005127,0.9990479946136475,0,-0.004995000082999468,0.2249400019645691,0,1,-0.9958969950675964,-0.043278999626636505,0.07947800308465958,0,0.057048000395298004,-0.9819890260696411,0.18011699616909027,0,0.07025100290775299,0.183911994099617,0.9804289937019348,0,0.7389219999313354,-0.3719010055065155,0.004251000005751848,1,0.9878029823303223,0.07960399985313416,0.13382500410079956,0,-0.0012030000798404217,0.8633220195770264,-0.5046529769897461,0,-0.1557070016860962,0.49833598732948303,0.852886974811554,0,0,2.992253065109253,0,1,0.9495559930801392,0.016757000237703323,-0.31314799189567566,0,0.28297799825668335,0.3845750093460083,0.8786500096321106,0,0.13515299558639526,-0.9229410290718079,0.36043399572372437,0,0,2.672214984893799,0,1,0.9461399912834167,0.0040350002236664295,-0.32373398542404175,0,0.21487699449062347,0.740119993686676,0.6372209787368774,0,0.2421730011701584,-0.6724629998207092,0.6993899941444397,0,0,0.5870059728622437,0,1,-0.9654639959335327,0.07216300070285797,-0.25034499168395996,0,-0.11527399718761444,-0.980023980140686,0.16206100583076477,0,-0.23364999890327454,0.18532299995422363,0.9544960260391235,0,-0.7389219999313354,-0.3719010055065155,0.017978999763727188,1,0.997098982334137,-0.04885900020599365,-0.05836600065231323,0,0.019107000902295113,0.9029070138931274,-0.42941200733184814,0,0.07367999851703644,0.42705100774765015,0.901220977306366,0,0,2.9928359985351562,0,1,0.9482269883155823,0.07162799686193466,0.3094100058078766,0,-0.30681100487709045,0.4582889974117279,0.8341689705848694,0,-0.08205000311136246,-0.8859120011329651,0.45653900504112244,0,0,2.6727499961853027,0,1,0.9501199722290039,0,0.3118860125541687,0,-0.2097799926996231,0.7399880290031433,0.6390690207481384,0,-0.23079200088977814,-0.6726199984550476,0.7030770182609558,0,0,0.5812519788742065,0,1
