2.400,30,72,41
B0,mixamorig_Hips,-1,0.9200326204299927,0.07083494961261749,-0.38069820404052734,0,-0.09366971254348755,0.9947073459625244,-0.040539395064115524,0,0.37574779987335205,0.07359378039836884,0.9218999147415161,0,0.8244957327842712,5.162521839141846,0.3316994309425354,1
B1,mixamorig_Spine,0,0.9954445362091064,0.046513818204402924,-0.08318465203046799,0,-0.027728727087378502,0.9764053821563721,0.21415911614894867,0,0.09118364751338959,-0.21087802946567535,0.9732473492622375,0,0,0.6693810224533081,0.005446000024676323,1
B2,mixamorig_Spine1,1,0.9838412404060364,0.07120431214570999,-0.16422750055789948,0,-0.04810846969485283,0.988902747631073,0.14055362343788147,0,0.17241311073303223,-0.13038592040538788,0.9763498306274414,0,0,0.7809709906578064,0,1
B3,mixamorig_Spine2,2,0.9838412404060364,0.07126827538013458,-0.16419950127601624,0,-0.08254428207874298,0.9946006536483765,-0.0628918781876564,0,0.15883129835128784,0.07542778551578522,0.9844129085540771,0,0,0.892536997795105,0,1
B4,mixamorig_Neck,3,0.9157273769378662,0.1459445059299469,0.3739105463027954,0,-0.3034295439720154,0.8615623116493225,0.40677890181541443,0,-0.26275554299354553,-0.48617836833000183,0.8333200812339783,0,0,1.0041040182113647,0,1
B5,mixamorig_Head,4,0.968619704246521,0.05165613442659378,0.24253080785274506,0,0.055745478719472885,0.9077984690666199,-0.41558825969696045,0,-0.24169141054153442,0.4159906804561615,0.876501202583313,0,0,0.3477950096130371,0.09205599874258041,1
B6,mixamorig_HeadTop_End,5,1,0,0,0,0,1,0,0,0,0,1,0,0,2.42409610748291,0.6416249871253967,1
B7,mixamorig_LeftShoulder,3,-0.29222121834754944,-0.07441555708646774,-0.9532373547554016,0,0.95612633228302,-0.019698604941368103,-0.2915908992290497,0,0.0029795048758387566,-0.9970197081565857,0.07682514190673828,0,0.6085759997367859,0.891510009765625,0.0005099999834783375,1
B8,mixamorig_LeftArm,7,0.9213939905166626,-0.3251400887966156,-0.21169811487197876,0,0.3877337574958801,0.8014996647834778,0.4549387991428375,0,0.021621040999889374,-0.5013492703437805,0.8645562529563904,0,0,1.250412940979004,0,1
B9,mixamorig_LeftForeArm,8,0.7407984733581543,0.119013711810112,0.6607744097709656,0,-0.2944309115409851,0.9418889880180359,0.16041238605976105,0,-0.6034400463104248,-0.3135959804058075,0.7331284880638123,0,0,1.66116201877594,0,1
B10,mixamorig_LeftHand,9,-0.2948288321495056,-0.5079325437545776,-0.8093656301498413,0,-0.09069297462701797,0.8580125570297241,-0.5054584741592407,0,0.9511852264404297,-0.07561944425106049,-0.29903191328048706,0,0,1.604138970375061,0,1
B11,mixamorig_LeftHandThumb1,10,0.7150449752807617,0.45247599482536316,-0.5328933000564575,0,-0.6790419816970825,0.6307377219200134,-0.37559500336647034,0,0.1661680042743683,0.630424976348877,0.7582566738128662,0,-0.12838299572467804,0.2712920010089874,0,1
B12,mixamorig_LeftHandThumb2,11,0.5734533071517944,-0.813476026058197,0.09699532389640808,0,0.7901319861412048,0.5804682970046997,0.19684399664402008,0,-0.21643100678920746,-0.03624168038368225,0.9756249785423279,0,0.11158200353384018,0.2126069962978363,0,1
B13,mixamorig_LeftHandThumb3,12,0.9809880256652832,0.1267479956150055,-0.14696069061756134,0,-0.11155600100755692,0.9879369735717773,0.10740099847316742,0,0.15880069136619568,-0.08896499872207642,0.9832940101623535,0,-0.06424199789762497,0.09798099845647812,0,1
B14,mixamorig_LeftHandThumb4,13,1,0,0,0,0,1,0,0,0,0,1,0,-0.04733999818563461,0.08132199943065643,0,1
B15,mixamorig_LeftHandIndex1,10,0.9966369867324829,-0.0785060003399849,0.02348867990076542,0,0.08045300096273422,0.991877019405365,-0.09852532297372818,0,-0.01556267961859703,0.10008399933576584,0.9948570132255554,0,0,0.5299440026283264,-0.0016499999910593033,1
B16,mixamorig_LeftHandIndex2,15,0.9756109714508057,0.21937300264835358,0.007708320859819651,0,-0.21907931566238403,0.9752979874610901,-0.02824931964278221,0,-0.013715320266783237,0.02587199956178665,0.9995710253715515,0,-0.015150000341236591,0.292618989944458,0,1
B17,mixamorig_LeftHandIndex3,16,0.999701976776123,-0.014676320366561413,-0.01948999986052513,0,0.013757999986410141,0.9988269805908203,-0.046434998512268066,0,0.020148999989032745,0.046153001487255096,0.9987310171127319,0,0.017385000362992287,0.18501800298690796,0,1
B18,mixamorig_LeftHandIndex4,17,1,0,0,0,0,1,0,0,0,0,1,0,-0.0022350000217556953,0.04972799867391586,0,1
B19,mixamorig_RightShoulder,3,0.4149535000324249,-0.04701089859008789,0.9085041284561157,0,-0.8546862602233887,-0.3621775209903717,0.37162885069847107,0,0.31160780787467957,-0.930905282497406,-0.1905420571565628,0,-0.6085759997367859,0.8915169835090637,0.001322000054642558,1
B20,mixamorig_RightArm,19,0.14982859790325165,-0.6542973518371582,0.7408615946769714,0,0.8958728909492493,0.4067329466342926,0.17776444554328918,0,-0.41797804832458496,0.6370139718055725,0.6473550796508789,0,0,1.250412940979004,0,1
B21,mixamorig_RightForeArm,20,0.7039040327072144,-0.6738320589065552,0.22443315386772156,0,0.7039759755134583,0.6229190230369568,-0.3384774327278137,0,0.08851833641529083,0.39600664377212524,0.9130079746246338,0,0,1.6609469652175903,0,1
B22,mixamorig_RightHand,21,0.11216975748538971,0.32237786054611206,0.9395236968994141,0,-0.07750106602907181,0.9453259706497192,-0.31524160504341125,0,-0.9905691146850586,-0.03742548078298569,0.1306554675102234,0,0,1.6039559841156006,0,1
B23,mixamorig_RightHandThumb1,22,0.44554999470710754,-0.15437768399715424,0.881846010684967,0,0.6863996982574463,0.6912869811058044,-0.2257833182811737,0,-0.5747529864311218,0.7058969736099243,0.41396766901016235,0,0.1277180016040802,0.2731199860572815,0,1
B24,mixamorig_RightHandThumb2,23,0.8600389957427979,0.49513599276542664,-0.12318100035190582,0,-0.448388010263443,0.8486499786376953,0.28060734272003174,0,0.24347631633281708,-0.1861003190279007,0.9518849849700928,0,-0.0204709991812706,0.24033500254154205,0,1
B25,mixamorig_RightHandThumb3,24,-0.0398700013756752,-0.18986168503761292,-0.9810010194778442,0,0.39255833625793457,0.8998640179634094,-0.19011299312114716,0,0.9188627004623413,-0.39267998933792114,0.03865399956703186,0,0.051256999373435974,0.10993800312280655,0,1
B26,mixamorig_RightHandThumb4,25,1,0,0,0,0,1,0,0,0,0,1,0,-0.030786000192165375,0.028905000537633896,0,1
B27,mixamorig_RightHandIndex1,22,0.8039836883544922,-0.5811349749565125,0.12606768310070038,0,0.5799800157546997,0.8131250143051147,0.04950600117444992,0,-0.13127799332141876,0.03331499919295311,0.9907860159873962,0,0,0.48048698902130127,-0.004108999855816364,1
B28,mixamorig_RightHandIndex2,27,0.318940669298172,-0.9465140104293823,-0.04887467995285988,0,0.9383050203323364,0.3080616593360901,0.15710599720478058,0,-0.13364699482917786,-0.09596668183803558,0.9863719940185547,0,0.008996999822556973,0.27602100372314453,0,1
B29,mixamorig_RightHandIndex3,28,0.41500499844551086,-0.9090949892997742,-0.03628231957554817,0,0.9030162692070007,0.4067069888114929,0.13838568329811096,0,-0.11104968190193176,-0.09019467979669571,0.9897140264511108,0,-0.004995000082999468,0.2249400019645691,0,1
B30,mixamorig_RightHandIndex4,29,1,0,0,0,0,1,0,0,0,0,1,0,-0.004002000205218792,0.04530499875545502,0,1
B31,mixamorig_LeftUpLeg,0,-0.9993078112602234,-0.009657496586441994,-0.00716550974175334,0,0.0008042120607569814,-0.6522298455238342,0.7572090029716492,0,-0.01172521524131298,0.7577571272850037,0.6523245573043823,0,0.7389219999313354,-0.3719010055065155,0.004251000005751848,1
B32,mixamorig_LeftLeg,31,0.9709898829460144,-0.1999898999929428,-0.1284942477941513,0,-0.009094062261283398,0.5094326734542847,-0.8604390621185303,0,0.23755525052547455,0.8366133570671082,0.49289634823799133,0,0,2.992253065109253,0,1
B33,mixamorig_LeftFoot,32,0.9361075758934021,-0.04903487116098404,-0.34823688864707947,0,0.31148022413253784,0.5749743580818176,0.7564758658409119,0,0.163107767701149,-0.8166100978851318,0.5535386204719543,0,0,2.672214984893799,0,1
B34,mixamorig_LeftToeBase,33,0.9557290077209473,0.04001302272081375,-0.2915150225162506,0,0.18017704784870148,0.7036765813827515,0.6872952580451965,0,0.23263296484947205,-0.7093924283981323,0.6653150916099548,0,0,0.5870059728622437,0,1
B35,mixamorig_LeftToe_End,34,1,0,0,0,0,1,0,0,0,0,1,0,0,0.32993900775909424,0,1
B36,mixamorig_RightUpLeg,0,-0.7974988222122192,0.5403648614883423,-0.2673879563808441,0,-0.4257332682609558,-0.8179462552070618,-0.3853706121444702,0,-0.4265803396701813,-0.19356568157672882,0.8827303647994995,0,-0.7389219999313354,-0.3719010055065155,0.017978999763727188,1
B37,mixamorig_RightLeg,36,0.9052137732505798,0.2562866806983948,0.3326524794101715,0,0.08358064293861389,0.6644521355628967,-0.7416390180587769,0,-0.4119279384613037,0.7012220025062561,0.579183042049408,0,0,2.9928359985351562,0,1
B38,mixamorig_RightFoot,37,0.8533193469047546,-0.06477324664592743,0.5167846083641052,0,-0.439191609621048,0.4444960355758667,0.7807134389877319,0,-0.2802567780017853,-0.8931850790977478,0.35082483291625977,0,0,2.6727499961853027,0,1
B39,mixamorig_RightToeBase,38,0.8847373723983765,-0.43634331226348877,0.16282571852207184,0,-0.11034032702445984,0.14396093785762787,0.9825200438499451,0,-0.45173704624176025,-0.887678325176239,0.07916710525751114,0,0,0.5812519788742065,0,1
B40,mixamorig_RightToe_End,39,1,0,0,0,0,1,0,0,0,0,1,0,0,0.32989999651908875,0,1
@34,0,1,2,3,4,5,7,8,9,10,11,12,13,15,16,17,19,20,21,22,23,24,25,27,28,29,31,32,33,34,36,37,38,39
K0.000,0.6368330121040344,0.04315299913287163,0.7697939872741699,0,-0.12883299589157104,0.9903510212898254,0.05106399953365326,0,-0.7601619958877563,-0.1316940039396286,0.6362469792366028,0,-0.0026920000091195107,5.307980060577393,0.02000799961388111,1,0.9980760216712952,-0.02828199975192547,-0.05516999959945679,0,0.03862199932336807,0.9797530174255371,0.19644899666309357,0,0.048496998846530914,-0.1982019990682602,0.9789609909057617,0,0,0.6693810224533081,0.005446000024676323,1,0.9925029873847961,-0.06485400348901749,-0.10359899699687958,0,0.07514700293540955,0.9922710061073303,0.09875199943780899,0,0.09639299660921097,-0.10579700022935867,0.9897050261497498,0,0,0.7809709906578064,0,1,0.9925029873847961,-0.06481300294399261,-0.10362300276756287,0,0.05371199920773506,0.9928560256958008,-0.10654699802398682,0,0.10978899896144867,0.10018199682235718,0.9888929724693298,0,0,0.892536997795105,0,1,0.9866660237312317,0.0006290000164881349,-0.1627569943666458,0,0.00457100011408329,0.9994909763336182,0.031571999192237854,0,0.16269400715827942,-0.031895000487565994,0.9861609935760498,0,0,1.0041040182113647,0,1,0.9176589846611023,-0.08968199789524078,-0.3871159851551056,0,0.05650100111961365,0.9937490224838257,-0.09628300368785858,0,0.39333099126815796,0.06648200005292892,0.9169899821281433,0,0,0.3477950096130371,0.09205599874258041,1,0.28013500571250916,-0.031163999810814857,-0.9594550132751465,0,0.938834011554718,-0.1996379941701889,0.2805989980697632,0,-0.20028799772262573,-0.9793739914894104,-0.026667999103665352,0,0.6085759997367859,0.891510009765625,0.0005099999834783375,1,0.9813939929008484,-0.00394799979403615,0.1919659972190857,0,-0.11071400344371796,0.8052089810371399,0.5825639963150024,0,-0.15687300264835358,-0.5929780006408691,0.7897899746894836,0,0,1.250412940979004,0,1,0.8303549885749817,0.43741700053215027,0.34522101283073425,0,-0.4922980070114136,0.866096019744873,0.08671899884939194,0,-0.26106199622154236,-0.24196000397205353,0.9345059990882874,0,0,1.66116201877594,0,1,-0.32559698820114136,-0.12698200345039368,-0.936942994594574,0,-0.04447599872946739,0.9919009804725647,-0.11897499859333038,0,0.9444620013237,0.002933999989181757,-0.3286069929599762,0,0,1.604138970375061,0,1,0.7150449752807617,0.45247599482536316,-0.5328940153121948,0,-0.6790419816970825,0.6307380199432373,-0.37559500336647034,0,0.16616900265216827,0.630424976348877,0.7582560181617737,0,-0.12838299572467804,0.2712920010089874,0,1,0.5734530091285706,-0.8134769797325134,0.09699299931526184,0,0.790132999420166,0.5804669857025146,0.19684599339962006,0,-0.21643100678920746,-0.03624499961733818,0.9756249785423279,0,0.11158200353384018,0.2126069962978363,0,1,0.9809880256652832,0.12675200402736664,-0.14696000516414642,0,-0.11156000196933746,0.9879369735717773,0.10740099847316742,0,0.15880100429058075,-0.08896400034427643,0.9832940101623535,0,-0.06424199789762497,0.09798099845647812,0,1,0.9966380000114441,-0.07848499715328217,0.02353299967944622,0,0.08043500036001205,0.9918829798698425,-0.09847600013017654,0,-0.01561299990862608,0.10003799945116043,0.9948610067367554,0,0,0.5299440026283264,-0.0016499999910593033,1,0.9756140112876892,0.21936100721359253,0.007670999970287085,0,-0.2190680056810379,0.9753000140190125,-0.028279000893235207,0,-0.013685000129044056,0.025908999145030975,0.9995710253715515,0,-0.015150000341236591,0.292618989944458,0,1,0.9997010231018066,-0.014674000442028046,-0.01956300064921379,0,0.01375299971550703,0.9988269805908203,-0.04642200097441673,0,0.020221000537276268,0.04613900184631348,0.9987300038337708,0,0.017385000362992287,0.18501800298690796,0,1,0.41481301188468933,0.07980100065469742,0.9064009785652161,0,-0.89444500207901,-0.1470939964056015,0.42229199409484863,0,0.16702499985694885,-0.9858980178833008,0.010360999964177608,0,-0.6085759997367859,0.8915169835090637,0.001322000054642558,1,0.8180220127105713,0.575186014175415,-0.0011419999646022916,0,-0.39543500542640686,0.563821017742157,0.7250769734382629,0,0.4176979959011078,-0.5926769971847534,0.6886669993400574,0,0,1.250412940979004,0,1,0.661532998085022,-0.7074339985847473,-0.24882200360298157,0,0.7415350079536438,0.666549026966095,0.07640200108289719,0,0.11180300265550613,-0.23505200445652008,0.9655309915542603,0,0,1.6609469652175903,0,1,0.07790900021791458,-0.20532000064849854,0.9755889773368835,0,0.5718079805374146,0.8108119964599609,0.12497799843549728,0,-0.8166800141334534,0.5481119751930237,0.1805730015039444,0,0,1.6039559841156006,0,1,0.4455510079860687,-0.15437699854373932,0.881846010684967,0,0.686398983001709,0.6912879943847656,-0.22578400373458862,0,-0.5747529864311218,0.7058960199356079,0.4139679968357086,0,0.1277180016040802,0.2731199860572815,0,1,0.8600389957427979,0.49513599276542664,-0.12318199872970581,0,-0.4483889937400818,0.8486499786376953,0.28060799837112427,0,0.243477001786232,-0.18610000610351562,0.9518849849700928,0,-0.0204709991812706,0.24033500254154205,0,1,-0.0398700013756752,-0.18986199796199799,-0.9810010194778442,0,0.3925580084323883,0.8998640179634094,-0.19011299312114716,0,0.9188629984855652,-0.39267998933792114,0.03865500167012215,0,0.051256999373435974,0.10993800312280655,0,1,0.8039839863777161,-0.581134021282196,0.12606699764728546,0,0.5799790024757385,0.8131260275840759,0.04950600117444992,0,-0.13127799332141876,0.03331499919295311,0.9907860159873962,0,0,0.48048698902130127,-0.004108999855816364,1,0.31894099712371826,-0.9465140104293823,-0.04887299984693527,0,0.9383040070533752,0.30806198716163635,0.15710699558258057,0,-0.13364699482917786,-0.09596599638462067,0.9863719940185547,0,0.008996999822556973,0.27602100372314453,0,1,0.41500499844551086,-0.9090949892997742,-0.03628399968147278,0,0.903016984462738,0.4067069888114929,0.13838499784469604,0,-0.11104899644851685,-0.09019500017166138,0.9897140264511108,0,-0.004995000082999468,0.2249400019645691,0,1,-0.6452080011367798,0.01670300029218197,0.7638239860534668,0,0.5948600172996521,-0.6163809895515442,0.5159609913825989,0,0.47942501306533813,0.7872710227966309,0.3877579867839813,0,0.7389219999313354,-0.3719010055065155,0.004251000005751848,1,0.9341089725494385,-0.23330000042915344,-0.27020499110221863,0,-0.06563399732112885,0.6317650079727173,-0.7723760008811951,0,0.3509010076522827,0.73921799659729,0.5748249888420105,0,0,2.992253065109253,0,1,0.9293789863586426,-0.13130000233650208,-0.3449859917163849,0,0.3592759966850281,0.5362409949302673,0.7637839913368225,0,0.0847110003232956,-0.8337900042533875,0.5455440282821655,0,0,2.672214984893799,0,1,0.9121620059013367,-0.05794300138950348,-0.4057140052318573,0,0.3170590102672577,0.7270370125770569,0.6090080142021179,0,0.25968098640441895,-0.6841490268707275,0.6815469861030579,0,0,0.5870059728622437,0,1,-0.9045310020446777,0.3495999872684479,-0.24413999915122986,0,-0.4259589910507202,-0.767100989818573,0.47970300912857056,0,-0.019576000049710274,0.5378999710083008,0.8427810072898865,0,-0.7389219999313354,-0.3719010055065155,0.017978999763727188,1,0.9920129776000977,-0.014507000334560871,0.12529699504375458,0,0.1154249981045723,0.5049660205841064,-0.8553869724273682,0,-0.05086100101470947,0.8630170226097107,0.502606987953186,0,0,2.9928359985351562,0,1,0.868943989276886,0.1499910056591034,0.47163400053977966,0,-0.475396990776062,-0.011989999562501907,0.8796899914741516,0,0.13760000467300415,-0.9886149764060974,0.06088700145483017,0,0,2.6727499961853027,0,1,0.9443519711494446,0.05445399880409241,0.324398010969162,0,-0.2601589858531952,0.7271350026130676,0.6352890133857727,0,-0.20128700137138367,-0.6843309998512268,0.700838029384613,0,0,0.5812519788742065,0,1
K0.033,0.620597779750824,0.046837031841278076,0.7827292084693909,0,-0.1275109499692917,0.9909560084342957,0.041802868247032166,0,-0.77369225025177,-0.1257489025592804,0.6209567785263062,0,-0.0024550326634198427,5.312961101531982,0.013546883128583431,1,0.9981139898300171,-0.028275001794099808,-0.054481957107782364,0,0.03844199329614639,0.9799069762229919,0.195715993642807,0,0.04785295948386192,-0.1974409967660904,0.9791460037231445,0,0,0.6693810224533081,0.005446000024676323,1,0.9926819801330566,-0.06423599272966385,-0.10225191712379456,0,0.0742429867386818,0.992484986782074,0.097275011241436,0,0.09523491561412811,-0.10415400564670563,0.9899910092353821,0,0,0.7809709906578064,0,1,0.9926819801330566,-0.06419599056243896,-0.10227791965007782,0,0.05306600034236908,0.9927279949188232,-0.10805198550224304,0,0.10846991091966629,0.10183399170637131,0.9888700246810913,0,0,0.892536997795105,0,1,0.9848649501800537,-0.0023559569381177425,-0.17330721020698547,0,0.008884988725185394,0.9992790222167969,0.03690812364220619,0,0.1730952113866806,-0.03789011389017105,0.9841759204864502,0,0,1.0041040182113647,0,1,0.9167659878730774,-0.09600920975208282,-0.38771501183509827,0,0.06176216900348663,0.9930809736251831,-0.09987613558769226,0,0.3946210443973541,0.06761705130338669,0.9163529872894287,0,0,0.3477950096130371,0.09205599874258041,1,0.24296866357326508,-0.030422987416386604,-0.9695570468902588,0,0.9449940323829651,-0.2182091921567917,0.24365966022014618,0,-0.21897919476032257,-0.9754279255867004,-0.024268977344036102,0,0.6085759997367859,0.891510009765625,0.0005099999834783375,1,0.9834110140800476,-0.013257105834782124,0.18090687692165375,0,-0.0932508036494255,0.8184951543807983,0.5668948292732239,0,-0.15558698773384094,-0.5743597745895386,0.8036811947822571,0,0,1.250412940979004,0,1,0.8332049250602722,0.45295828580856323,0.3171726167201996,0,-0.5006322264671326,0.861491858959198,0.08484295010566711,0,-0.23481164872646332,-0.22947782278060913,0.9445651173591614,0,0,1.66116201877594,0,1,-0.32107794284820557,-0.14381028711795807,-0.9360699653625488,0,-0.05204718932509422,0.9895889163017273,-0.1341792196035385,0,0.9456210136413574,0.005638109054416418,-0.325219988822937,0,0,1.604138970375061,0,1,0.7150449752807617,0.45247599482536316,-0.5328940153121948,0,-0.6790419816970825,0.6307380199432373,-0.37559399008750916,0,0.16616900265216827,0.6304240226745605,0.7582569718360901,0,-0.12838299572467804,0.2712920010089874,0,1,0.5738919973373413,-0.8132320046424866,0.09644898772239685,0,0.7896190285682678,0.5807279944419861,0.19813603162765503,0,-0.2171410173177719,-0.03755003586411476,0.975417971611023,0,0.11158200353384018,0.2126069962978363,0,1,0.9808470010757446,0.12727901339530945,-0.1474440097808838,0,-0.11181800812482834,0.9877529740333557,0.10881603509187698,0,0.15948902070522308,-0.09024503827095032,0.9830660223960876,0,-0.06424199789762497,0.09798099845647812,0,1,0.9973520040512085,-0.06906574964523315,0.022756975144147873,0,0.07104074954986572,0.992235004901886,-0.10209009796380997,0,-0.015528998337686062,0.10343709588050842,0.9945150017738342,0,0,0.5299440026283264,-0.0016499999910593033,1,0.9734889268875122,0.22862525284290314,0.007076981943100691,0,-0.22829824686050415,0.9730769395828247,-0.03163409233093262,0,-0.014119013212621212,0.029180090874433517,0.9994739890098572,0,-0.015150000341236591,0.292618989944458,0,1,0.9997889995574951,-0.0052397423423826694,-0.019849009811878204,0,0.004245740827172995,0.998753011226654,-0.04975109174847603,0,0.020084993913769722,0.04965709522366524,0.9985640048980713,0,0.017385000362992287,0.18501800298690796,0,1,0.38583359122276306,0.08422807604074478,0.9187151789665222,0,-0.905311107635498,-0.157144233584404,0.39461061358451843,0,0.17760823667049408,-0.9839769601821899,0.015622061677277088,0,-0.6085759997367859,0.8915169835090637,0.001322000054642558,1,0.811617910861969,0.580377995967865,0.06662251800298691,0,-0.43830549716949463,0.529572069644928,0.7262516617774963,0,0.38621851801872253,-0.6186399459838867,0.6841933131217957,0,0,1.250412940979004,0,1,0.5933986306190491,-0.7695042490959167,-0.23609812557697296,0,0.8009902834892273,0.5934445858001709,0.07898610085248947,0,0.07933087646961212,-0.23598219454288483,0.9685139656066895,0,0,1.6609469652175903,0,1,0.11567306518554688,-0.09778940677642822,0.9884620308876038,0,0.45199403166770935,0.8913224339485168,0.03528456389904022,0,-0.8844894170761108,0.44269710779190063,0.1473018079996109,0,0,1.6039559841156006,0,1,0.4455510079860687,-0.1543779969215393,0.881846010684967,0,0.686398983001709,0.6912869811058044,-0.22578400373458862,0,-0.5747529864311218,0.7058960199356079,0.4139690101146698,0,0.1277180016040802,0.2731199860572815,0,1,0.8600389957427979,0.49513599276542664,-0.12318199872970581,0,-0.448388010263443,0.8486499786376953,0.28060799837112427,0,0.243477001786232,-0.18610000610351562,0.9518849849700928,0,-0.0204709991812706,0.24033500254154205,0,1,-0.039868999272584915,-0.18986199796199799,-0.9810010194778442,0,0.3925580084323883,0.8998640179634094,-0.19011199474334717,0,0.9188629984855652,-0.39267900586128235,0.03865500167012215,0,0.051256999373435974,0.10993800312280655,0,1,0.8039839863777161,-0.581134021282196,0.12606699764728546,0,0.5799790024757385,0.8131260275840759,0.049504999071359634,0,-0.13127799332141876,0.03331499919295311,0.9907860159873962,0,0,0.48048698902130127,-0.004108999855816364,1,0.31894001364707947,-0.9465140104293823,-0.04887399822473526,0,0.9383050203323364,0.30806100368499756,0.15710699558258057,0,-0.13364799320697784,-0.09596599638462067,0.9863719940185547,0,0.008996999822556973,0.27602100372314453,0,1,0.41500499844551086,-0.9090949892997742,-0.03628300130367279,0,0.903016984462738,0.4067069888114929,0.13838499784469604,0,-0.11104899644851685,-0.09019400179386139,0.9897140264511108,0,-0.004995000082999468,0.2249400019645691,0,1,-0.6425139307975769,0.007479832507669926,0.7662380337715149,0,0.593612015247345,-0.6274741888046265,0.5038867592811584,0,0.48456308245658875,0.778601884841919,0.3987201750278473,0,0.7389219999313354,-0.3719010055065155,0.004251000005751848,1,0.9398500323295593,-0.21542073786258698,-0.26509493589401245,0,-0.07119307667016983,0.6354920864105225,-0.7688179612159729,0,0.33408474922180176,0.7414469718933105,0.5819311141967773,0,0,2.992253065109253,0,1,0.9269729256629944,-0.14205317199230194,-0.3471910357475281,0,0.3675591051578522,0.5289208889007568,0.7649459838867188,0,0.07497384399175644,-0.8366979956626892,0.5425090193748474,0,0,2.672214984893799,0,1,0.9148510694503784,-0.059375014156103134,-0.399402916431427,0,0.3137299418449402,0.727226972579956,0.6105030179023743,0,0.25420790910720825,-0.6838240027427673,0.6839320659637451,0,0,0.5870059728622437,0,1,-0.9031620025634766,0.3533070385456085,-0.24386900663375854,0,-0.42905503511428833,-0.7620449662208557,0.48497307300567627,0,-0.014493951573967934,0.5426420569419861,0.8398389220237732,0,-0.7389219999313354,-0.3719010055065155,0.017978999763727188,1,0.991346001625061,-0.003829833585768938,0.13122308254241943,0,0.11521399021148682,0.5045099854469299,-0.8556839823722839,0,-0.06292619556188583,0.8633970022201538,0.5005850195884705,0,0,2.9928359985351562,0,1,0.8681240081787109,0.14085285365581512,0.47594305872917175,0,-0.480289101600647,-0.0035578422248363495,0.8771029114723206,0,0.12523579597473145,-0.9900239706039429,0.06456207484006882,0,0,2.6727499961853027,0,1,0.9443519711494446,0.05445399880409241,0.3243989944458008,0,-0.26015999913215637,0.7271350026130676,0.6352880001068115,0,-0.20128799974918365,-0.6843309998512268,0.700838029384613,0,0,0.5812519788742065,0,1
K0.067,0.5942502617835999,0.05023496598005295,0.8027098178863525,0,-0.12267404794692993,0.9920309782028198,0.028733130544424057,0,-0.7948687672615051,-0.11554610729217529,0.5956772565841675,0,-0.005721967201679945,5.326137065887451,0.0019471152918413281,1,0.9983360171318054,-0.028407998383045197,-0.050191041082143784,0,0.03775200620293617,0.9798070192337036,0.19634699821472168,0,0.043600041419267654,-0.1979150027036667,0.9792490005493164,0,0,0.6693810224533081,0.005446000024676323,1,0.9935809969902039,-0.0632300078868866,-0.09380408376455307,0,0.07248001545667648,0.9924709796905518,0.09873098880052567,0,0.08685508370399475,-0.10489599406719208,0.9906830191612244,0,0,0.7809709906578064,0,1,0.9935809969902039,-0.06319300830364227,-0.09382808208465576,0,0.05306499823927879,0.9928669929504395,-0.10676901787519455,0,0.0999060794711113,0.1011040061712265,0.9898470044136047,0,0,0.892536997795105,0,1,0.9808740615844727,0.0019379572477191687,-0.19463379681110382,0,0.0077560110948979855,0.9987670183181763,0.04902888089418411,0,0.1944887936115265,-0.049600884318351746,0.97965008020401,0,0,1.0041040182113647,0,1,0.9141219854354858,-0.1168207898736,-0.38824400305747986,0,0.07852383702993393,0.9904710054397583,-0.11314186453819275,0,0.3977619707584381,0.07293994724750519,0.9145849943161011,0,0,0.3477950096130371,0.09205599874258041,1,0.20882034301757812,-0.02919001318514347,-0.9775179624557495,0,0.9483619332313538,-0.2379848062992096,0.20969834923744202,0,-0.23875580728054047,-0.9708300828933716,-0.022013021633028984,0,0.6085759997367859,0.891510009765625,0.0005099999834783375,1,0.98540198802948,-0.023826895281672478,0.16856712102890015,0,-0.07353119552135468,0.8334648609161377,0.5476582050323486,0,-0.15354400873184204,-0.552058219909668,0.8195458054542542,0,0,1.250412940979004,0,1,0.8296820521354675,0.48321470618247986,0.2795203924179077,0,-0.5216227769851685,0.8494301438331604,0.07986605167388916,0,-0.19884036481380463,-0.21206818521022797,0.956812858581543,0,0,1.66116201877594,0,1,-0.316351056098938,-0.17146773636341095,-0.9330170750617981,0,-0.07093881070613861,0.9850510358810425,-0.15697777271270752,0,0.9459859728813171,0.016527891159057617,-0.3237859904766083,0,0,1.604138970375061,0,1,0.7150449752807617,0.45247599482536316,-0.5328940153121948,0,-0.6790419816970825,0.6307380199432373,-0.37559399008750916,0,0.16616900265216827,0.6304240226745605,0.7582560181617737,0,-0.12838299572467804,0.2712920010089874,0,1,0.5750880241394043,-0.8125600218772888,0.09496701508760452,0,0.7882120013237,0.5814250111579895,0.20165997743606567,0,-0.21907798945903778,-0.04111796244978905,0.9748409986495972,0,0.11158200353384018,0.2126069962978363,0,1,0.9804589748382568,0.12872198224067688,-0.14876198768615723,0,-0.11251599341630936,0.9872410297393799,0.11267796158790588,0,0.1613679826259613,-0.09373795986175537,0.9824320077896118,0,-0.06424199789762497,0.09798099845647812,0,1,0.9988499879837036,-0.04338625818490982,0.020386023446917534,0,0.04540425166487694,0.992671012878418,-0.11199190467596054,0,-0.015377001836895943,0.11278890818357468,0.9934999942779541,0,0,0.5299440026283264,-0.0016499999910593033,1,0.9672590494155884,0.25373575091362,0.00526201818138361,0,-0.25331875681877136,0.9665180444717407,-0.040900908410549164,0,-0.015463987365365028,0.03822891041636467,0.9991490244865417,0,-0.015150000341236591,0.292618989944458,0,1,0.9995750188827515,0.020477745682001114,-0.02076099067926407,0,-0.02166874334216118,0.9980300068855286,-0.05887991189956665,0,0.01951400563120842,0.05930490419268608,0.9980490207672119,0,0.017385000362992287,0.18501800298690796,0,1,0.3435054123401642,0.09131593257188797,0.9347008466720581,0,-0.9173458814620972,-0.1805957555770874,0.35477137565612793,0,0.2011997550725937,-0.97930908203125,0.021732939407229424,0,-0.6085759997367859,0.8915169835090637,0.001322000054642558,1,0.8043680787086487,0.5821620225906372,0.11865648627281189,0,-0.48917949199676514,0.5355939269065857,0.6883623600006104,0,0.3371864855289459,-0.6117410659790039,0.7155957221984863,0,0,1.250412940979004,0,1,0.5569653511047363,-0.7926297783851624,-0.2480458766222,0,0.8278567790985107,0.553801417350769,0.08920789510011673,0,0.06665913015604019,-0.25503280758857727,0.9646320343017578,0,0,1.6609469652175903,0,1,0.12262193113565445,-0.03787059709429741,0.9917309284210205,0,0.35583195090293884,0.9345125555992126,-0.008311566896736622,0,-0.9264705777168274,0.353908896446228,0.12806719541549683,0,0,1.6039559841156006,0,1,0.4455510079860687,-0.15437699854373932,0.881846010684967,0,0.686398983001709,0.6912879943847656,-0.22578400373458862,0,-0.5747529864311218,0.7058960199356079,0.4139679968357086,0,0.1277180016040802,0.2731199860572815,0,1,0.8600389957427979,0.49513599276542664,-0.12318199872970581,0,-0.448388010263443,0.8486499786376953,0.28060799837112427,0,0.24347800016403198,-0.1861010044813156,0.9518849849700928,0,-0.0204709991812706,0.24033500254154205,0,1,-0.039868999272584915,-0.18986199796199799,-0.9810010194778442,0,0.3925580084323883,0.8998640179634094,-0.19011299312114716,0,0.9188629984855652,-0.39267998933792114,0.03865500167012215,0,0.051256999373435974,0.10993800312280655,0,1,0.8039839863777161,-0.581134021282196,0.12606799602508545,0,0.5799790024757385,0.8131260275840759,0.049504999071359634,0,-0.13127799332141876,0.03331499919295311,0.9907860159873962,0,0,0.48048698902130127,-0.004108999855816364,1,0.31894001364707947,-0.9465140104293823,-0.04887299984693527,0,0.9383050203323364,0.30806198716163635,0.15710599720478058,0,-0.13364699482917786,-0.09596599638462067,0.9863719940185547,0,0.008996999822556973,0.27602100372314453,0,1,0.41500499844551086,-0.9090949892997742,-0.03628300130367279,0,0.903016984462738,0.4067069888114929,0.13838499784469604,0,-0.11104899644851685,-0.09019500017166138,0.9897140264511108,0,-0.004995000082999468,0.2249400019645691,0,1,-0.6353890299797058,-0.009288833476603031,0.7721359133720398,0,0.5937010049819946,-0.645257830619812,0.48079222440719604,0,0.4937609136104584,0.7639081478118896,0.4155048131942749,0,0.7389219999313354,-0.3719010055065155,0.004251000005751848,1,0.9473249316215515,-0.18932625651359558,-0.2583220601081848,0,-0.07862292230129242,0.6444129347801208,-0.7606250643730164,0,0.3104722499847412,0.7408699989318848,0.595582902431488,0,0,2.992253065109253,0,1,0.9231160879135132,-0.15949082374572754,-0.3498839735984802,0,0.3798578679561615,0.5195150971412659,0.7653830051422119,0,0.05969815328717232,-0.8394439816474915,0.5401570200920105,0,0,2.672214984893799,0,1,0.918895959854126,-0.06103198602795601,-0.38975009322166443,0,0.3082520663738251,0.7276279926300049,0.6128110289573669,0,0.246192067861557,-0.6832510232925415,0.6874279379844666,0,0,0.5870059728622437,0,1,-0.9023770093917847,0.35562798380851746,-0.24340300261974335,0,-0.4308399558067322,-0.7570880651473999,0.49111494421958923,0,-0.009623048827052116,0.5480389595031738,0.8363980650901794,0,-0.7389219999313354,-0.3719010055065155,0.017978999763727188,1,0.990011990070343,0.012808834202587605,0.14040091633796692,0,0.11459000408649445,0.5070459842681885,-0.8542680144309998,0,-0.08213180303573608,0.8618239760398865,0.5005130171775818,0,0,2.9928359985351562,0,1,0.8666239976882935,0.1260051429271698,0.48278895020484924,0,-0.48798590898513794,0.012209843844175339,0.8727660775184631,0,0.10407821089029312,-0.9919549822807312,0.0720699280500412,0,0,2.6727499961853027,0,1,0.9443519711494446,0.05445399880409241,0.3243989944458008,0,-0.26015999913215637,0.7271350026130676,0.6352890133857727,0,-0.20128700137138367,-0.684332013130188,0.700838029384613,0,0,0.5812519788742065,0,1
K0.100,0.558193027973175,0.0489250011742115,0.8282679915428162,0,-0.11481200158596039,0.9932109713554382,0.018706999719142914,0,-0.8217290043830872,-0.10553699731826782,0.5600200295448303,0,-0.01385200023651123,5.345674991607666,-0.015272999182343483,1,0.998714029788971,-0.02871200069785118,-0.041795000433921814,0,0.0364300012588501,0.979619026184082,0.19753499329090118,0,0.03527100011706352,-0.19880299270153046,0.9794049859046936,0,0,0.6693810224533081,0.005446000024676323,1,0.9951300024986267,-0.061184998601675034,-0.07728300243616104,0,0.06890200078487396,0.9924479722976685,0.10148599743843079,0,0.07049000263214111,-0.10631699860095978,0.9918310046195984,0,0,0.7809709906578064,0,1,0.9951300024986267,-0.06115499883890152,-0.07730700075626373,0,0.052928999066352844,0.9931359887123108,-0.10430800169706345,0,0.08315499871969223,0.09970799833536148,0.991536021232605,0,0,0.892536997795105,0,1,0.974111020565033,0.012627999298274517,-0.22571800649166107,0,0.0008510003099218011,0.9982270002365112,0.05951699987053871,0,0.22606900334358215,-0.05816800147294998,0.9723730087280273,0,0,1.0041040182113647,0,1,0.9080389738082886,-0.14851799607276917,-0.3916729986667633,0,0.10635499656200409,0.9861379861831665,-0.12736299633979797,0,0.40515899658203125,0.07399400323629379,0.9112470149993896,0,0,0.3477950096130371,0.09205599874258041,1,0.17480799555778503,-0.026309000328183174,-0.9842510223388672,0,0.9500300288200378,-0.25806498527526855,0.17562800645828247,0,-0.2586219906806946,-0.9657689929008484,-0.020117999985814095,0,0.6085759997367859,0.891510009765625,0.0005099999834783375,1,0.986270010471344,-0.03791800141334534,0.1607310026884079,0,-0.052932001650333405,0.8493509888648987,0.5251680016517639,0,-0.15643000602722168,-0.5264649987220764,0.8356819748878479,0,0,1.250412940979004,0,1,0.8206959962844849,0.5208960175514221,0.2347860038280487,0,-0.5492129921913147,0.8325080275535583,0.07277599722146988,0,-0.15755200386047363,-0.18867400288581848,0.9693189859390259,0,0,1.66116201877594,0,1,-0.31109899282455444,-0.20585200190544128,-0.9278159737586975,0,-0.09506700187921524,0.9781039953231812,-0.18513299524784088,0,0.9456110000610352,0.03061000071465969,-0.32385700941085815,0,0,1.604138970375061,0,1,0.7150449752807617,0.45247599482536316,-0.5328940153121948,0,-0.6790419816970825,0.6307380199432373,-0.37559399008750916,0,0.16616900265216827,0.6304240226745605,0.7582560181617737,0,-0.12838299572467804,0.2712920010089874,0,1,0.576865017414093,-0.8115540146827698,0.09277600049972534,0,0.786109983921051,0.5824310183525085,0.20689299702644348,0,-0.22193999588489532,-0.0464170016348362,0.973954975605011,0,0.11158200353384018,0.2126069962978363,0,1,0.9798780083656311,0.13086800277233124,-0.15070900321006775,0,-0.11353400349617004,0.9864529967308044,0.11840999871492386,0,0.1641640067100525,-0.09891699999570847,0.9814609885215759,0,-0.06424199789762497,0.09798099845647812,0,1,0.9998530149459839,-0.0053020017221570015,0.016307000070810318,0,0.007325001992285252,0.9919220209121704,-0.12664100527763367,0,-0.015503999777138233,0.12674200534820557,0.9918149709701538,0,0,0.5299440026283264,-0.0016499999910593033,1,0.9568229913711548,0.2906630039215088,0.0021190003026276827,0,-0.290120005607605,0.9554340243339539,-0.05455499887466431,0,-0.0178810004144907,0.05158500000834465,0.9985089898109436,0,-0.015150000341236591,0.292618989944458,0,1,0.9980250000953674,0.05860599875450134,-0.022592000663280487,0,-0.060100000351667404,0.9955660104751587,-0.07236599922180176,0,0.018250999972224236,0.07358100265264511,0.9971219897270203,0,0.017385000362992287,0.18501800298690796,0,1,0.2756139934062958,0.10050199925899506,0.9559999704360962,0,-0.930757999420166,-0.2206750065088272,0.29153499007225037,0,0.24026499688625336,-0.9701560139656067,0.032722000032663345,0,-0.6085759997367859,0.8915169835090637,0.001322000054642558,1,0.8190990090370178,0.5572980046272278,0.13600100576877594,0,-0.5145390033721924,0.608925998210907,0.6037039756774902,0,0.2536279857158661,-0.5644720196723938,0.7855219841003418,0,0,1.250412940979004,0,1,0.5590839982032776,-0.7761020064353943,-0.2917029857635498,0,0.8262670040130615,0.550661027431488,0.11855699867010117,0,0.06861700117588043,-0.30730700492858887,0.9491329789161682,0,0,1.6609469652175903,0,1,0.11255300045013428,-0.006645001471042633,0.9936239719390869,0,0.2774040102958679,0.96042799949646,-0.02500000037252903,0,-0.9541379809379578,0.27844899892807007,0.1099419966340065,0,0,1.6039559841156006,0,1,0.4455510079860687,-0.15437699854373932,0.881846010684967,0,0.686398983001709,0.6912869811058044,-0.22578400373458862,0,-0.5747529864311218,0.7058960199356079,0.4139679968357086,0,0.1277180016040802,0.2731199860572815,0,1,0.8600389957427979,0.49513599276542664,-0.12318199872970581,0,-0.4483889937400818,0.8486499786376953,0.28060799837112427,0,0.243477001786232,-0.1861010044813156,0.9518849849700928,0,-0.0204709991812706,0.24033500254154205,0,1,-0.039868999272584915,-0.18986199796199799,-0.9810010194778442,0,0.3925580084323883,0.8998640179634094,-0.19011299312114716,0,0.9188629984855652,-0.39267998933792114,0.03865500167012215,0,0.051256999373435974,0.10993800312280655,0,1,0.8039839863777161,-0.581134021282196,0.12606799602508545,0,0.5799790024757385,0.8131260275840759,0.049504999071359634,0,-0.13127799332141876,0.03331499919295311,0.9907860159873962,0,0,0.48048698902130127,-0.004108999855816364,1,0.31894099712371826,-0.9465140104293823,-0.04887399822473526,0,0.9383040070533752,0.30806300044059753,0.15710599720478058,0,-0.13364699482917786,-0.09596599638462067,0.9863719940185547,0,0.008996999822556973,0.27602100372314453,0,1,0.41500499844551086,-0.9090949892997742,-0.03628300130367279,0,0.903016984462738,0.4067069888114929,0.13838599622249603,0,-0.11104899644851685,-0.09019500017166138,0.9897140264511108,0,-0.004995000082999468,0.2249400019645691,0,1,-0.6284509897232056,-0.03235200047492981,0.777176022529602,0,0.594959020614624,-0.6636109948158264,0.45347899198532104,0,0.5010719895362854,0.7473779916763306,0.4362950026988983,0,0.7389219999313354,-0.3719010055065155,0.004251000005751848,1,0.9574660062789917,-0.14665299654006958,-0.24849799275398254,0,-0.09362900257110596,0.6567050218582153,-0.7483130097389221,0,0.2729319930076599,0.7397509813308716,0.615041971206665,0,0,2.992253065109253,0,1,0.9162780046463013,-0.18784600496292114,-0.35376301407814026,0,0.39900198578834534,0.5054410099983215,0.7650660276412964,0,0.03509199991822243,-0.842166006565094,0.5380759835243225,0,0,2.672214984893799,0,1,0.9236090183258057,-0.061044998466968536,-0.37844300270080566,0,0.30039700865745544,0.7285469770431519,0.6156150102615356,0,0.2381329983472824,-0.6822710037231445,0.6912299990653992,0,0,0.5870059728622437,0,1,-0.9046710133552551,0.35051798820495605,-0.24229499697685242,0,-0.42605501413345337,-0.7532709836959839,0.5010589957237244,0,-0.006883000023663044,0.5565249919891357,0.8308029770851135,0,-0.7389219999313354,-0.3719010055065155,0.017978999763727188,1,0.9877930283546448,0.033636998385190964,0.15209800004959106,0,0.11354400217533112,0.5129879713058472,-0.8508530259132385,0,-0.10664500296115875,0.8577359914779663,0.5029069781303406,0,0,2.9928359985351562,0,1,0.8642439842224121,0.10668700188398361,0.49163100123405457,0,-0.49743399024009705,0.03530900180339813,0.8667830228805542,0,0.07511500269174576,-0.9936649799346924,0.08358599990606308,0,0,2.6727499961853027,0,1,0.9443519711494446,0.05445399880409241,0.324398010969162,0,-0.2601589858531952,0.7271350026130676,0.6352880001068115,0,-0.20128700137138367,-0.6843309998512268,0.700838029384613,0,0,0.5812519788742065,0,1
