3.167,30,95,41
B0,mixamorig_Hips,-1,0.44327032566070557,0.011107303202152252,0.8962684869766235,0,-0.034346990287303925,0.999398946762085,0.004604830872267485,0,-0.8956789970397949,-0.032830480486154556,0.44338515400886536,0,0.43977323174476624,6.101001262664795,0.035838715732097626,1
B1,mixamorig_Spine,0,0.9979118704795837,0.03857416287064552,0.05176464468240738,0,-0.04798085615038872,0.9796333312988281,0.19496914744377136,0,-0.043189793825149536,-0.19704805314540863,0.9794418215751648,0,0,0.6693810224533081,0.005446000024676323,1
B2,mixamorig_Spine1,1,0.9986967444419861,-0.05063542351126671,0.004104930441826582,0,0.04997914284467697,0.9937964081764221,0.09924627840518951,0,-0.009106570854783058,-0.09892076998949051,0.9950526356697083,0,0,0.7809709906578064,0,1
B3,mixamorig_Spine2,2,0.999656081199646,-0.023841118440032005,-0.009725539945065975,0,0.02284083142876625,0.99543696641922,-0.09254558384418488,0,0.011886725202202797,0.09228290617465973,0.9956591725349426,0,0,0.892536997795105,0,1
B4,mixamorig_Neck,3,0.8336626887321472,-0.06301439553499222,-0.5484659075737,0,0.10258981585502625,0.9937798380851746,0.041444260627031326,0,0.542494535446167,-0.09076755493879318,0.834931492805481,0,0,1.0041040182113647,0,1
B5,mixamorig_Head,4,0.8801835179328918,-0.07511994987726212,-0.46841633319854736,0,0.09718602150678635,0.9949833154678345,0.02308356575667858,0,0.46434885263442993,-0.0657682940363884,0.8830986618995667,0,0,0.3477950096130371,0.09205599874258041,1
B6,mixamorig_HeadTop_End,5,1,0,0,0,0,1,0,0,0,0,1,0,0,2.42409610748291,0.6416249871253967,1
B7,mixamorig_LeftShoulder,3,-0.06683942675590515,0.005896681919693947,-0.9977349638938904,0,0.9656093716621399,-0.2513927221298218,-0.06617389619350433,0,-0.2512129545211792,-0.9678671956062317,0.011108282953500748,0,0.6085759997367859,0.891510009765625,0.0005099999834783375,1
B8,mixamorig_LeftArm,7,0.9978095293045044,0.021111276000738144,-0.06149917095899582,0,0.021999504417181015,0.7802656292915344,0.6248557567596436,0,0.061059631407260895,-0.6249308586120605,0.7782180905342102,0,0,1.250412940979004,0,1
B9,mixamorig_LeftForeArm,8,0.6100887656211853,0.7921773791313171,-0.006448461674153805,0,-0.7911056280136108,0.6096521019935608,0.04764964431524277,0,0.041688527911901474,-0.02395455352962017,0.9988425970077515,0,0,1.66116201877594,0,1
B10,mixamorig_LeftHand,9,-0.17938873171806335,-0.37625500559806824,-0.9089235663414001,0,-0.13953934609889984,0.924292266368866,-0.35507699847221375,0,0.9738261103630066,0.06316135823726654,-0.21828806400299072,0,0,1.604138970375061,0,1
B11,mixamorig_LeftHandThumb1,10,0.6975182890892029,0.4675416350364685,-0.5429893136024475,0,-0.6981229186058044,0.6141359806060791,-0.36799854040145874,0,0.16141141951084137,0.6357768177986145,0.7548049688339233,0,-0.12838299572467804,0.2712920010089874,0,1
B12,mixamorig_LeftHandThumb2,11,0.5811862349510193,-0.8094096183776855,0.08404938876628876,0,0.7821916937828064,0.5841224193572998,0.21667972207069397,0,-0.22447064518928528,-0.06019147112965584,0.9726016521453857,0,0.11158200353384018,0.2126069962978363,0,1
B13,mixamorig_LeftHandThumb3,12,0.9760466814041138,0.13956080377101898,-0.16680411994457245,0,-0.11624886095523834,0.9829851388931274,0.141973614692688,0,0.18379917740821838,-0.11916708946228027,0.9756684899330139,0,-0.06424199789762497,0.09798099845647812,0,1
B14,mixamorig_LeftHandThumb4,13,1,0,0,0,0,1,0,0,0,0,1,0,-0.04733999818563461,0.08132199943065643,0,1
B15,mixamorig_LeftHandIndex1,10,0.9987521767616272,0.03890032321214676,-0.011694305576384068,0,-0.03999539837241173,0.9923743009567261,-0.11299096047878265,0,0.007104253396391869,0.11356491595506668,0.9934827089309692,0,0,0.5299440026283264,-0.0016499999910593033,1
B16,mixamorig_LeftHandIndex2,15,0.943324089050293,0.3306584656238556,0.007053364533931017,0,-0.3295263648033142,0.9415004253387451,-0.06455555558204651,0,-0.028212862089276314,0.058512672781944275,0.9978532791137695,0,-0.015150000341236591,0.292618989944458,0,1
B17,mixamorig_LeftHandIndex3,16,0.9943923950195312,0.10070296376943588,-0.01709710992872715,0,-0.10174141079187393,0.9911068081855774,-0.08086124062538147,0,0.00858211051672697,0.082123301923275,0.9965454936027527,0,0.017385000362992287,0.18501800298690796,0,1
B18,mixamorig_LeftHandIndex4,17,1,0,0,0,0,1,0,0,0,0,1,0,-0.0022350000217556953,0.04972799867391586,0,1
B19,mixamorig_RightShoulder,3,-0.0072690933011472225,-0.15604576468467712,0.9877170324325562,0,-0.9793577790260315,-0.19839240610599518,-0.0385514572262764,0,0.20197542011737823,-0.9676200747489929,-0.15138061344623566,0,-0.6085759997367859,0.8915169835090637,0.001322000054642558,1
B20,mixamorig_RightArm,19,0.9818952083587646,-0.12027453631162643,0.14619091153144836,0,0.009369476698338985,0.8020405769348145,0.5971715450286865,0,-0.18907420337200165,-0.5849893689155579,0.7886477708816528,0,0,1.250412940979004,0,1
B21,mixamorig_RightForeArm,20,0.5514318943023682,-0.8253952264785767,0.12007299810647964,0,0.8233336210250854,0.5616530776023865,0.07989604026079178,0,-0.13331885635852814,0.054739341139793396,0.9895254373550415,0,0,1.6609469652175903,0,1
B22,mixamorig_RightHand,21,0.6920265555381775,0.3050701320171356,0.654080331325531,0,-0.27911052107810974,0.9488767385482788,-0.1472240686416626,0,-0.6656044125556946,-0.08059211075305939,0.7418307662010193,0,0,1.6039559841156006,0,1
B23,mixamorig_RightHandThumb1,22,0.44554999470710754,-0.15437734127044678,0.881846010684967,0,0.6863996386528015,0.6912869811058044,-0.22578366100788116,0,-0.5747529864311218,0.7058966159820557,0.4139679968357086,0,0.1277180016040802,0.2731199860572815,0,1
B24,mixamorig_RightHandThumb2,23,0.8600386381149292,0.4951363503932953,-0.12318199872970581,0,-0.44838833808898926,0.8486499786376953,0.28060799837112427,0,0.24347734451293945,-0.18610066175460815,0.9518849849700928,0,-0.0204709991812706,0.24033500254154205,0,1
B25,mixamorig_RightHandThumb3,24,-0.039869654923677444,-0.18986134231090546,-0.9810010194778442,0,0.3925573527812958,0.8998646140098572,-0.19011299312114716,0,0.9188629984855652,-0.3926783502101898,0.03865434601902962,0,0.051256999373435974,0.10993800312280655,0,1
B26,mixamorig_RightHandThumb4,25,1,0,0,0,0,1,0,0,0,0,1,0,-0.030786000192165375,0.028905000537633896,0,1
B27,mixamorig_RightHandIndex1,22,0.8039836287498474,-0.5811349749565125,0.12606799602508545,0,0.5799800157546997,0.8131250143051147,0.04950600117444992,0,-0.1312786489725113,0.03331499919295311,0.9907860159873962,0,0,0.48048698902130127,-0.004108999855816364,1
B28,mixamorig_RightHandIndex2,27,0.31894099712371826,-0.9465140104293823,-0.04887334629893303,0,0.9383040070533752,0.30806300044059753,0.15710599720478058,0,-0.13364699482917786,-0.09596534818410873,0.9863719940185547,0,0.008996999822556973,0.27602100372314453,0,1
B29,mixamorig_RightHandIndex3,28,0.41500499844551086,-0.9090949892997742,-0.03628300130367279,0,0.9030159711837769,0.4067069888114929,0.13838599622249603,0,-0.1110493466258049,-0.09019500017166138,0.9897140264511108,0,-0.004995000082999468,0.2249400019645691,0,1
B30,mixamorig_RightHandIndex4,29,1,0,0,0,0,1,0,0,0,0,1,0,-0.004002000205218792,0.04530499875545502,0,1
B31,mixamorig_LeftUpLeg,0,-0.982097327709198,0.005738368723541498,0.18801936507225037,0,0.026215404272079468,-0.9855572581291199,0.1670125424861908,0,0.1862810254096985,0.1689884066581726,0.967851996421814,0,0.7389219999313354,-0.3719010055065155,0.004251000005751848,1
B32,mixamorig_LeftLeg,31,0.9990525245666504,0.043083034455776215,0.002620389685034752,0,-0.03289194032549858,0.7990846633911133,-0.6003052592277527,0,-0.02795110084116459,0.599646806716919,0.7997639775276184,0,0,2.992253065109253,0,1
B33,mixamorig_LeftFoot,32,0.9329178333282471,0.0924895703792572,-0.34777408838272095,0,0.3286944627761841,0.17434726655483246,0.9281893968582153,0,0.14649148285388947,-0.9802475571632385,0.1323079764842987,0,0,2.672214984893799,0,1
B34,mixamorig_LeftToeBase,33,0.8587552309036255,-0.24669721722602844,-0.44908449053764343,0,0.46704113483428955,0.7373389005661011,0.4880560040473938,0,0.21072517335414886,-0.6288617849349976,0.7484126687049866,0,0,0.5870059728622437,0,1
B35,mixamorig_LeftToe_End,34,1,0,0,0,0,1,0,0,0,0,1,0,0,0.32993900775909424,0,1
B36,mixamorig_RightUpLeg,0,-0.9409393072128296,0.2979036271572113,-0.16070513427257538,0,-0.33732834458351135,-0.865466296672821,0.36992353200912476,0,-0.02893752045929432,0.4022868573665619,0.914849042892456,0,-0.7389219999313354,-0.3719010055065155,0.017978999763727188,1
B37,mixamorig_RightLeg,36,0.9851402044296265,-0.02410438470542431,0.16972728073596954,0,0.09688367694616318,0.8940545916557312,-0.4367634654045105,0,-0.14123447239398956,0.4467247724533081,0.8830986618995667,0,0,2.9928359985351562,0,1
B38,mixamorig_RightFoot,37,0.8410343527793884,0.35144683718681335,0.4105781316757202,0,-0.5403501391410828,0.5320881009101868,0.6515683531761169,0,0.010449361056089401,-0.76993328332901,0.6378439664840698,0,0,2.6727499961853027,0,1
B39,mixamorig_RightToeBase,38,0.9553208351135254,0.026434728875756264,0.2928082346916199,0,-0.23461687564849854,0.6712706685066223,0.7028160691261292,0,-0.1780538111925125,-0.740060031414032,0.6475328207015991,0,0,0.5812519788742065,0,1
B40,mixamorig_RightToe_End,39,1,0,0,0,0,1,0,0,0,0,1,0,0,0.32989999651908875,0,1
@34,0,1,2,3,4,5,7,8,9,10,11,12,13,15,16,17,19,20,21,22,23,24,25,27,28,29,31,32,33,34,36,37,38,39
K0.000,0.6368330121040344,0.04315299913287163,0.7697939872741699,0,-0.12883299589157104,0.9903510212898254,0.05106399953365326,0,-0.7601619958877563,-0.1316940039396286,0.6362469792366028,0,-0.002693000016734004,5.307981967926025,0.02000799961388111,1,0.9980760216712952,-0.02828199975192547,-0.05517100170254707,0,0.03862199932336807,0.9797530174255371,0.19644999504089355,0,0.0484980009496212,-0.19820299744606018,0.9789599776268005,0,0,0.6693810224533081,0.005446000024676323,1,0.9925029873847961,-0.06485400348901749,-0.10359899699687958,0,0.07514700293540955,0.9922710061073303,0.09875199943780899,0,0.09639299660921097,-0.10579600185155869,0.9897050261497498,0,0,0.7809709906578064,0,1,0.9925029873847961,-0.06481300294399261,-0.10362400114536285,0,0.05371199920773506,0.9928560256958008,-0.10654699802398682,0,0.10978899896144867,0.10018199682235718,0.9888929724693298,0,0,0.892536997795105,0,1,0.9866660237312317,0.0006290000164881349,-0.1627579927444458,0,0.004569999873638153,0.9994909763336182,0.03156699985265732,0,0.1626950055360794,-0.03189000114798546,0.9861609935760498,0,0,1.0041040182113647,0,1,0.9176589846611023,-0.08967900276184082,-0.3871159851551056,0,0.05649999901652336,0.9937499761581421,-0.09627900272607803,0,0.39333099126815796,0.06647899746894836,0.9169899821281433,0,0,0.3477950096130371,0.09205599874258041,1,0.2797189950942993,-0.031119000166654587,-0.9595779776573181,0,0.9389700293540955,-0.19958199560642242,0.2801840007305145,0,-0.20023299753665924,-0.9793869853019714,-0.026606999337673187,0,0.6085759997367859,0.891510009765625,0.0005099999834783375,1,0.9814029932022095,-0.0035359999164938927,0.19192400574684143,0,-0.11103799939155579,0.8051199913024902,0.5826249718666077,0,-0.15658199787139893,-0.5931010246276855,0.7897549867630005,0,0,1.250412940979004,0,1,0.8303549885749817,0.43741700053215027,0.34522101283073425,0,-0.49229899048805237,0.8660950064659119,0.08672100305557251,0,-0.26106101274490356,-0.24196100234985352,0.9345059990882874,0,0,1.66116201877594,0,1,-0.32559698820114136,-0.12698300182819366,-0.936942994594574,0,-0.04447599872946739,0.9919000267982483,-0.11897599697113037,0,0.9444620013237,0.0029329999815672636,-0.3286069929599762,0,0,1.604138970375061,0,1,0.7150449752807617,0.45247599482536316,-0.5328940153121948,0,-0.6790419816970825,0.6307380199432373,-0.37559500336647034,0,0.16616900265216827,0.630424976348877,0.7582560181617737,0,-0.12838299572467804,0.2712920010089874,0,1,0.5734530091285706,-0.813476026058197,0.09699299931526184,0,0.7901319861412048,0.5804679989814758,0.19684499502182007,0,-0.21642999351024628,-0.03624400123953819,0.9756249785423279,0,0.11158200353384018,0.2126069962978363,0,1,0.9809880256652832,0.12675100564956665,-0.14696000516414642,0,-0.11156000196933746,0.9879369735717773,0.10740099847316742,0,0.15880100429058075,-0.08896400034427643,0.9832940101623535,0,-0.06424199789762497,0.09798099845647812,0,1,0.9966380000114441,-0.07848499715328217,0.02353299967944622,0,0.08043599873781204,0.9918829798698425,-0.09847500175237656,0,-0.01561299990862608,0.10003700107336044,0.9948610067367554,0,0,0.5299440026283264,-0.0016499999910593033,1,0.975612998008728,0.21936200559139252,0.007672000210732222,0,-0.2190690040588379,0.9753000140190125,-0.028279000893235207,0,-0.013685000129044056,0.025908999145030975,0.9995710253715515,0,-0.015150000341236591,0.292618989944458,0,1,0.9997010231018066,-0.014674999751150608,-0.019562000408768654,0,0.01375299971550703,0.9988269805908203,-0.04642200097441673,0,0.020221000537276268,0.04613900184631348,0.9987300038337708,0,0.017385000362992287,0.18501800298690796,0,1,0.4142090082168579,0.07978200167417526,0.9066780209541321,0,-0.8947280049324036,-0.14709199965000153,0.42169299721717834,0,0.16700799763202667,-0.9858999848365784,0.010456999763846397,0,-0.6085759997367859,0.8915169835090637,0.001322000054642558,1,0.8184009790420532,0.5746470093727112,-0.0010450000409036875,0,-0.3951210081577301,0.564041018486023,0.7250769734382629,0,0.4172520041465759,-0.5929909944534302,0.6886669993400574,0,0,1.250412940979004,0,1,0.661532998085022,-0.7074329853057861,-0.24882100522518158,0,0.7415350079536438,0.6665499806404114,0.07640200108289719,0,0.11180300265550613,-0.23505200445652008,0.9655309915542603,0,0,1.6609469652175903,0,1,0.07790900021791458,-0.20531900227069855,0.9755889773368835,0,0.5718079805374146,0.8108119964599609,0.12497799843549728,0,-0.8166800141334534,0.5481119751930237,0.1805730015039444,0,0,1.6039559841156006,0,1,0.4455510079860687,-0.15437699854373932,0.881846010684967,0,0.6863999962806702,0.6912869811058044,-0.22578400373458862,0,-0.5747519731521606,0.7058969736099243,0.4139679968357086,0,0.1277180016040802,0.2731199860572815,0,1,0.8600389957427979,0.49513599276542664,-0.12318199872970581,0,-0.4483889937400818,0.8486499786376953,0.28060799837112427,0,0.24347800016403198,-0.1861010044813156,0.9518849849700928,0,-0.0204709991812706,0.24033500254154205,0,1,-0.0398700013756752,-0.189860999584198,-0.9810010194778442,0,0.3925589919090271,0.8998640179634094,-0.19011199474334717,0,0.918861985206604,-0.3926810026168823,0.03865500167012215,0,0.051256999373435974,0.10993800312280655,0,1,0.8039839863777161,-0.581134021282196,0.12606799602508545,0,0.5799790024757385,0.8131260275840759,0.049504999071359634,0,-0.13127799332141876,0.03331499919295311,0.9907860159873962,0,0,0.48048698902130127,-0.004108999855816364,1,0.31894099712371826,-0.9465140104293823,-0.04887299984693527,0,0.9383040070533752,0.30806300044059753,0.15710699558258057,0,-0.13364699482917786,-0.09596599638462067,0.9863719940185547,0,0.008996999822556973,0.27602100372314453,0,1,0.41500499844551086,-0.9090949892997742,-0.03628300130367279,0,0.903016984462738,0.4067069888114929,0.13838499784469604,0,-0.11104899644851685,-0.09019500017166138,0.9897140264511108,0,-0.004995000082999468,0.2249400019645691,0,1,-0.6452080011367798,0.016704000532627106,0.7638239860534668,0,0.5948590040206909,-0.6163820028305054,0.5159620046615601,0,0.47942599654197693,0.7872700095176697,0.3877579867839813,0,0.7389219999313354,-0.3719010055065155,0.004251000005751848,1,0.9341089725494385,-0.23329900205135345,-0.27020499110221863,0,-0.06563299894332886,0.631767988204956,-0.7723739743232727,0,0.3509019911289215,0.7392169833183289,0.574828028678894,0,0,2.992253065109253,0,1,0.9293789863586426,-0.13130000233650208,-0.34498700499534607,0,0.3592759966850281,0.5362430214881897,0.7637829780578613,0,0.08471199870109558,-0.8337889909744263,0.5455459952354431,0,0,2.672214984893799,0,1,0.9121639728546143,-0.05794399976730347,-0.40570899844169617,0,0.3170579969882965,0.7270330190658569,0.609013020992279,0,0.2596760094165802,-0.6841530203819275,0.6815450191497803,0,0,0.5870059728622437,0,1,-0.9045310020446777,0.3495990037918091,-0.24413999915122986,0,-0.4259580075740814,-0.7670999765396118,0.47970500588417053,0,-0.019576000049710274,0.537900984287262,0.8427810072898865,0,-0.7389219999313354,-0.3719010055065155,0.017978999763727188,1,0.9920129776000977,-0.014507999643683434,0.12529699504375458,0,0.1154249981045723,0.5049639940261841,-0.8553879857063293,0,-0.050859998911619186,0.8630189895629883,0.5026050209999084,0,0,2.9928359985351562,0,1,0.8689450025558472,0.14998799562454224,0.47163400053977966,0,-0.4753960072994232,-0.011994999833405018,0.8796899914741516,0,0.13760100305080414,-0.9886149764060974,0.06088100001215935,0,0,2.6727499961853027,0,1,0.9443519711494446,0.05445399880409241,0.3243989944458008,0,-0.26015999913215637,0.7271350026130676,0.6352890133857727,0,-0.20128700137138367,-0.6843309998512268,0.700838029384613,0,0,0.5812519788742065,0,1
K0.033,0.59649258852005,0.0368269644677639,0.8017733097076416,0,-0.1120748296380043,0.9929819703102112,0.03777086362242699,0,-0.7947552800178528,-0.11238879710435867,0.5964335799217224,0,0.002065955428406596,5.302701950073242,0.04074526205658913,1,0.998117983341217,-0.02661796659231186,-0.055250998586416245,0,0.03706597164273262,0.9795669913291931,0.19767403602600098,0,0.048861004412174225,-0.1993490308523178,0.9787099957466125,0,0,0.6693810224533081,0.005446000024676323,1,0.9923220276832581,-0.06442998349666595,-0.1055760532617569,0,0.07516700029373169,0.9920330047607422,0.10109405964612961,0,0.09822104126214981,-0.10825406759977341,0.9892590045928955,0,0,0.7809709906578064,0,1,0.9920690059661865,-0.06283897906541824,-0.10886305570602417,0,0.051498979330062866,0.993241012096405,-0.104018934071064,0,0.11466304212808609,0.0975879356265068,0.9885990023612976,0,0,0.892536997795105,0,1,0.9869610071182251,0.0023880295921117067,-0.1609429568052292,0,0.0036839765962213278,0.9992930293083191,0.03742305189371109,0,0.1609179526567459,-0.03752804920077324,0.9862539768218994,0,0,1.0041040182113647,0,1,0.9184460043907166,-0.09067106992006302,-0.3850139379501343,0,0.06055810675024986,0.99413001537323,-0.08965593576431274,0,0.3908839523792267,0.059028904885053635,0.9185450673103333,0,0,0.3477950096130371,0.09205599874258041,1,0.2610187530517578,-0.02960197813808918,-0.9648800492286682,0,0.9451040625572205,-0.19571594893932343,0.2616737484931946,0,-0.1965879499912262,-0.98021399974823,-0.023108959197998047,0,0.6085759997367859,0.891510009765625,0.0005099999834783375,1,0.984700083732605,-0.0013840640895068645,0.17425265908241272,0,-0.10143572837114334,0.8085390329360962,0.5796339511871338,0,-0.14169177412986755,-0.5884408950805664,0.7960281372070312,0,0,1.250412940979004,0,1,0.825499951839447,0.4495251476764679,0.34128788113594055,0,-0.5045531392097473,0.8587498664855957,0.08930406719446182,0,-0.25293684005737305,-0.24591805040836334,0.9357070326805115,0,0,1.66116201877594,0,1,-0.34114140272140503,-0.12508194148540497,-0.931652843952179,0,-0.04451499879360199,0.9921450018882751,-0.11690393835306168,0,0.9389567971229553,0.0015919685829430819,-0.34403038024902344,0,0,1.604138970375061,0,1,0.7097288966178894,0.45718711614608765,-0.5359700322151184,0,-0.6849521994590759,0.6256988644599915,-0.3732839524745941,0,0.16469494998455048,0.6320440769195557,0.7572289705276489,0,-0.12838299572467804,0.2712920010089874,0,1,0.5758810639381409,-0.8121969699859619,0.09325490146875381,0,0.7876269221305847,0.5817640423774719,0.2029651701450348,0,-0.21910005807876587,-0.04343418776988983,0.9747350215911865,0,0.11158200353384018,0.2126069962978363,0,1,0.9795909523963928,0.130929097533226,-0.15251213312149048,0,-0.11346504837274551,0.9864979386329651,0.11810127645730972,0,0.16591617465019226,-0.0983862355351448,0.9812199473381042,0,-0.06424199789762497,0.09798099845647812,0,1,0.9990100264549255,-0.042455077171325684,0.013300715945661068,0,0.04360105097293854,0.9937340021133423,-0.10291910916566849,0,-0.008847818709909916,0.10339711606502533,0.9946010112762451,0,0,0.5299440026283264,-0.0016499999910593033,1,0.9672107100486755,0.25384587049484253,0.008029988966882229,0,-0.25334885716438293,0.9665666818618774,-0.03952328488230705,0,-0.01779411919414997,0.036193251609802246,0.9991859793663025,0,-0.015150000341236591,0.292618989944458,0,1,0.9996189475059509,0.02068890817463398,-0.018266987055540085,0,-0.021700909361243248,0.9981349110603333,-0.057054273784160614,0,0.017051903530955315,0.057428278028964996,0.9982039928436279,0,0.017385000362992287,0.18501800298690796,0,1,0.42314612865448,0.08477600663900375,0.9020869135856628,0,-0.8880939483642578,-0.1584860384464264,0.4314761161804199,0,0.1795470416545868,-0.9837149977684021,0.008225967176258564,0,-0.6085759997367859,0.8915169835090637,0.001322000054642558,1,0.8518732786178589,0.5234904885292053,-0.01642015017569065,0,-0.3570725619792938,0.603428304195404,0.7130029201507568,0,0.38315868377685547,-0.6015251278877258,0.7009690403938293,0,0,1.250412940979004,0,1,0.6573230624198914,-0.7092118859291077,-0.2548431158065796,0,0.7461119294166565,0.6600240468978882,0.08766105026006699,0,0.10603206604719162,-0.24776309728622437,0.9630009531974792,0,0,1.6609469652175903,0,1,0.054488684982061386,-0.11857204884290695,0.9914490580558777,0,0.5297597050666809,0.8450901508331299,0.07195236533880234,0,-0.8463951945304871,0.5213097929954529,0.10886222869157791,0,0,1.6039559841156006,0,1,0.4455510079860687,-0.1543779969215393,0.881846010684967,0,0.6863999962806702,0.691286027431488,-0.22578400373458862,0,-0.5747519731521606,0.7058969736099243,0.4139679968357086,0,0.1277180016040802,0.2731199860572815,0,1,0.8600389957427979,0.49513599276542664,-0.12318100035190582,0,-0.4483889937400818,0.8486499786376953,0.28060799837112427,0,0.243477001786232,-0.1861010044813156,0.9518849849700928,0,-0.0204709991812706,0.24033500254154205,0,1,-0.0398700013756752,-0.189860999584198,-0.9810010194778442,0,0.3925580084323883,0.8998640179634094,-0.19011299312114716,0,0.9188629984855652,-0.39267900586128235,0.03865399956703186,0,0.051256999373435974,0.10993800312280655,0,1,0.8039839863777161,-0.581134021282196,0.12606799602508545,0,0.5799790024757385,0.8131260275840759,0.04950600117444992,0,-0.13127799332141876,0.03331499919295311,0.9907860159873962,0,0,0.48048698902130127,-0.004108999855816364,1,0.31894099712371826,-0.9465140104293823,-0.04887299984693527,0,0.9383050203323364,0.30806198716163635,0.15710599720478058,0,-0.13364699482917786,-0.09596599638462067,0.9863719940185547,0,0.008996999822556973,0.27602100372314453,0,1,0.41500499844551086,-0.9090949892997742,-0.03628300130367279,0,0.9030159711837769,0.4067069888114929,0.13838599622249603,0,-0.11104899644851685,-0.09019500017166138,0.9897140264511108,0,-0.004995000082999468,0.2249400019645691,0,1,-0.6447752118110657,-0.035298507660627365,0.7635567784309387,0,0.6095380783081055,-0.6265039443969727,0.4857540428638458,0,0.4612245261669159,0.7786189913749695,0.42546942830085754,0,0.7389219999313354,-0.3719010055065155,0.004251000005751848,1,0.9382871389389038,-0.23037879168987274,-0.25796064734458923,0,-0.0708211213350296,0.6020711660385132,-0.7952955365180969,0,0.3385295569896698,0.764483630657196,0.5486002564430237,0,0,2.992253065109253,0,1,0.9370201230049133,-0.11377796530723572,-0.3302236497402191,0,0.3413807451725006,0.4982103705406189,0.7970224618911743,0,0.07383762300014496,-0.8595583438873291,0.5056753754615784,0,0,2.672214984893799,0,1,0.9232070446014404,-0.059094883501529694,-0.3797328770160675,0,0.30237269401550293,0.7215554118156433,0.6228386163711548,0,0.23719215393066406,-0.6898295879364014,0.6840133666992188,0,0,0.5870059728622437,0,1,-0.9083210825920105,0.35139307379722595,-0.22688154876232147,0,-0.41825681924819946,-0.7677760720252991,0.4853660464286804,0,-0.0036396277137100697,0.5357638597488403,0.8443600535392761,0,-0.7389219999313354,-0.3719010055065155,0.017978999763727188,1,0.9902039766311646,0.005833008326590061,0.13950307667255402,0,0.1173100695014,0.5070779919624329,-0.8538789749145508,0,-0.07572004199028015,0.8618800044059753,0.5014269948005676,0,0,2.9928359985351562,0,1,0.8662940263748169,0.13631601631641388,0.4805750250816345,0,-0.4851820170879364,0.0006509736995212734,0.874413013458252,0,0.11888401955366135,-0.9906650185585022,0.0667019858956337,0,0,2.6727499961853027,0,1,0.943930983543396,0.05277395620942116,0.3258970379829407,0,-0.26034000515937805,0.7260259389877319,0.6364820599555969,0,-0.20302005112171173,-0.6856390833854675,0.699057936668396,0,0,0.5812519788742065,0,1
K0.067,0.5571104288101196,0.03326203674077988,0.8297716975212097,0,-0.09531216323375702,0.9951559901237488,0.02410113625228405,0,-0.8249506950378418,-0.09251420199871063,0.5575823783874512,0,-0.0023769557010382414,5.291399002075195,0.06668774038553238,1,0.9981989860534668,-0.023350032046437263,-0.05525999888777733,0,0.03402402997016907,0.9790189862251282,0.20090897381305695,0,0.04940999671816826,-0.2024269700050354,0.9780499935150146,0,0,0.6693810224533081,0.005446000024676323,1,0.9918609857559204,-0.0631980150938034,-0.11053495109081268,0,0.07512500137090683,0.9913849830627441,0.10729794204235077,0,0.10280195623636246,-0.11472893506288528,0.9880629777908325,0,0,0.7809709906578064,0,1,0.9916139841079712,-0.06035502627491951,-0.11427994817495346,0,0.049296021461486816,0.994038999080658,-0.09724307060241699,0,0.11946695297956467,0.09079406410455704,0.988677978515625,0,0,0.892536997795105,0,1,0.9877319931983948,0.00534697063267231,-0.15606504678726196,0,0.0013280233833938837,0.9990900158882141,0.04263094812631607,0,0.15615104138851166,-0.04231495037674904,0.9868260025978088,0,0,1.0041040182113647,0,1,0.9204710125923157,-0.09763393551111221,-0.37841805815696716,0,0.07127689570188522,0.9939910173416138,-0.08307906985282898,0,0.3842560648918152,0.04950009286403656,0.9218989610671997,0,0,0.3477950096130371,0.09205599874258041,1,0.2360822558403015,-0.027390021830797195,-0.971346914768219,0,0.952601969242096,-0.1908530443906784,0.2369072586297989,0,-0.19187404215335846,-0.9812359809875488,-0.01896604150533676,0,0.6085759997367859,0.891510009765625,0.0005099999834783375,1,0.9900559186935425,-0.007795936428010464,0.14045734703540802,0,-0.07471026480197906,0.8168759346008301,0.5719550848007202,0,-0.11919522285461426,-0.5767611265182495,0.8081699013710022,0,0,1.250412940979004,0,1,0.8217780590057373,0.46397486329078674,0.3307691216468811,0,-0.5183608531951904,0.8497730493545532,0.0958489328622818,0,-0.236607164144516,-0.2502249777317047,0.9388319253921509,0,0,1.66116201877594,0,1,-0.3815506100654602,-0.11983705312013626,-0.9165471792221069,0,-0.04461900144815445,0.992792010307312,-0.11123205721378326,0,0.9232701659202576,-0.0015449688071385026,-0.38414761424064636,0,0,1.604138970375061,0,1,0.6958581209182739,0.4691638946533203,-0.5437529683113098,0,-0.6999498009681702,0.6125491261482239,-0.3672250509262085,0,0.16078704595565796,0.6361359357833862,0.7546380162239075,0,-0.12838299572467804,0.2712920010089874,0,1,0.582129955291748,-0.8087840676307678,0.08361909538507462,0,0.781126081943512,0.5848309397697449,0.21866685152053833,0,-0.2257569432258606,-0.06197581812739372,0.9722099900245667,0,0.11158200353384018,0.2126069962978363,0,1,0.9757740497589111,0.1419328898191452,-0.16649386286735535,0,-0.1180349588394165,0.9822770357131958,0.1456027328968048,0,0.18420882523059845,-0.12242376059293747,0.9752330780029297,0,-0.06424199789762497,0.09798099845647812,0,1,0.9986379742622375,0.04993708059191704,-0.015108717605471611,0,-0.05134105682373047,0.9921119809150696,-0.11435888707637787,0,0.009278819896280766,0.11497888714075089,0.9933249950408936,0,0,0.5299440026283264,-0.0016499999910593033,1,0.9400153160095215,0.34106212854385376,0.0068960110656917095,0,-0.3398411273956299,0.9380252957344055,-0.06794771552085876,0,-0.029642881825566292,0.06152874603867531,0.9976649880409241,0,-0.015150000341236591,0.292618989944458,0,1,0.993613064289093,0.11155810207128525,-0.016963012516498566,0,-0.11259610205888748,0.9900760650634766,-0.08408772945404053,0,0.007414096035063267,0.08546072244644165,0.9963139891624451,0,0.017385000362992287,0.18501800298690796,0,1,0.4355618953704834,0.08585499227046967,0.8960550427436829,0,-0.8812620639801025,-0.1622219681739807,0.44391489028930664,0,0.18347296118736267,-0.9830120205879211,0.005003032274544239,0,-0.6085759997367859,0.8915169835090637,0.001322000054642558,1,0.8827387094497681,0.4688125252723694,-0.031429849565029144,0,-0.31167545914649963,0.6342917084693909,0.7074830532073975,0,0.3516123294830322,-0.6147269010543823,0.7060309648513794,0,0,1.250412940979004,0,1,0.6648629307746887,-0.6981180906295776,-0.2656828761100769,0,0.7384100556373596,0.667945921421051,0.0927269458770752,0,0.11272793263196945,-0.25783389806747437,0.9595900774002075,0,0,1.6609469652175903,0,1,0.02300931327044964,-0.02328694611787796,0.9994639158248901,0,0.5024142861366272,0.8645848035812378,0.008577629923820496,0,-0.8643208146095276,0.5019471645355225,0.03159276768565178,0,0,1.6039559841156006,0,1,0.4455510079860687,-0.1543779969215393,0.881846010684967,0,0.686398983001709,0.6912869811058044,-0.22578400373458862,0,-0.5747519731521606,0.7058960199356079,0.4139679968357086,0,0.1277180016040802,0.2731199860572815,0,1,0.8600389957427979,0.49513599276542664,-0.12318199872970581,0,-0.448388010263443,0.8486499786376953,0.28060799837112427,0,0.243477001786232,-0.18610000610351562,0.9518849849700928,0,-0.0204709991812706,0.24033500254154205,0,1,-0.039868999272584915,-0.189860999584198,-0.9810010194778442,0,0.3925589919090271,0.8998640179634094,-0.19011199474334717,0,0.918861985206604,-0.39267998933792114,0.03865500167012215,0,0.051256999373435974,0.10993800312280655,0,1,0.8039839863777161,-0.581134021282196,0.12606799602508545,0,0.5799790024757385,0.8131260275840759,0.049504999071359634,0,-0.13127799332141876,0.033316001296043396,0.9907860159873962,0,0,0.48048698902130127,-0.004108999855816364,1,0.31894099712371826,-0.9465140104293823,-0.04887299984693527,0,0.9383040070533752,0.30806198716163635,0.15710599720478058,0,-0.13364699482917786,-0.09596599638462067,0.9863719940185547,0,0.008996999822556973,0.27602100372314453,0,1,0.41500499844551086,-0.9090949892997742,-0.03628300130367279,0,0.903016984462738,0.4067069888114929,0.13838499784469604,0,-0.11104899644851685,-0.09019500017166138,0.9897140264511108,0,-0.004995000082999468,0.2249400019645691,0,1,-0.6704407334327698,-0.08598849177360535,0.7369632124900818,0,0.6154139637947083,-0.619278073310852,0.4876059591770172,0,0.41445648670196533,0.7804489731788635,0.468108594417572,0,0.7389219999313354,-0.3719010055065155,0.004251000005751848,1,0.9526318907737732,-0.20884621143341064,-0.22107937932014465,0,-0.08291388303041458,0.521047830581665,-0.8494904637336731,0,0.292605459690094,0.8275823593139648,0.4790506958961487,0,0,2.992253065109253,0,1,0.9488328695297241,-0.11018303781747818,-0.295933336019516,0,0.3137092590332031,0.43603262305259705,0.8434815406799316,0,0.036099378019571304,-0.8931606411933899,0.44828757643699646,0,0,2.672214984893799,0,1,0.9284619688987732,-0.04754611477255821,-0.3683721125125885,0,0.27216729521751404,0.7619785666465759,0.5876333713531494,0,0.2527518570423126,-0.6458544135093689,0.7204086184501648,0,0,0.5870059728622437,0,1,-0.9162979125976562,0.3566139340400696,-0.18227744102478027,0,-0.39908918738365173,-0.7748909592628479,0.49017494916915894,0,0.03355763107538223,0.5218911170959473,0.85235196352005,0,-0.7389219999313354,-0.3719010055065155,0.017978999763727188,1,0.9890469908714294,0.006683991756290197,0.14744792878627777,0,0.12386493384838104,0.5056769847869873,-0.8537840247154236,0,-0.08026695251464844,0.8626970052719116,0.49931102991104126,0,0,2.9928359985351562,0,1,0.8646649718284607,0.13771697878837585,0.4831019639968872,0,-0.48750796914100647,-0.0019809738732874393,0.8731160163879395,0,0.12119998037815094,-0.9904699921607971,0.06542501598596573,0,0,2.6727499961853027,0,1,0.9427649974822998,0.04816504567861557,0.3299599587917328,0,-0.26083600521087646,0.7229900360107422,0.639725923538208,0,-0.20774595439434052,-0.6891769170761108,0.69417405128479,0,0,0.5812519788742065,0,1
K0.100,0.516277015209198,0.030787000432610512,0.8558679819107056,0,-0.07792100310325623,0.9968969821929932,0.0111440010368824,0,-0.8528689742088318,-0.07244300097227097,0.5170739889144897,0,-0.009829999879002571,5.276176929473877,0.09677699953317642,1,0.9982960224151611,-0.019005000591278076,-0.05517800152301788,0,0.02998100034892559,0.9781960248947144,0.20550699532032013,0,0.05006900057196617,-0.20681099593639374,0.9770990014076233,0,0,0.6693810224533081,0.005446000024676323,1,0.991241991519928,-0.06120700016617775,-0.11701499670743942,0,0.07486499845981598,0.9904090166091919,0.11613000184297562,0,0.10878399759531021,-0.12387300282716751,0.986316978931427,0,0,0.7809709906578064,0,1,0.9911550283432007,-0.05731299892067909,-0.11969300359487534,0,0.04696900025010109,0.9950550198554993,-0.08752100169658661,0,0.12411700189113617,0.08112499862909317,0.9889460206031799,0,0,0.892536997795105,0,1,0.9888020157814026,0.009097999893128872,-0.1489589959383011,0,-0.0020409997086972,0.9988710284233093,0.047453999519348145,0,0.1492220014333725,-0.046619001775979996,0.9877039790153503,0,0,1.0041040182113647,0,1,0.9231860041618347,-0.10874199867248535,-0.3686490058898926,0,0.0864579975605011,0.9933149814605713,-0.07649099826812744,0,0.3745020031929016,0.03874199837446213,0.9264159798622131,0,0,0.3477950096130371,0.09205599874258041,1,0.19364400207996368,-0.0236820001155138,-0.9807860255241394,0,0.9635800123214722,-0.18334700167179108,0.19467400014400482,0,-0.18443499505519867,-0.9827629923820496,-0.012683999724686146,0,0.6085759997367859,0.891510009765625,0.0005099999834783375,1,0.9956570267677307,-0.008177000097930431,0.09273400157690048,0,-0.0457100011408329,0.8248469829559326,0.563506007194519,0,-0.0810990035533905,-0.56529700756073,0.8208910226821899,0,0,1.250412940979004,0,1,0.8180729746818542,0.4808579981327057,0.3154880106449127,0,-0.533577024936676,0.8392869830131531,0.10436800122261047,0,-0.21459899842739105,-0.25371700525283813,0.9431729912757874,0,0,1.66116201877594,0,1,-0.4372110068798065,-0.1119920015335083,-0.8923590183258057,0,-0.04478500038385391,0.9936969876289368,-0.10276699811220169,0,0.8982430100440979,-0.0049669998697936535,-0.4394710063934326,0,0,1.604138970375061,0,1,0.6765199899673462,0.48513099551200867,-0.5540469884872437,0,-0.7198860049247742,0.5942080020904541,-0.358720988035202,0,0.1551930010318756,0.6415320038795471,0.7512329816818237,0,-0.12838299572467804,0.2712920010089874,0,1,0.5907040238380432,-0.8037850260734558,0.07070499658584595,0,0.7720460295677185,0.5884940028190613,0.24004100263118744,0,-0.23454999923706055,-0.08720500022172928,0.9681850075721741,0,0.11158200353384018,0.2126069962978363,0,1,0.9700539708137512,0.15749600529670715,-0.18490800261497498,0,-0.1234859973192215,0.9753410220146179,0.18292200565338135,0,0.20915700495243073,-0.15460999310016632,0.965582013130188,0,-0.06424199789762497,0.09798099845647812,0,1,0.9830960035324097,0.17347200214862823,-0.05856099724769592,0,-0.17978300154209137,0.9751440286636353,-0.12950900197029114,0,0.03463900089263916,0.13784800469875336,0.9898470044136047,0,0,0.5299440026283264,-0.0016499999910593033,1,0.890395998954773,0.45518600940704346,0.0006940002785995603,0,-0.45260098576545715,0.8855000138282776,-0.10508300364017487,0,-0.04844700172543526,0.09325099736452103,0.9944630265235901,0,-0.015150000341236591,0.292618989944458,0,1,0.9720759987831116,0.23382900655269623,-0.019822999835014343,0,-0.2345000058412552,0.9647110104560852,-0.11976200342178345,0,-0.008880998939275742,0.12106599658727646,0.9926049709320068,0,0.017385000362992287,0.18501800298690796,0,1,0.4556970000267029,0.08683700114488602,0.8858889937400818,0,-0.8700609803199768,-0.16671399772167206,0.4638969898223877,0,0.1879729926586151,-0.9821739792823792,-0.00041799977771006525,0,-0.6085759997367859,0.8915169835090637,0.001322000054642558,1,0.9127950072288513,0.4073230028152466,-0.029895000159740448,0,-0.2749840021133423,0.6670479774475098,0.6924089789390564,0,0.3019759953022003,-0.6238070130348206,0.7208849787712097,0,0,1.250412940979004,0,1,0.6711260080337524,-0.6881880164146423,-0.2756589949131012,0,0.7312719821929932,0.6756250262260437,0.09365999698638916,0,0.12178699672222137,-0.2644389867782593,0.956682026386261,0,0,1.6609469652175903,0,1,0.013717999681830406,0.08604998886585236,0.9961959719657898,0,0.48204201459884644,0.8723030090332031,-0.08198599517345428,0,-0.876039981842041,0.48133400082588196,-0.029512997716665268,0,0,1.6039559841156006,0,1,0.4455510079860687,-0.1543779969215393,0.881846010684967,0,0.6863999962806702,0.691286027431488,-0.22578400373458862,0,-0.5747519731521606,0.7058969736099243,0.4139679968357086,0,0.1277180016040802,0.2731199860572815,0,1,0.8600389957427979,0.49513599276542664,-0.12318199872970581,0,-0.448388010263443,0.8486499786376953,0.28060901165008545,0,0.24347800016403198,-0.1861010044813156,0.9518849849700928,0,-0.0204709991812706,0.24033500254154205,0,1,-0.0398700013756752,-0.18986199796199799,-0.9810010194778442,0,0.3925580084323883,0.8998640179634094,-0.19011299312114716,0,0.9188629984855652,-0.39267998933792114,0.03865399956703186,0,0.051256999373435974,0.10993800312280655,0,1,0.8039829730987549,-0.5811349749565125,0.12606699764728546,0,0.5799800157546997,0.8131250143051147,0.049504999071359634,0,-0.13127699494361877,0.033316001296043396,0.9907860159873962,0,0,0.48048698902130127,-0.004108999855816364,1,0.31894099712371826,-0.9465129971504211,-0.04887399822473526,0,0.9383040070533752,0.30806300044059753,0.15710599720478058,0,-0.13364699482917786,-0.09596700221300125,0.9863719940185547,0,0.008996999822556973,0.27602100372314453,0,1,0.41500499844551086,-0.9090949892997742,-0.03628300130367279,0,0.903016984462738,0.4067069888114929,0.13838599622249603,0,-0.11104899644851685,-0.09019500017166138,0.9897140264511108,0,-0.004995000082999468,0.2249400019645691,0,1,-0.6847370266914368,-0.11970099806785583,0.7188929915428162,0,0.6241310238838196,-0.6056280136108398,0.49363499879837036,0,0.37629300355911255,0.7866929769515991,0.4894050061702728,0,0.7389219999313354,-0.3719010055065155,0.004251000005751848,1,0.9734249711036682,-0.15078799426555634,-0.17235900461673737,0,-0.09559600055217743,0.41637200117111206,-0.9041550159454346,0,0.20810100436210632,0.896602988243103,0.39089199900627136,0,0,2.992253065109253,0,1,0.93470299243927,-0.1364309936761856,-0.3282009959220886,0,0.3552210032939911,0.3269999921321869,0.8757219910621643,0,-0.012153998017311096,-0.9351239800453186,0.354110985994339,0,0,2.672214984893799,0,1,0.9070889949798584,-0.042539000511169434,-0.4187839925289154,0,0.25634101033210754,0.8449530005455017,0.4694089889526367,0,0.3338850140571594,-0.5331469774246216,0.777351975440979,0,0,0.5870059728622437,0,1,-0.9241139888763428,0.362762987613678,-0.12006799876689911,0,-0.37255799770355225,-0.7855169773101807,0.4941290020942688,0,0.08493699878454208,0.50136399269104,0.8610569834709167,0,-0.7389219999313354,-0.3719010055065155,0.017978999763727188,1,0.9883679747581482,-0.0027269995771348476,0.1520570069551468,0,0.13280199468135834,0.5026990175247192,-0.854200005531311,0,-0.0741100013256073,0.8644570112228394,0.4972139894962311,0,0,2.9928359985351562,0,1,0.8626239895820618,0.1503250002861023,0.4829919934272766,0,-0.4868060052394867,-0.012790999375283718,0.8734170198440552,0,0.13747499883174896,-0.9885540008544922,0.06214499846100807,0,0,2.6727499961853027,0,1,0.9409890174865723,0.04125700145959854,0.33591198921203613,0,-0.26157599687576294,0.7184590101242065,0.6445109844207764,0,-0.21474799513816833,-0.6943449974060059,0.6868540048599243,0,0,0.5812519788742065,0,1
