2.267,30,68,41
B0,mixamorig_Hips,-1,0.6119687557220459,0.05774451792240143,0.7887248992919922,0,-0.10301968455314636,0.9945939779281616,0.007217549718916416,0,-0.7840731143951416,-0.08570095151662827,0.6145884990692139,0,0.000011279255886620376,5.3387227058410645,0.06570703536272049,1
B1,mixamorig_Spine,0,0.9993997812271118,-0.013102925382554531,-0.031087439507246017,0,0.01886281557381153,0.9810526967048645,0.19275978207588196,0,0.02797011472284794,-0.193263441324234,0.9807283282279968,0,0,0.6693810224533081,0.005446000024676323,1
B2,mixamorig_Spine1,1,0.9951307773590088,-0.058930497616529465,-0.07838700711727142,0,0.06597937643527985,0.9937085509300232,0.09041815996170044,0,0.07256002724170685,-0.09518465399742126,0.9927682280540466,0,0,0.7809709906578064,0,1
B3,mixamorig_Spine2,2,0.9952179193496704,-0.05305911600589752,-0.08143322914838791,0,0.04379881173372269,0.9927785396575928,-0.11164125055074692,0,0.08676657825708389,0.10751504451036453,0.9903658628463745,0,0,0.892536997795105,0,1
B4,mixamorig_Neck,3,0.975487470626831,-0.01063425000756979,-0.21898214519023895,0,0.016142863780260086,0.9995964765548706,0.023315712809562683,0,0.21864575147628784,-0.02630394697189331,0.9752671718597412,0,0,1.0041040182113647,0,1
B5,mixamorig_Head,4,0.9019455909729004,-0.13881345093250275,-0.40837982296943665,0,0.10781235992908478,0.9891335964202881,-0.09821280092000961,0,0.417627215385437,0.044381964951753616,0.9074593782424927,0,0,0.3477950096130371,0.09205599874258041,1
B6,mixamorig_HeadTop_End,5,1,0,0,0,0,1,0,0,0,0,1,0,0,2.42409610748291,0.6416249871253967,1
B7,mixamorig_LeftShoulder,3,0.2208358198404312,-0.025876449421048164,-0.9747733473777771,0,0.9538902044296265,-0.2016766220331192,0.2214553952217102,0,-0.20235316455364227,-0.9791076183319092,-0.01988402009010315,0,0.6085759997367859,0.891510009765625,0.0005099999834783375,1
B8,mixamorig_LeftArm,7,0.9822984337806702,-0.030357521027326584,0.1845099925994873,0,-0.08611351996660233,0.8023911118507385,0.5904572606086731,0,-0.16600310802459717,-0.5959317088127136,0.785681962966919,0,0,1.250412940979004,0,1
B9,mixamorig_LeftForeArm,8,0.8355783224105835,0.4797232747077942,0.26641494035720825,0,-0.5196223855018616,0.8481464982032776,0.10299480706453323,0,-0.17657679319381714,-0.22442950308322906,0.9579862952232361,0,0,1.66116201877594,0,1
B10,mixamorig_LeftHand,9,-0.28298500180244446,-0.08087142556905746,-0.9553990960121155,0,-0.058237913995981216,0.9958366751670837,-0.0673827975988388,0,0.9570752382278442,0.03633996844291687,-0.2863658666610718,0,0,1.604138970375061,0,1
B11,mixamorig_LeftHandThumb1,10,0.7259074449539185,0.4399867653846741,-0.528643012046814,0,-0.6689372658729553,0.6303480267524719,-0.3939158618450165,0,0.15991781651973724,0.6395821571350098,0.7518994808197021,0,-0.12838299572467804,0.2712920010089874,0,1
B12,mixamorig_LeftHandThumb2,11,0.572206437587738,-0.8148662447929382,0.09258362650871277,0,0.7919566035270691,0.5783566236495972,0.19572235643863678,0,-0.21303458511829376,-0.03867212310433388,0.9762783050537109,0,0.11158200353384018,0.2126069962978363,0,1
B13,mixamorig_LeftHandThumb3,12,0.9821043610572815,0.12471354752779007,-0.1411256641149521,0,-0.11185900121927261,0.9891093969345093,0.09564224630594254,0,0.15151633322238922,-0.07814493775367737,0.9853594303131104,0,-0.06424199789762497,0.09798099845647812,0,1
B14,mixamorig_LeftHandThumb4,13,1,0,0,0,0,1,0,0,0,0,1,0,-0.04733999818563461,0.08132199943065643,0,1
B15,mixamorig_LeftHandIndex1,10,0.9968843460083008,-0.07733742892742157,0.015307321213185787,0,0.07849246263504028,0.991753876209259,-0.1013021394610405,0,-0.00734730064868927,0.10219000279903412,0.9947354197502136,0,0,0.5299440026283264,-0.0016499999910593033,1
B16,mixamorig_LeftHandIndex2,15,0.9754227995872498,0.2203214168548584,-0.002176912035793066,0,-0.2202964723110199,0.9750360250473022,-0.027813181281089783,0,-0.004005752969533205,0.02760990522801876,0.9996088147163391,0,-0.015150000341236591,0.292618989944458,0,1
B17,mixamorig_LeftHandIndex3,16,0.9996625781059265,-0.023681223392486572,-0.01044203620404005,0,0.0232236385345459,0.9988538026809692,-0.041822634637355804,0,0.011419541202485561,0.04156820476055145,0.9990690350532532,0,0.017385000362992287,0.18501800298690796,0,1
B18,mixamorig_LeftHandIndex4,17,1,0,0,0,0,1,0,0,0,0,1,0,-0.0022350000217556953,0.04972799867391586,0,1
B19,mixamorig_RightShoulder,3,0.2897832691669464,0.04783326014876366,0.9552448391914368,0,-0.9428313374519348,-0.1535130739212036,0.29370567202568054,0,0.1609668731689453,-0.9869566559791565,0.0005802210653200746,0,-0.6085759997367859,0.8915169835090637,0.001322000054642558,1
B20,mixamorig_RightArm,19,0.8222992420196533,0.5689416527748108,0.0037535999435931444,0,-0.41019347310066223,0.588600218296051,0.6962398290634155,0,0.39402222633361816,-0.5739680528640747,0.7174504995346069,0,0,1.250412940979004,0,1
B21,mixamorig_RightForeArm,20,0.597229540348053,-0.7761965990066528,-0.1965292990207672,0,0.7995127439498901,0.5725094676017761,0.17115463316440582,0,-0.021017637103796005,-0.25810706615448,0.9649374485015869,0,0,1.6609469652175903,0,1
B22,mixamorig_RightHand,21,-0.06023378297686577,0.0926133394241333,0.9916703104972839,0,0.45397132635116577,0.8875245451927185,-0.05788760259747505,0,-0.8872460722923279,0.4456467628479004,-0.09415093064308167,0,0,1.6039559841156006,0,1
B23,mixamorig_RightHandThumb1,22,0.4455510079860687,-0.15437699854373932,0.881846010684967,0,0.686398983001709,0.6912869811058044,-0.22578400373458862,0,-0.5747519731521606,0.7058969736099243,0.4139679968357086,0,0.1277180016040802,0.2731199860572815,0,1
B24,mixamorig_RightHandThumb2,23,0.8600389957427979,0.49513599276542664,-0.12318184226751328,0,-0.448388010263443,0.8486499786376953,0.28060901165008545,0,0.243477001786232,-0.1861010044813156,0.9518849849700928,0,-0.0204709991812706,0.24033500254154205,0,1
B25,mixamorig_RightHandThumb3,24,-0.0398700013756752,-0.18986116349697113,-0.9810010194778442,0,0.39255884289741516,0.8998640179634094,-0.1901121586561203,0,0.9188621640205383,-0.3926808536052704,0.03865484148263931,0,0.051256999373435974,0.10993800312280655,0,1
B26,mixamorig_RightHandThumb4,25,1,0,0,0,0,1,0,0,0,0,1,0,-0.030786000192165375,0.028905000537633896,0,1
B27,mixamorig_RightHandIndex1,22,0.8039839863777161,-0.581134021282196,0.12606783211231232,0,0.5799790024757385,0.8131260275840759,0.049504999071359634,0,-0.13127799332141876,0.03331499919295311,0.9907860159873962,0,0,0.48048698902130127,-0.004108999855816364,1
B28,mixamorig_RightHandIndex2,27,0.3189401626586914,-0.9465140104293823,-0.04887399822473526,0,0.9383048415184021,0.30806198716163635,0.15710599720478058,0,-0.13364699482917786,-0.09596599638462067,0.9863719940185547,0,0.008996999822556973,0.27602100372314453,0,1
B29,mixamorig_RightHandIndex3,28,0.4150058627128601,-0.9090949892997742,-0.03628300130367279,0,0.9030161499977112,0.4067069888114929,0.13838499784469604,0,-0.11104899644851685,-0.09019500017166138,0.9897140264511108,0,-0.004995000082999468,0.2249400019645691,0,1
B30,mixamorig_RightHandIndex4,29,1,0,0,0,0,1,0,0,0,0,1,0,-0.004002000205218792,0.04530499875545502,0,1
B31,mixamorig_LeftUpLeg,0,-0.6471700072288513,-0.03850564360618591,0.7612874507904053,0,0.5846444964408875,-0.6658998727798462,0.46316012740135193,0,0.4892347753047943,0.7448251843452454,0.4534379243850708,0,0.7389219999313354,-0.3719010055065155,0.004251000005751848,1
B32,mixamorig_LeftLeg,31,0.94569331407547,-0.22046144306659698,-0.23877187073230743,0,-0.046332865953445435,0.6357458829879761,-0.7704996466636658,0,0.32166555523872375,0.7397401928901672,0.5909970998764038,0,0,2.992253065109253,0,1
B33,mixamorig_LeftFoot,32,0.9304693937301636,-0.13114765286445618,-0.34208768606185913,0,0.3582991361618042,0.5205066800117493,0.7750189304351807,0,0.07642631977796555,-0.8437047004699707,0.5313034653663635,0,0,2.672214984893799,0,1
B34,mixamorig_LeftToeBase,33,0.9110820293426514,-0.06291534751653671,-0.4073944389820099,0,0.32143279910087585,0.7271804213523865,0.6065388321876526,0,0.2580881416797638,-0.6835573315620422,0.6827447414398193,0,0,0.5870059728622437,0,1
B35,mixamorig_LeftToe_End,34,1,0,0,0,0,1,0,0,0,0,1,0,0,0.32993900775909424,0,1
B36,mixamorig_RightUpLeg,0,-0.9023910760879517,0.3785633444786072,-0.20554867386817932,0,-0.4308355748653412,-0.7872194051742554,0.4411003291606903,0,0.00513150729238987,0.4865914285182953,0.8734962940216064,0,-0.7389219999313354,-0.3719010055065155,0.017978999763727188,1
B37,mixamorig_RightLeg,36,0.9888766407966614,0.002075785771012306,0.14858350157737732,0,0.1250423789024353,0.5280843377113342,-0.8399019837379456,0,-0.08020851761102676,0.8491388559341431,0.5219495296478271,0,0,2.9928359985351562,0,1
B38,mixamorig_RightFoot,37,0.8770428895950317,0.16272413730621338,0.45200058817863464,0,-0.4570847451686859,-0.006915098521858454,0.889389157295227,0,0.14785917103290558,-0.9866430759429932,0.06831150501966476,0,0,2.6727499961853027,0,1
B39,mixamorig_RightToeBase,38,0.9450244903564453,0.056667108088731766,0.32204875349998474,0,-0.2577519714832306,0.7351283431053162,0.6270112991333008,0,-0.20121684670448303,-0.6755498647689819,0.7093202471733093,0,0,0.5812519788742065,0,1
B40,mixamorig_RightToe_End,39,1,0,0,0,0,1,0,0,0,0,1,0,0,0.32989999651908875,0,1
@34,0,1,2,3,4,5,7,8,9,10,11,12,13,15,16,17,19,20,21,22,23,24,25,27,28,29,31,32,33,34,36,37,38,39
K0.000,0.6368319988250732,0.04315299913287163,0.7697939872741699,0,-0.12883299589157104,0.9903510212898254,0.05106399953365326,0,-0.7601619958877563,-0.1316940039396286,0.6362469792366028,0,-0.002693000016734004,5.307981014251709,0.020006999373435974,1,0.9980760216712952,-0.02828199975192547,-0.05516999959945679,0,0.038621000945568085,0.9797530174255371,0.19644899666309357,0,0.048496998846530914,-0.1982019990682602,0.9789609909057617,0,0,0.6693810224533081,0.005446000024676323,1,0.9925029873847961,-0.06485400348901749,-0.10359899699687958,0,0.07514700293540955,0.9922710061073303,0.09875199943780899,0,0.09639299660921097,-0.10579600185155869,0.9897050261497498,0,0,0.7809709906578064,0,1,0.9925029873847961,-0.06481300294399261,-0.10362400114536285,0,0.05371199920773506,0.9928560256958008,-0.10654699802398682,0,0.10978899896144867,0.10018199682235718,0.9888929724693298,0,0,0.892536997795105,0,1,0.9866660237312317,0.0006280000088736415,-0.1627579927444458,0,0.004573000129312277,0.9994909763336182,0.03158099949359894,0,0.1626950055360794,-0.031904999166727066,0.9861599802970886,0,0,1.0041040182113647,0,1,0.9176599979400635,-0.08968300372362137,-0.3871150016784668,0,0.05649900063872337,0.9937490224838257,-0.0962890014052391,0,0.39333000779151917,0.06648799777030945,0.9169899821281433,0,0,0.3477950096130371,0.09205599874258041,1,0.28013500571250916,-0.031163999810814857,-0.9594550132751465,0,0.938834011554718,-0.1996379941701889,0.2805980145931244,0,-0.20028799772262573,-0.9793739914894104,-0.026667999103665352,0,0.6085759997367859,0.891510009765625,0.0005099999834783375,1,0.9813939929008484,-0.00394799979403615,0.1919659972190857,0,-0.11071299761533737,0.8052089810371399,0.5825639963150024,0,-0.15687300264835358,-0.5929780006408691,0.7897899746894836,0,0,1.250412940979004,0,1,0.8303549885749817,0.4374159872531891,0.34522199630737305,0,-0.4922980070114136,0.866096019744873,0.08672100305557251,0,-0.26106199622154236,-0.24196100234985352,0.9345059990882874,0,0,1.66116201877594,0,1,-0.32559698820114136,-0.12698300182819366,-0.936942994594574,0,-0.04447700083255768,0.9919009804725647,-0.11897499859333038,0,0.9444620013237,0.0029349999967962503,-0.3286080062389374,0,0,1.604138970375061,0,1,0.7150449752807617,0.45247599482536316,-0.5328940153121948,0,-0.6790419816970825,0.6307380199432373,-0.37559500336647034,0,0.16616900265216827,0.630424976348877,0.7582560181617737,0,-0.12838299572467804,0.2712920010089874,0,1,0.5734530091285706,-0.813476026058197,0.09699299931526184,0,0.790132999420166,0.5804669857025146,0.19684499502182007,0,-0.21643100678920746,-0.03624400123953819,0.9756249785423279,0,0.11158200353384018,0.2126069962978363,0,1,0.9809880256652832,0.12675100564956665,-0.1469610035419464,0,-0.11156000196933746,0.9879369735717773,0.10740099847316742,0,0.15880100429058075,-0.08896400034427643,0.9832940101623535,0,-0.06424199789762497,0.09798099845647812,0,1,0.9966380000114441,-0.07848499715328217,0.02353299967944622,0,0.08043500036001205,0.9918829798698425,-0.09847600013017654,0,-0.01561299990862608,0.10003799945116043,0.9948610067367554,0,0,0.5299440026283264,-0.0016499999910593033,1,0.9756140112876892,0.21936100721359253,0.007672000210732222,0,-0.2190680056810379,0.9753000140190125,-0.028279000893235207,0,-0.013686000369489193,0.025908000767230988,0.9995710253715515,0,-0.015150000341236591,0.292618989944458,0,1,0.9997010231018066,-0.014674999751150608,-0.01956300064921379,0,0.01375299971550703,0.9988269805908203,-0.04642200097441673,0,0.020221000537276268,0.04613900184631348,0.9987300038337708,0,0.017385000362992287,0.18501800298690796,0,1,0.41481301188468933,0.07980100065469742,0.9064009785652161,0,-0.8944460153579712,-0.1470939964056015,0.42229199409484863,0,0.16702599823474884,-0.9858980178833008,0.010360999964177608,0,-0.6085759997367859,0.8915169835090637,0.001322000054642558,1,0.8180220127105713,0.575186014175415,-0.0011409999569877982,0,-0.39543500542640686,0.563821017742157,0.7250769734382629,0,0.4176979959011078,-0.5926780104637146,0.6886659860610962,0,0,1.250412940979004,0,1,0.661532998085022,-0.7074339985847473,-0.24882100522518158,0,0.7415350079536438,0.6665499806404114,0.07640200108289719,0,0.11180199682712555,-0.23505200445652008,0.9655309915542603,0,0,1.6609469652175903,0,1,0.07790900021791458,-0.20531900227069855,0.9755889773368835,0,0.5718079805374146,0.8108119964599609,0.1249770000576973,0,-0.8166800141334534,0.5481119751930237,0.1805730015039444,0,0,1.6039559841156006,0,1,0.4455510079860687,-0.15437699854373932,0.881846010684967,0,0.686398983001709,0.6912869811058044,-0.22578400373458862,0,-0.5747529864311218,0.7058969736099243,0.4139679968357086,0,0.1277180016040802,0.2731199860572815,0,1,0.8600389957427979,0.49513599276542664,-0.12318199872970581,0,-0.448388010263443,0.8486499786376953,0.28060901165008545,0,0.243477001786232,-0.1861010044813156,0.9518849849700928,0,-0.0204709991812706,0.24033500254154205,0,1,-0.0398700013756752,-0.18986199796199799,-0.9810010194778442,0,0.3925589919090271,0.8998640179634094,-0.19011299312114716,0,0.918861985206604,-0.3926810026168823,0.03865500167012215,0,0.051256999373435974,0.10993800312280655,0,1,0.8039839863777161,-0.581134021282196,0.12606699764728546,0,0.5799800157546997,0.8131250143051147,0.049504999071359634,0,-0.13127799332141876,0.03331499919295311,0.9907860159873962,0,0,0.48048698902130127,-0.004108999855816364,1,0.31894099712371826,-0.9465140104293823,-0.04887399822473526,0,0.9383040070533752,0.30806198716163635,0.15710699558258057,0,-0.13364799320697784,-0.09596599638462067,0.9863719940185547,0,0.008996999822556973,0.27602100372314453,0,1,0.41500499844551086,-0.9090949892997742,-0.03628300130367279,0,0.903016984462738,0.4067069888114929,0.13838599622249603,0,-0.11104899644851685,-0.09019500017166138,0.9897140264511108,0,-0.004995000082999468,0.2249400019645691,0,1,-0.6452080011367798,0.016704000532627106,0.763824999332428,0,0.5948590040206909,-0.6163820028305054,0.5159609913825989,0,0.4794270098209381,0.7872700095176697,0.3877579867839813,0,0.7389219999313354,-0.3719010055065155,0.004251000005751848,1,0.9341089725494385,-0.23330000042915344,-0.27020499110221863,0,-0.06563299894332886,0.6317669749259949,-0.7723749876022339,0,0.3509010076522827,0.7392169833183289,0.5748270153999329,0,0,2.992253065109253,0,1,0.9293789863586426,-0.1312990039587021,-0.34498700499534607,0,0.3592759966850281,0.5362420082092285,0.7637829780578613,0,0.08471199870109558,-0.8337889909744263,0.5455449819564819,0,0,2.672214984893799,0,1,0.9121639728546143,-0.05794399976730347,-0.40570899844169617,0,0.3170590102672577,0.7270320057868958,0.6090139746665955,0,0.259674996137619,-0.6841539740562439,0.6815440058708191,0,0,0.5870059728622437,0,1,-0.9045310020446777,0.3495999872684479,-0.24413999915122986,0,-0.4259589910507202,-0.7671020030975342,0.4797010123729706,0,-0.01957700029015541,0.5378980040550232,0.8427820205688477,0,-0.7389219999313354,-0.3719010055065155,0.017978999763727188,1,0.9920129776000977,-0.014507999643683434,0.12529799342155457,0,0.1154249981045723,0.5049700140953064,-0.8553839921951294,0,-0.05086199939250946,0.8630149960517883,0.5026119947433472,0,0,2.9928359985351562,0,1,0.868943989276886,0.14999200403690338,0.4716329872608185,0,-0.4753960072994232,-0.011989999562501907,0.8796899914741516,0,0.13760100305080414,-0.9886149764060974,0.06088599935173988,0,0,2.6727499961853027,0,1,0.9443519711494446,0.05445399880409241,0.324398010969162,0,-0.2601589858531952,0.7271350026130676,0.6352880001068115,0,-0.20128700137138367,-0.6843309998512268,0.700838029384613,0,0,0.5812519788742065,0,1
K0.033,0.6259468793869019,0.05005806311964989,0.7782580852508545,0,-0.11765388399362564,0.9925770163536072,0.03078480251133442,0,-0.7709401249885559,-0.11083479225635529,0.6271898746490479,0,-0.00284497975371778,5.320761203765869,0.033011261373758316,1,0.9986060261726379,-0.022366922348737717,-0.04780586063861847,0,0.03129489719867706,0.9802899956703186,0.19506798684597015,0,0.04250087961554527,-0.1962919682264328,0.9796239733695984,0,0,0.6693810224533081,0.005446000024676323,1,0.9930499792098999,-0.06423496454954147,-0.09861483424901962,0,0.07367394119501114,0.9927219748497009,0.09526295214891434,0,0.09177784621715546,-0.10186593979597092,0.9905549883842468,0,0,0.7809709906578064,0,1,0.9930850267410278,-0.06159993261098862,-0.09994085133075714,0,0.05066594481468201,0.9928069710731506,-0.10847903043031693,0,0.10590484738349915,0.10266504436731339,0.9890620112419128,0,0,0.892536997795105,0,1,0.9837899208068848,-0.004475058056414127,-0.17927131056785583,0,0.00920806359499693,0.9996299743652344,0.025575974956154823,0,0.17909030616283417,-0.02681199088692665,0.9834669232368469,0,0,1.0041040182113647,0,1,0.9129079580307007,-0.10469125956296921,-0.3945111036300659,0,0.07289227098226547,0.9928249716758728,-0.09479201585054398,0,0.4016041159629822,0.05777989327907562,0.9139889478683472,0,0,0.3477950096130371,0.09205599874258041,1,0.26193568110466003,-0.03051496297121048,-0.964603066444397,0,0.9433090686798096,-0.20302899181842804,0.2625766694545746,0,-0.2038549780845642,-0.9786970019340515,-0.024395965039730072,0,0.6085759997367859,0.891510009765625,0.0005099999834783375,1,0.9815679788589478,-0.008578171953558922,0.19091995060443878,0,-0.10666083544492722,0.8043460249900818,0.5845090746879578,0,-0.15858006477355957,-0.5940989851951599,0.7886059880256653,0,0,1.250412940979004,0,1,0.831436038017273,0.4520222246646881,0.32309454679489136,0,-0.5032171607017517,0.859143853187561,0.0929780825972557,0,-0.23555652797222137,-0.2398918867111206,0.9417881369590759,0,0,1.66116201877594,0,1,-0.3228446841239929,-0.11319573223590851,-0.9396581053733826,0,-0.047807056456804276,0.9935050010681152,-0.10325770825147629,0,0.9452441334724426,0.011586175300180912,-0.32615867257118225,0,0,1.604138970375061,0,1,0.7205650806427002,0.44603994488716125,-0.5308799743652344,0,-0.6736369132995605,0.6317520141601562,-0.383539080619812,0,0.1643109768629074,0.6339860558509827,0.755687952041626,0,-0.12838299572467804,0.2712920010089874,0,1,0.5727900266647339,-0.8140810132026672,0.09582796692848206,0,0.7909719944000244,0.5796040296554565,0.19601500034332275,0,-0.21511398255825043,-0.03647802025079727,0.975907027721405,0,0.11158200353384018,0.2126069962978363,0,1,0.9817519783973694,0.12489800155162811,-0.1433979868888855,0,-0.1110130101442337,0.988664984703064,0.10107995569705963,0,0.15439696609973907,-0.08331695199012756,0.9844899773597717,0,-0.06424199789762497,0.09798099845647812,0,1,0.9966639876365662,-0.07884298264980316,0.02109595201909542,0,0.08055698871612549,0.9918090105056763,-0.09912201762199402,0,-0.01310795173048973,0.10049101710319519,0.9948520064353943,0,0,0.5299440026283264,-0.0016499999910593033,1,0.9756209850311279,0.21943500638008118,0.003481951542198658,0,-0.21925601363182068,0.9752669930458069,-0.027953997254371643,0,-0.009529952891170979,0.026509009301662445,0.9996029734611511,0,-0.015150000341236591,0.292618989944458,0,1,0.9996960163116455,-0.01908903941512108,-0.01563195511698723,0,0.018381042405962944,0.998852014541626,-0.04424597695469856,0,0.01645895652472973,0.04394497722387314,0.9988980293273926,0,0.017385000362992287,0.18501800298690796,0,1,0.36735138297080994,0.06820882856845856,0.9275782108306885,0,-0.9156172275543213,-0.14868704974651337,0.37354734539985657,0,0.16339798271656036,-0.9865289926528931,0.007832936942577362,0,-0.6085759997367859,0.8915169835090637,0.001322000054642558,1,0.8183779716491699,0.5746449828147888,-0.006342907436192036,0,-0.3930371403694153,0.5677261352539062,0.7233307957649231,0,0.41925981640815735,-0.589465856552124,0.6904721856117249,0,0,1.250412940979004,0,1,0.6587945222854614,-0.7179794907569885,-0.22471173107624054,0,0.7483164072036743,0.6561573147773743,0.09736660122871399,0,0.07753919810056686,-0.23230020701885223,0.9695479869842529,0,0,1.6609469652175903,0,1,0.030121270567178726,-0.07891550660133362,0.996425986289978,0,0.53055340051651,0.846117377281189,0.050972070544958115,0,-0.8471163511276245,0.5271214246749878,0.06735461205244064,0,0,1.6039559841156006,0,1,0.4455510079860687,-0.15437699854373932,0.881846010684967,0,0.686398983001709,0.6912869811058044,-0.22578400373458862,0,-0.5747529864311218,0.7058969736099243,0.4139679968357086,0,0.1277180016040802,0.2731199860572815,0,1,0.8600389957427979,0.49513599276542664,-0.12318100035190582,0,-0.448388010263443,0.8486499786376953,0.28060799837112427,0,0.243477001786232,-0.1861010044813156,0.9518849849700928,0,-0.0204709991812706,0.24033500254154205,0,1,-0.0398700013756752,-0.189860999584198,-0.9810010194778442,0,0.3925580084323883,0.8998640179634094,-0.19011199474334717,0,0.9188629984855652,-0.39267900586128235,0.03865399956703186,0,0.051256999373435974,0.10993800312280655,0,1,0.8039839863777161,-0.581134021282196,0.12606799602508545,0,0.5799790024757385,0.8131250143051147,0.049504999071359634,0,-0.13127799332141876,0.03331499919295311,0.9907860159873962,0,0,0.48048698902130127,-0.004108999855816364,1,0.31894099712371826,-0.9465140104293823,-0.04887399822473526,0,0.9383040070533752,0.30806300044059753,0.15710599720478058,0,-0.13364699482917786,-0.09596599638462067,0.9863719940185547,0,0.008996999822556973,0.27602100372314453,0,1,0.41500499844551086,-0.9090949892997742,-0.03628399968147278,0,0.903016984462738,0.4067069888114929,0.13838499784469604,0,-0.11104899644851685,-0.09019500017166138,0.9897140264511108,0,-0.004995000082999468,0.2249400019645691,0,1,-0.6467829942703247,-0.009210243821144104,0.7626180052757263,0,0.5903709530830383,-0.6390872597694397,0.4929797649383545,0,0.48283904790878296,0.7690788507461548,0.41878828406333923,0,0.7389219999313354,-0.3719010055065155,0.004251000005751848,1,0.9396170377731323,-0.22702693939208984,-0.25608184933662415,0,-0.056545909494161606,0.6350039839744568,-0.7704370021820068,0,0.3375228941440582,0.7383959889411926,0.5838230848312378,0,0,2.992253065109253,0,1,0.9297800064086914,-0.13314399123191833,-0.343192994594574,0,0.3593679964542389,0.5303279161453247,0.7678590416908264,0,0.07976897805929184,-0.837272047996521,0.5409359335899353,0,0,2.672214984893799,0,1,0.9116590023040771,-0.059947025030851364,-0.4065510034561157,0,0.3189450204372406,0.7270510196685791,0.6080049872398376,0,0.25913500785827637,-0.6839609742164612,0.6819429993629456,0,0,0.5870059728622437,0,1,-0.9049450159072876,0.36025214195251465,-0.22647781670093536,0,-0.4254390299320221,-0.7768031358718872,0.46430379152297974,0,-0.008662886917591095,0.5165217518806458,0.8562301397323608,0,-0.7389219999313354,-0.3719010055065155,0.017978999763727188,1,0.9903630018234253,-0.009877904318273067,0.1381440907716751,0,0.12362601608037949,0.5126941204071045,-0.8496239185333252,0,-0.0624331459403038,0.8585149645805359,0.5089741349220276,0,0,2.9928359985351562,0,1,0.8729540705680847,0.15647105872631073,0.462025910615921,0,-0.46617791056632996,-0.011281966231763363,0.8846190571784973,0,0.1436300426721573,-0.9876180291175842,0.06309504806995392,0,0,2.6727499961853027,0,1,0.9448549747467041,0.056244008243083954,0.32262399792671204,0,-0.2592819929122925,0.7302770614624023,0.632034957408905,0,-0.2000569999217987,-0.6808319687843323,0.7045890688896179,0,0,0.5812519788742065,0,1
K0.067,0.6147961020469666,0.05649593845009804,0.7866599559783936,0,-0.1056201159954071,0.9943439960479736,0.011134195141494274,0,-0.7815818786621094,-0.08993221074342728,0.6172861456871033,0,-0.0008240200695581734,5.335960865020752,0.0591067373752594,1,0.9993100166320801,-0.014614077284932137,-0.03413313254714012,0,0.020938102155923843,0.9809790253639221,0.19298002123832703,0,0.030664118006825447,-0.19356103241443634,0.9806089997291565,0,0,0.6693810224533081,0.005446000024676323,1,0.9947739839553833,-0.06015504151582718,-0.08250415325164795,0,0.06761305779218674,0.9935719966888428,0.09079404175281525,0,0.07651215046644211,-0.09589806199073792,0.9924460053443909,0,0,0.7809709906578064,0,1,0.9948499798774719,-0.054754067212343216,-0.08529815077781677,0,0.045079056173563004,0.9927440285682678,-0.11147797107696533,0,0.09078314900398254,0.10705895721912384,0.9900990128517151,0,0,0.892536997795105,0,1,0.9774340391159058,-0.01029194239526987,-0.21099068224430084,0,0.015531937591731548,0.9996100068092346,0.02319302409887314,0,0.21067067980766296,-0.02594701014459133,0.9772130846977234,0,0,1.0041040182113647,0,1,0.9049650430679321,-0.13083074986934662,-0.4048708975315094,0,0.10000073164701462,0.9902979731559753,-0.09648698568344116,0,0.4135668873786926,0.046830106526613235,0.9092690348625183,0,0,0.3477950096130371,0.09205599874258041,1,0.229069322347641,-0.026755036786198616,-0.9730419516563416,0,0.9520369172096252,-0.20216500759124756,0.22968332469463348,0,-0.2028600126504898,-0.9789860248565674,-0.02083803527057171,0,0.6085759997367859,0.891510009765625,0.0005099999834783375,1,0.9821979999542236,-0.025758828967809677,0.18607604503631592,0,-0.09060415625572205,0.8027600049972534,0.5893789529800415,0,-0.16455593705177307,-0.5957459807395935,0.7861350178718567,0,0,1.250412940979004,0,1,0.8344449400901794,0.47624075412750244,0.2773004472255707,0,-0.5182918310165405,0.8491941094398499,0.10120692104101181,0,-0.1872824728488922,-0.2281741201877594,0.9554378986358643,0,0,1.66116201877594,0,1,-0.2914833128452301,-0.08654126524925232,-0.9526528716087341,0,-0.05322994664311409,0.9958230257034302,-0.07417628914117813,0,0.9550938606262207,0.029088826850056648,-0.2948722839355469,0,0,1.604138970375061,0,1,0.7252389192581177,0.4407310485839844,-0.5289459824562073,0,-0.6694910526275635,0.6307010054588318,-0.39242491126060486,0,0.1606530249118805,0.6387269496917725,0.7524750828742981,0,-0.12838299572467804,0.2712920010089874,0,1,0.5722759962081909,-0.8147550225257874,0.09314203262329102,0,0.7918210029602051,0.5785419940948486,0.19572299718856812,0,-0.2133530080318451,-0.03825598210096359,0.9762259721755981,0,0.11158200353384018,0.2126069962978363,0,1,0.9820870161056519,0.12462300062179565,-0.14132601022720337,0,-0.11165498942136765,0.9890720248222351,0.09627704322338104,0,0.15178002417087555,-0.07877304404973984,0.9852700233459473,0,-0.06424199789762497,0.09798099845647812,0,1,0.9968469738960266,-0.07765601575374603,0.01627804897725582,0,0.07890701293945312,0.9917610287666321,-0.1009179875254631,0,-0.008307047188282013,0.10188398510217667,0.9947620034217834,0,0,0.5299440026283264,-0.0016499999910593033,1,0.9754639863967896,0.22015400230884552,-0.001351951970718801,0,-0.22010599076747894,0.9750789999961853,-0.027817001566290855,0,-0.004806046839803457,0.027431990951299667,0.9996119737625122,0,-0.015150000341236591,0.292618989944458,0,1,0.9996709823608398,-0.023080961778759956,-0.01119204331189394,0,0.02258995920419693,0.9988560080528259,-0.04214902222156525,0,0.012152043171226978,0.041882023215293884,0.9990490078926086,0,0.017385000362992287,0.18501800298690796,0,1,0.30420762300491333,0.05122316628694534,0.9512277841567993,0,-0.9388427734375,-0.1530049592256546,0.308486670255661,0,0.1613440215587616,-0.9868969917297363,0.0015450625214725733,0,-0.6085759997367859,0.8915169835090637,0.001322000054642558,1,0.8197339773178101,0.5727360248565674,0.00293690781109035,0,-0.4088258445262909,0.581528902053833,0.7033382058143616,0,0.4011191725730896,-0.5777521133422852,0.7108488082885742,0,0,1.250412940979004,0,1,0.6137824654579163,-0.7642534971237183,-0.1979602724313736,0,0.7894685864448547,0.5931446552276611,0.15785440802574158,0,-0.0032211975194513798,-0.25317180156707764,0.967415988445282,0,0,1.6609469652175903,0,1,-0.04288627207279205,0.07015351951122284,0.9966139793395996,0,0.4698095917701721,0.8817746639251709,-0.041853077709674835,0,-0.8817256689071655,0.4664236009120941,-0.07077562808990479,0,0,1.6039559841156006,0,1,0.4455510079860687,-0.15437699854373932,0.881846010684967,0,0.686398983001709,0.6912869811058044,-0.22578400373458862,0,-0.5747519731521606,0.7058969736099243,0.4139679968357086,0,0.1277180016040802,0.2731199860572815,0,1,0.8600389957427979,0.49513599276542664,-0.12318199872970581,0,-0.448388010263443,0.8486499786376953,0.28060901165008545,0,0.243477001786232,-0.1861010044813156,0.9518849849700928,0,-0.0204709991812706,0.24033500254154205,0,1,-0.0398700013756752,-0.189860999584198,-0.9810010194778442,0,0.3925589919090271,0.8998640179634094,-0.19011199474334717,0,0.918861985206604,-0.3926810026168823,0.03865500167012215,0,0.051256999373435974,0.10993800312280655,0,1,0.8039839863777161,-0.581134021282196,0.12606799602508545,0,0.5799790024757385,0.8131260275840759,0.049504999071359634,0,-0.13127799332141876,0.03331499919295311,0.9907860159873962,0,0,0.48048698902130127,-0.004108999855816364,1,0.31894001364707947,-0.9465140104293823,-0.04887399822473526,0,0.9383050203323364,0.30806198716163635,0.15710599720478058,0,-0.13364699482917786,-0.09596599638462067,0.9863719940185547,0,0.008996999822556973,0.27602100372314453,0,1,0.41500601172447205,-0.9090949892997742,-0.03628300130367279,0,0.9030159711837769,0.4067069888114929,0.13838499784469604,0,-0.11104899644851685,-0.09019500017166138,0.9897140264511108,0,-0.004995000082999468,0.2249400019645691,0,1,-0.6470850110054016,-0.033572759479284286,0.7616779804229736,0,0.5856570601463318,-0.6615277528762817,0.468387246131897,0,0.48814693093299866,0.7491681575775146,0.44772669672966003,0,0.7389219999313354,-0.3719010055065155,0.004251000005751848,1,0.944771945476532,-0.22158606350421906,-0.24146714806556702,0,-0.047684088349342346,0.6360039710998535,-0.7702109813690186,0,0.32424211502075195,0.739188015460968,0.5903129577636719,0,0,2.992253065109253,0,1,0.9302170276641846,-0.13141101598739624,-0.3426760137081146,0,0.3587389886379242,0.5226680636405945,0.7733849287033081,0,0.07747501879930496,-0.8423469662666321,0.5333370566368103,0,0,2.672214984893799,0,1,0.9111670255661011,-0.06271897256374359,-0.4072349965572357,0,0.3211899697780609,0.727196991443634,0.6066480278968811,0,0.258091002702713,-0.6835579872131348,0.6827430129051208,0,0,0.5870059728622437,0,1,-0.9030399918556213,0.37520384788513184,-0.20914417505264282,0,-0.429548978805542,-0.7858209013938904,0.4449421763420105,0,0.002594887977465987,0.4916382431983948,0.8707959055900574,0,-0.7389219999313354,-0.3719010055065155,0.017978999763727188,1,0.989126980304718,-0.000265095557551831,0.14706391096115112,0,0.12527598440647125,0.525317907333374,-0.8416340351104736,0,-0.07703185826539993,0.8509060740470886,0.5196388959884644,0,0,2.9928359985351562,0,1,0.8765659332275391,0.1619219332933426,0.45322608947753906,0,-0.45812007784843445,-0.007906033657491207,0.8888549208641052,0,0.1475079506635666,-0.9867720007896423,0.06724895536899567,0,0,2.6727499961853027,0,1,0.945123016834259,0.057003993541002274,0.3217020034790039,0,-0.257997989654541,0.7343299388885498,0.6278510689735413,0,-0.2004459947347641,-0.676395058631897,0.7087389230728149,0,0,0.5812519788742065,0,1
K0.100,0.5970289707183838,0.06434199959039688,0.7996360063552856,0,-0.08927900344133377,0.9959149956703186,-0.013477998785674572,0,-0.797236979007721,-0.06334300339221954,0.6003339886665344,0,0.004424999468028545,5.3533148765563965,0.10058300197124481,1,0.9998739957809448,-0.005118000321090221,-0.014994001016020775,0,0.007897000759840012,0.9814419746398926,0.19159600138664246,0,0.013735000975430012,-0.19169099628925323,0.9813590049743652,0,0,0.6693810224533081,0.005446000024676323,1,0.9970160126686096,-0.05245999991893768,-0.05663200095295906,0,0.057346999645233154,0.9944300055503845,0.08843199908733368,0,0.051676999777555466,-0.09141500294208527,0.99447101354599,0,0,0.7809709906578064,0,1,0.9971619844436646,-0.044103000313043594,-0.06101100146770477,0,0.03703400120139122,0.9929609894752502,-0.11250399798154831,0,0.06554300338029861,0.10992500185966492,0.9917759895324707,0,0,0.892536997795105,0,1,0.9652019739151001,-0.012443000450730324,-0.26120901107788086,0,0.019370999187231064,0.9995250105857849,0.02396400086581707,0,0.2607859969139099,-0.028189999982714653,0.9649850130081177,0,0,1.0041040182113647,0,1,0.8859909772872925,-0.18099400401115417,-0.426921010017395,0,0.1490889936685562,0.9829810261726379,-0.10733199864625931,0,0.43908199667930603,0.03144599869847298,0.8978970050811768,0,0,0.3477950096130371,0.09205599874258041,1,0.17733000218868256,-0.021234000101685524,-0.983922004699707,0,0.963683009147644,-0.19909599423408508,0.1779790073633194,0,-0.19967499375343323,-0.9797499775886536,-0.01484300009906292,0,0.6085759997367859,0.891510009765625,0.0005099999834783375,1,0.9828289747238159,-0.05465700104832649,0.17623500525951385,0,-0.06238500028848648,0.8004419803619385,0.5961549878120422,0,-0.17364999651908875,-0.5969129800796509,0.7832880020141602,0,0,1.250412940979004,0,1,0.8415669798851013,0.49812498688697815,0.2088959962129593,0,-0.526652991771698,0.8426110148429871,0.1124420017004013,0,-0.12000799924135208,-0.20464299619197845,0.971451997756958,0,0,1.66116201877594,0,1,-0.2380799949169159,-0.050912000238895416,-0.9699100255966187,0,-0.08470000326633453,0.9959089756011963,-0.03148600459098816,0,0.9675449728965759,0.07465499639511108,-0.2414180040359497,0,0,1.604138970375061,0,1,0.7294399738311768,0.436053991317749,-0.5270419716835022,0,-0.6660109758377075,0.62848299741745,-0.4017939865589142,0,0.156032994389534,0.6441010236740112,0.7488579750061035,0,-0.12838299572467804,0.2712920010089874,0,1,0.5718389749526978,-0.8154540061950684,0.08963300287723541,0,0.7926729917526245,0.5773770213127136,0.19571900367736816,0,-0.21135200560092926,-0.04087100178003311,0.9765549898147583,0,0.11158200353384018,0.2126069962978363,0,1,0.9821959733963013,0.12519200146198273,-0.140066996216774,0,-0.11293700337409973,0.9893069863319397,0.09228800237178802,0,0.1501230001449585,-0.07482600212097168,0.9858319759368896,0,-0.06424199789762497,0.09798099845647812,0,1,0.997081995010376,-0.07565400004386902,0.01017799973487854,0,0.07630199939012527,0.9917160272598267,-0.10333199799060822,0,-0.0022760003339499235,0.1038070023059845,0.9945949912071228,0,0,0.5299440026283264,-0.0016499999910593033,1,0.9752050042152405,0.22120599448680878,-0.006535999942570925,0,-0.22130300104618073,0.9748089909553528,-0.027792999520897865,0,0.00022299977717921138,0.028550000861287117,0.9995920062065125,0,-0.015150000341236591,0.292618989944458,0,1,0.9996179938316345,-0.02685300074517727,-0.006479000207036734,0,0.026572000235319138,0.9988420009613037,-0.040098000317811966,0,0.007548999972641468,0.03990999981760979,0.9991750121116638,0,0.017385000362992287,0.18501800298690796,0,1,0.21356500685214996,0.029921002686023712,0.9764710068702698,0,-0.96390700340271,-0.15619799494743347,0.21560299396514893,0,0.15897400677204132,-0.9872720241546631,-0.004517999477684498,0,-0.6085759997367859,0.8915169835090637,0.001322000054642558,1,0.8358539938926697,0.5488920211791992,0.008069000206887722,0,-0.41741999983787537,0.6259649991989136,0.658731997013092,0,0.35652199387550354,-0.5539730191230774,0.7523339986801147,0,0,1.250412940979004,0,1,0.5097640156745911,-0.8393039703369141,-0.1889680027961731,0,0.8525859713554382,0.46347299218177795,0.24143299460411072,0,-0.11505398899316788,-0.284184992313385,0.9518409967422485,0,0,1.6609469652175903,0,1,-0.15189799666404724,0.21129100024700165,0.9655479788780212,0,0.37028199434280396,0.9179069995880127,-0.14261400699615479,0,-0.9164159893989563,0.33586201071739197,-0.21766600012779236,0,0,1.6039559841156006,0,1,0.4455510079860687,-0.15437699854373932,0.881846010684967,0,0.686398983001709,0.6912869811058044,-0.22578400373458862,0,-0.5747519731521606,0.7058969736099243,0.4139679968357086,0,0.1277180016040802,0.2731199860572815,0,1,0.8600389957427979,0.49513599276542664,-0.12318100035190582,0,-0.448388010263443,0.8486499786376953,0.28060901165008545,0,0.243477001786232,-0.1861010044813156,0.9518849849700928,0,-0.0204709991812706,0.24033500254154205,0,1,-0.0398700013756752,-0.18986199796199799,-0.9810010194778442,0,0.3925580084323883,0.8998640179634094,-0.19011299312114716,0,0.9188629984855652,-0.39267998933792114,0.03865399956703186,0,0.051256999373435974,0.10993800312280655,0,1,0.8039839863777161,-0.581134021282196,0.12606699764728546,0,0.5799790024757385,0.8131260275840759,0.049504999071359634,0,-0.13127799332141876,0.03331499919295311,0.9907860159873962,0,0,0.48048698902130127,-0.004108999855816364,1,0.31894099712371826,-0.9465140104293823,-0.04887399822473526,0,0.9383040070533752,0.30806198716163635,0.15710599720478058,0,-0.13364699482917786,-0.09596599638462067,0.9863719940185547,0,0.008996999822556973,0.27602100372314453,0,1,0.41500499844551086,-0.9090949892997742,-0.03628300130367279,0,0.903016984462738,0.4067069888114929,0.13838499784469604,0,-0.11104899644851685,-0.09019500017166138,0.9897140264511108,0,-0.004995000082999468,0.2249400019645691,0,1,-0.6476190090179443,-0.06457100063562393,0.759223997592926,0,0.5792940258979797,-0.6890019774436951,0.43553999066352844,0,0.4949829876422882,0.7218769788742065,0.4836159944534302,0,0.7389219999313354,-0.3719010055065155,0.004251000005751848,1,0.9505620002746582,-0.21451899409294128,-0.22452999651432037,0,-0.03919300064444542,0.6343820095062256,-0.7720249891281128,0,0.3080509901046753,0.7426580190658569,0.5946120023727417,0,0,2.992253065109253,0,1,0.9318029880523682,-0.12975600361824036,-0.33897900581359863,0,0.3559750020503998,0.509086012840271,0.7836530208587646,0,0.07088500261306763,-0.8508790135383606,0.5205579996109009,0,0,2.672214984893799,0,1,0.9106330275535583,-0.06395299732685089,-0.4082370102405548,0,0.32271599769592285,0.727092981338501,0.6059619784355164,0,0.25807300209999084,-0.6835539937019348,0.6827539801597595,0,0,0.5870059728622437,0,1,-0.8989620208740234,0.3963150084018707,-0.18655000627040863,0,-0.4376339912414551,-0.794609010219574,0.42080000042915344,0,0.01853499934077263,0.45992401242256165,0.8877649903297424,0,-0.7389219999313354,-0.3719010055065155,0.017978999763727188,1,0.9875540137290955,0.014444999396800995,0.15661300718784332,0,0.12380799651145935,0.5427020192146301,-0.8307499885559082,0,-0.09699399769306183,0.839801013469696,0.5341590046882629,0,0,2.9928359985351562,0,1,0.8795629739761353,0.16696299612522125,0.44552499055862427,0,-0.45161399245262146,-0.001679000211879611,0.8922119736671448,0,0.14971500635147095,-0.9859619736671448,0.07392600178718567,0,0,2.6727499961853027,0,1,0.9445040225982666,0.05488700047135353,0.32388100028038025,0,-0.2564519941806793,0.739346981048584,0.622573971748352,0,-0.20529000461101532,-0.6710839867591858,0.7123919725418091,0,0,0.5812519788742065,0,1
