1.767,30,53,33
B0,mixamorig_Hips,-1,0.9812765717506409,-0.19228200614452362,-0.010366631671786308,0,0.19172152876853943,0.9806180596351624,-0.040314916521310806,0,0.017918778583407402,0.03756549209356308,0.9991260766983032,0,-0.43819138407707214,5.082155227661133,0.26061752438545227,1
B1,mixamorig_Spine,0,0.9818280935287476,-0.18013449013233185,0.05967424064874649,0,0.13636896014213562,0.8884571194648743,0.4382268190383911,0,-0.1319567710161209,-0.4221284091472626,0.8968803882598877,0,0,0.7412130236625671,0.0217909999191761,1
B2,mixamorig_Spine1,1,0.9851090312004089,-0.17173832654953003,0.007904144003987312,0,0.1713499128818512,0.9845486879348755,0.036066748201847076,0,-0.013977487571537495,-0.03417402133345604,0.9993170499801636,0,0,0.8651220202445984,0,1
B3,mixamorig_Spine2,2,0.9894338846206665,-0.14493241906166077,0.0033953480888158083,0,0.14370526373386383,0.9774344563484192,-0.15481774508953094,0,0.01911841332912445,0.1536720097064972,0.9879361391067505,0,0,0.9887120127677917,0,1
B4,mixamorig_Neck,3,0.836787223815918,-0.03701255843043327,-0.5462198853492737,0,-0.1280440092086792,0.9568030834197998,-0.2609219253063202,0,0.5323160886764526,0.2882545590400696,0.7959094643592834,0,0,1.1123000383377075,0,1
B5,mixamorig_Head,4,0.9207761883735657,-0.01610184647142887,-0.3897525370121002,0,0.08034376800060272,0.9855536222457886,0.14909371733665466,0,0.3817209005355835,-0.16859817504882812,0.9087686538696289,0,0,0.3687860071659088,0.02936900034546852,1
B6,mixamorig_HeadTop_End,5,1,0,0,0,0,1,0,0,0,0,1,0,0,2.2579920291900635,0.17982099950313568,1
B7,mixamorig_LeftShoulder,3,0.03522544354200363,-0.018549876287579536,-0.9991675019264221,0,0.8611876964569092,-0.5066548585891724,0.039766620844602585,0,-0.5069962739944458,-0.8619439601898193,-0.0018717438215389848,0,0.6236460208892822,0.9506149888038635,0.003836000105366111,1
B8,mixamorig_LeftArm,7,0.6983659863471985,0.7126504778862,0.04176028072834015,0,-0.6827845573425293,0.6493341326713562,0.3344334363937378,0,0.21066232025623322,-0.26162171363830566,0.9406474232673645,0,0,1.290884017944336,0,1
B9,mixamorig_LeftForeArm,8,0.02004745416343212,0.9938340187072754,0.0964057669043541,0,-0.9937330484390259,0.02950150892138481,-0.10646148025989532,0,-0.10873295366764069,-0.09369223564863205,0.9881873726844788,0,0,1.5539430379867554,0,1
B10,mixamorig_LeftHand,9,0.991879403591156,0.11262194067239761,-0.05508183315396309,0,-0.1239503026008606,0.8362745642662048,-0.5332341194152832,0,-0.013812730088829994,0.5358871817588806,0.8433982133865356,0,0,1.6298450231552124,0,1
B11,mixamorig_LeftHandIndex1,10,0.9985446929931641,-0.04415939375758171,-0.030046826228499413,0,0.05095205456018448,0.956565797328949,0.28657785058021545,0,0.015982436016201973,-0.2877148687839508,0.9574733972549438,0,0,0.5972499847412109,0,1
B12,mixamorig_LeftHandIndex2,11,0.6917232275009155,-0.6471804976463318,-0.3200303018093109,0,0.7197127342224121,0.6542657017707825,0.23181425034999847,0,0.05941782891750336,-0.39068135619163513,0.9183581471443176,0,0,0.21713300049304962,0,1
B13,mixamorig_LeftHandIndex3,12,0.6807988882064819,0.5886801481246948,0.43582630157470703,0,-0.4834459125995636,0.8081048130989075,-0.3362400233745575,0,-0.5501646399497986,0.01817706599831581,0.8347461223602295,0,-0.20180800557136536,0.17784300446510315,0.03112100064754486,1
B14,mixamorig_LeftHandIndex4,13,1,0,0,0,0,1,0,0,0,0,1,0,0.0037899999879300594,0.03206799924373627,0.044335998594760895,1
B15,mixamorig_RightShoulder,3,0.10918044298887253,-0.006218687165528536,0.9939988255500793,0,-0.9193868041038513,-0.3807820677757263,0.09860168397426605,0,0.3778843879699707,-0.9246420860290527,-0.047296758741140366,0,-0.6236460208892822,0.95066899061203,0.005669999867677689,1
B16,mixamorig_RightArm,15,0.7726649045944214,0.5890011191368103,-0.23670417070388794,0,-0.29917770624160767,0.6667991280555725,0.6825034022331238,0,0.5598233342170715,-0.4565666913986206,0.691433310508728,0,0,1.290884017944336,0,1
B17,mixamorig_RightForeArm,16,0.990028977394104,-0.1356615573167801,-0.033135972917079926,0,0.1366318315267563,0.9902172684669495,0.027243180200457573,0,0.02914830856025219,-0.03137892112135887,0.9989377856254578,0,0,1.5539849996566772,0,1
B18,mixamorig_RightHand,17,0.6750780940055847,-0.5541853904724121,-0.48692581057548523,0,0.5543510317802429,0.8165760636329651,-0.16074317693710327,0,0.48669782280921936,-0.161380797624588,0.8584938645362854,0,0,1.6298489570617676,0,1
B19,mixamorig_RightHandIndex1,18,-0.9901090264320374,0.12690098583698273,-0.059842001646757126,0,0.06508298218250275,0.7932680249214172,0.6053839921951294,0,0.12429401278495789,0.5955020189285278,-0.7936810255050659,0,0,0.39736101031303406,0,1
B20,mixamorig_RightHandIndex2,19,0.9976209998130798,0.02294600009918213,0.0650010034441948,0,0.01165001094341278,0.8732770085334778,-0.4870850145816803,0,-0.06793999671936035,0.48668399453163147,0.8709319829940796,0,0,0.27634701132774353,0,1
B21,mixamorig_RightHandIndex3,20,0.9610660076141357,0.1155410185456276,0.2510020136833191,0,0.14201000332832336,0.5727009773254395,-0.8073700070381165,0,-0.23703300952911377,0.811581015586853,0.5339959859848022,0,-0.020735999569296837,0.30976900458335876,-0.25726398825645447,1
B22,mixamorig_RightHandIndex4,21,1,0,0,0,0,1,0,0,0,0,1,0,-0.017635999247431755,0.04123900085687637,-0.04226300120353699,1
B23,mixamorig_LeftUpLeg,0,-0.8401726484298706,0.0858384221792221,0.535481870174408,0,0.42675673961639404,-0.5046344995498657,0.7504793405532837,0,0.3346436023712158,0.8590538501739502,0.38734686374664307,0,0.7404659986495972,-0.41187000274658203,0.08265099674463272,1
B24,mixamorig_LeftLeg,23,0.667047917842865,-0.4996141791343689,-0.5526495575904846,0,-0.22254109382629395,0.5743201375007629,-0.787797749042511,0,0.7109965085983276,0.6484834551811218,0.27191662788391113,0,0,2.7638309001922607,0,1
B25,mixamorig_LeftFoot,24,0.6306806802749634,0.04437382519245148,0.7747718095779419,0,-0.5207391977310181,0.7644229531288147,0.3801112174987793,0,-0.5753867030143738,-0.6431835889816284,0.5052155256271362,0,0,2.6260359287261963,0,1
B26,mixamorig_LeftToeBase,25,0.99446702003479,-0.09387198835611343,-0.04716300964355469,0,0.09770800173282623,0.6615620255470276,0.7434970140457153,0,-0.03859198838472366,-0.7439919710159302,0.6670740246772766,0,0,0.5224059820175171,0,1
B27,mixamorig_LeftToe_End,26,1,0,0,0,0,1,0,0,0,0,1,0,0,0.25804299116134644,0,1
B28,mixamorig_RightUpLeg,0,-0.9452417492866516,0.10130633413791656,-0.31022652983665466,0,-0.06666263192892075,-0.9904913902282715,-0.12028740346431732,0,-0.3194614052772522,-0.09302157163619995,0.9430077075958252,0,-0.7404659986495972,-0.41187000274658203,0.03676199913024902,1
B29,mixamorig_RightLeg,28,0.7658330202102661,-0.47969019412994385,-0.42824384570121765,0,-0.14167748391628265,0.5237346887588501,-0.8400151133537292,0,0.6272342205047607,0.7039878368377686,0.33313241600990295,0,0,2.7639710903167725,0,1
B30,mixamorig_RightFoot,29,0.7876419425010681,0.4921511113643646,-0.37067875266075134,0,0.09606380760669708,0.49616992473602295,0.8628939390182495,0,0.6085944771766663,-0.7152597904205322,0.3435268700122833,0,0,2.6262319087982178,0,1
B31,mixamorig_RightToeBase,30,0.9025112986564636,0.14003907144069672,-0.4072609543800354,0,0.15288349986076355,0.779883861541748,0.6069654822349548,0,0.40261566638946533,-0.6100563406944275,0.6824454069137573,0,0,0.5297219753265381,0,1
B32,mixamorig_RightToe_End,31,1,0,0,0,0,1,0,0,0,0,1,0,0,0.25582700967788696,0,1
@28,0,1,2,3,4,5,7,8,9,10,11,12,13,15,16,17,18,19,20,21,23,24,25,26,28,29,30,31
K0.000,0.6378499865531921,0.04265400022268295,0.768979012966156,0,-0.1283549964427948,0.9903889894485474,0.05153200030326843,0,-0.7593899965286255,-0.1315709948539734,0.6371939778327942,0,0.030667999759316444,5.209436893463135,-0.004139000084251165,1,0.9981619715690613,-0.027612999081611633,-0.05394800007343292,0,0.03872700035572052,0.9753299951553345,0.2173279970884323,0,0.046615999191999435,-0.21901799738407135,0.974606990814209,0,0,0.7412130236625671,0.0217909999191761,1,0.9925029873847961,-0.06704100221395493,-0.10219699889421463,0,0.0771780014038086,0.9921200275421143,0.09870000183582306,0,0.09477400034666061,-0.10584799945354462,0.9898560047149658,0,0,0.8651220202445984,0,1,0.9925029873847961,-0.06700100004673004,-0.1022230014204979,0,0.056033000349998474,0.9927189946174622,-0.10662800073623657,0,0.10862299799919128,0.10010100156068802,0.9890300035476685,0,0,0.9887120127677917,0,1,0.9866660237312317,-0.002828999888151884,-0.1627340018749237,0,0.004569999873638153,0.9999359846115112,0.010324999690055847,0,0.1626950055360794,-0.010931000113487244,0.9866160154342651,0,0,1.1123000383377075,0,1,0.9176589846611023,-0.08968400210142136,-0.3871150016784668,0,0.056501999497413635,0.9937490224838257,-0.09628599882125854,0,0.39333099126815796,0.06648500263690948,0.9169899821281433,0,0,0.3687860071659088,0.02936900034546852,1,0.28532201051712036,-0.030340999364852905,-0.957951009273529,0,0.9222970008850098,-0.26316899061203003,0.2830379903316498,0,-0.26069098711013794,-0.9642729759216309,-0.04710499942302704,0,0.6236460208892822,0.9506149888038635,0.003836000105366111,1,0.9809730052947998,0.02356800064444542,0.19270899891853333,0,-0.12263999879360199,0.8447080254554749,0.5209879875183105,0,-0.15050500631332397,-0.5347089767456055,0.831525981426239,0,0,1.290884017944336,0,1,0.8272849917411804,0.44231799244880676,0.3463430106639862,0,-0.4942860007286072,0.866096019744873,0.07456599920988083,0,-0.2669839859008789,-0.23287999629974365,0.9351400136947632,0,0,1.5539430379867554,0,1,0.9984959959983826,0.04100099951028824,-0.03639400005340576,0,-0.045062001794576645,0.9918860197067261,-0.11887600272893906,0,0.031224999576807022,0.12033700197935104,0.9922419786453247,0,0,1.6298450231552124,0,1,0.9948070049285889,0.1006229966878891,0.015317000448703766,0,-0.10061699897050858,0.9949250221252441,-0.001180000021122396,0,-0.015358000062406063,-0.00036700000055134296,0.9998819828033447,0,0,0.5972499847412109,0,1,0.6689850091934204,-0.7432129979133606,-0.009689999744296074,0,0.7413330078125,0.6681209802627563,-0.06356000155210495,0,0.05371199920773506,0.03533700108528137,0.9979310035705566,0,0,0.21713300049304962,0,1,0.6081860065460205,0.6514790058135986,0.45352500677108765,0,-0.35777801275253296,0.7349889874458313,-0.5760089755058289,0,-0.7085930109024048,0.188059002161026,0.6800950169563293,0,-0.20180800557136536,0.17784300446510315,0.03112100064754486,1,0.42046698927879333,0.07759299874305725,0.903984010219574,0,-0.8799120187759399,-0.20811599493026733,0.4271340072154999,0,0.22127600014209747,-0.97502201795578,-0.019231000915169716,0,-0.6236460208892822,0.95066899061203,0.005669999867677689,1,0.8273400068283081,0.5601379871368408,-0.0418890006840229,0,-0.380638986825943,0.6139289736747742,0.691523015499115,0,0.41306498646736145,-0.5561800003051758,0.7211390137672424,0,0,1.290884017944336,0,1,0.6576830148696899,-0.7122719883918762,-0.24519799649715424,0,0.7432519793510437,0.666549026966095,0.057342998683452606,0,0.1225930005311966,-0.21995699405670166,0.9677760004997253,0,0,1.5539849996566772,0,1,0.8107969760894775,-0.5853070020675659,0.004908999893814325,0,0.5812479853630066,0.8061069846153259,0.1110989972949028,0,-0.0689840018749237,-0.087226003408432,0.9937970042228699,0,0,1.6298489570617676,0,1,-0.9901090264320374,0.12690100073814392,-0.059842001646757126,0,0.06508299708366394,0.7932680249214172,0.6053839921951294,0,0.12429399788379669,0.5955020189285278,-0.7936800122261047,0,0,0.39736101031303406,0,1,0.9976209998130798,0.022944999858736992,0.0650010034441948,0,0.011651000007987022,0.8732770085334778,-0.4870850145816803,0,-0.06793999671936035,0.48668399453163147,0.8709319829940796,0,0,0.27634701132774353,0,1,0.9610660076141357,0.1155410036444664,0.2510020136833191,0,0.14201000332832336,0.5727009773254395,-0.8073700070381165,0,-0.23703399300575256,0.811581015586853,0.5339949727058411,0,-0.020735999569296837,0.30976900458335876,-0.25726398825645447,1,-0.6372500061988831,0.0010679999832063913,0.7706559896469116,0,0.5983350276947021,-0.6295589804649353,0.49563199281692505,0,0.4857029914855957,0.7769520282745361,0.40054699778556824,0,0.7404659986495972,-0.41187000274658203,0.08265099674463272,1,0.9305909872055054,-0.24541600048542023,-0.27160900831222534,0,-0.03903000056743622,0.6712300181388855,-0.7402210235595703,0,0.363974004983902,0.6994439959526062,0.6150619983673096,0,0,2.7638309001922607,0,1,0.7260209918022156,-0.1554339975118637,0.669875979423523,0,-0.32277899980545044,0.7831199765205383,0.5315420031547546,0,-0.607213020324707,-0.6021320223808289,0.5183910131454468,0,0,2.6260359287261963,0,1,0.997331976890564,-0.07016400247812271,-0.02012999914586544,0,0.06172399967908859,0.6634089946746826,0.7457069754600525,0,-0.03896699845790863,-0.7449600100517273,0.6659700274467468,0,0,0.5224059820175171,0,1,-0.9020709991455078,0.3551349937915802,-0.2452480047941208,0,-0.43113499879837036,-0.7674990296363831,0.4744119942188263,0,-0.01974800042808056,0.533689022064209,0.8454499840736389,0,-0.7404659986495972,-0.41187000274658203,0.03676199913024902,1,0.9935169816017151,-0.009348999708890915,0.1132970005273819,0,0.09953899681568146,0.5529599785804749,-0.8272410035133362,0,-0.05491499975323677,0.8331549763679504,0.5503060221672058,0,0,2.7639710903167725,0,1,0.6688399910926819,0.6171680092811584,-0.414436012506485,0,0.12642399966716766,0.4549340009689331,0.8815060257911682,0,0.7325779795646667,-0.6419810056686401,0.22625300288200378,0,0,2.6262319087982178,0,1,0.9957249760627747,0.04225499927997589,-0.08213800191879272,0,0.029885999858379364,0.6940190196037292,0.7193359732627869,0,0.08740100264549255,-0.7187150120735168,0.6897900104522705,0,0,0.5297219753265381,0,1
K0.033,0.6394691467285156,0.03745993971824646,0.7679038643836975,0,-0.11380182206630707,0.9924209713935852,0.046354953199625015,0,-0.7603479623794556,-0.11703082919120789,0.6388860940933228,0,0.04253009706735611,5.19858980178833,0.010759116150438786,1,0.9982119798660278,-0.031690120697021484,-0.05067293718457222,0,0.04225810244679451,0.9738019108772278,0.2234361171722412,0,0.0422649048268795,-0.22517812252044678,0.9733999967575073,0,0,0.7412130236625671,0.0217909999191761,1,0.9940429925918579,-0.056234799325466156,-0.09336083382368088,0,0.06565878540277481,0.9927030205726624,0.10114403069019318,0,0.08699185401201248,-0.10667100548744202,0.990481972694397,0,0,0.8651220202445984,0,1,0.9939450025558472,-0.055070776492357254,-0.0950818657875061,0,0.045143794268369675,0.9935969710350037,-0.10356695204973221,0,0.10017584264278412,0.09864797443151474,0.9900670051574707,0,0,0.9887120127677917,0,1,0.9842609167098999,0.03983551263809204,-0.17217127978801727,0,-0.035288501530885696,0.9989449381828308,0.029390064999461174,0,0.17316029965877533,-0.022850949317216873,0.9846289157867432,0,0,1.1123000383377075,0,1,0.9129079580307007,-0.12326940149068832,-0.3891069293022156,0,0.08997239917516708,0.9906309247016907,-0.10274308919906616,0,0.3981259763240814,0.05878593027591705,0.9154450297355652,0,0,0.3687860071659088,0.02936900034546852,1,0.29832419753074646,-0.030055001378059387,-0.9539909362792969,0,0.9200279116630554,-0.2570030391216278,0.29580020904541016,0,-0.2540690004825592,-0.9659429788589478,-0.04901906102895737,0,0.6236460208892822,0.9506149888038635,0.003836000105366111,1,0.9838590025901794,0.0006116869626566768,0.17894282937049866,0,-0.09892868250608444,0.835136890411377,0.5410721898078918,0,-0.14911003410816193,-0.5500420928001404,0.8217178583145142,0,0,1.290884017944336,0,1,0.8162518739700317,0.4651753008365631,0.3425558805465698,0,-0.518302321434021,0.8515757918357849,0.07862503826618195,0,-0.2551378011703491,-0.24172505736351013,0.9362020492553711,0,0,1.5539430379867554,0,1,0.9993910193443298,0.02532281167805195,-0.024005793035030365,0,-0.028477784246206284,0.9894869327545166,-0.14179131388664246,0,0.02016281895339489,0.14238931238651276,0.9896049499511719,0,0,1.6298450231552124,0,1,0.9958710074424744,0.08952272683382034,0.015075973235070705,0,-0.08981072157621384,0.9957640171051025,0.019691526889801025,0,-0.01324994582682848,-0.020963521674275398,0.9996920228004456,0,0,0.5972499847412109,0,1,0.6706710457801819,-0.7410169243812561,-0.03306858614087105,0,0.7398089170455933,0.671474039554596,-0.04248546436429024,0,0.05368700250983238,0.004029210656881332,0.9985499978065491,0,0,0.21713300049304962,0,1,0.6134091019630432,0.6467998623847961,0.453186959028244,0,-0.36834126710891724,0.7418941855430603,-0.5602836012840271,0,-0.6986087560653687,0.17675569653511047,0.693328320980072,0,-0.20180800557136536,0.17784300446510315,0.03112100064754486,1,0.41680586338043213,0.07976800203323364,0.9054890871047974,0,-0.8790510892868042,-0.21820713579654694,0.42385783791542053,0,0.23139412701129913,-0.9726369380950928,-0.02083001658320427,0,-0.6236460208892822,0.95066899061203,0.005669999867677689,1,0.8211231231689453,0.5649287104606628,-0.08132059127092361,0,-0.3708425760269165,0.6363834738731384,0.6763807535171509,0,0.43385812640190125,-0.5252346992492676,0.7320491075515747,0,0,1.290884017944336,0,1,0.6502379775047302,-0.7157339453697205,-0.25478315353393555,0,0.7503200173377991,0.6576139330863953,0.06754717975854874,0,0.11920297145843506,-0.23509123921394348,0.964635968208313,0,0,1.5539849996566772,0,1,0.8298831582069397,-0.5579337477684021,-0.0019940834026783705,0,0.5557647347450256,0.8263301849365234,0.09112782776355743,0,-0.04919581487774849,-0.07673390954732895,0.9958369731903076,0,0,1.6298489570617676,0,1,-0.9901090264320374,0.12690000236034393,-0.059842001646757126,0,0.06508199870586395,0.7932680249214172,0.6053850054740906,0,0.12429399788379669,0.5955020189285278,-0.7936800122261047,0,0,0.39736101031303406,0,1,0.9976209998130798,0.02294600009918213,0.0650010034441948,0,0.011649999767541885,0.8732770085334778,-0.4870850145816803,0,-0.06793999671936035,0.48668399453163147,0.8709319829940796,0,0,0.27634701132774353,0,1,0.9610660076141357,0.1155410036444664,0.2510020136833191,0,0.14201000332832336,0.572700023651123,-0.8073710203170776,0,-0.23703399300575256,0.811581015586853,0.5339949727058411,0,-0.020735999569296837,0.30976900458335876,-0.25726398825645447,1,-0.6349990367889404,-0.008079051971435547,0.772471010684967,0,0.6045140624046326,-0.6277769207954407,0.49036702513694763,0,0.4809779226779938,0.7783520817756653,0.40352103114128113,0,0.7404659986495972,-0.41187000274658203,0.08265099674463272,1,0.923171877861023,-0.26202723383903503,-0.28123918175697327,0,-0.04270206764340401,0.657217800617218,-0.7524901032447815,0,0.38200825452804565,0.7066870331764221,0.5955357551574707,0,0,2.7638309001922607,0,1,0.7164478898048401,-0.157958984375,0.6795231103897095,0,-0.335604190826416,0.7758869528770447,0.5342000126838684,0,-0.6116150617599487,-0.6107771396636963,0.5028707981109619,0,0,2.6260359287261963,0,1,0.997331976890564,-0.07016400247812271,-0.020130999386310577,0,0.06172399967908859,0.6634100079536438,0.7457060217857361,0,-0.03896699845790863,-0.7449589967727661,0.6659709811210632,0,0,0.5224059820175171,0,1,-0.9016079902648926,0.35676202178001404,-0.24459101259708405,0,-0.43181201815605164,-0.7754800915718079,0.460618793964386,0,-0.025344111025333405,0.5209147930145264,0.8532321453094482,0,-0.7404659986495972,-0.41187000274658203,0.03676199913024902,1,0.9937999844551086,-0.01609010621905327,0.11001089960336685,0,0.10049297660589218,0.5533199310302734,-0.8268849849700928,0,-0.04756685346364975,0.8328139781951904,0.551505982875824,0,0,2.7639710903167725,0,1,0.6723060011863708,0.6191880702972412,-0.40572288632392883,0,0.11472388356924057,0.45430198311805725,0.8834300637245178,0,0.7313299775123596,-0.6404809951782227,0.23439404368400574,0,0,2.6262319087982178,0,1,0.9957249760627747,0.04225600138306618,-0.08213700354099274,0,0.029885999858379364,0.6940190196037292,0.7193359732627869,0,0.08740100264549255,-0.7187150120735168,0.6897900104522705,0,0,0.5297219753265381,0,1
K0.067,0.6524878740310669,0.0314810611307621,0.75714510679245,0,-0.0960971787571907,0.9945080280303955,0.04146304726600647,0,-0.7516810894012451,-0.09981317073106766,0.6519298553466797,0,0.052177902311086655,5.181815147399902,0.022438883781433105,1,0.998075008392334,-0.04353388026356697,-0.0441780649125576,0,0.05275489389896393,0.970422089099884,0.23557987809181213,0,0.032615095376968384,-0.23745688796043396,0.9708499908447266,0,0,0.7412130236625671,0.0217909999191761,1,0.9964029788970947,-0.03606820106506348,-0.07667716592550278,0,0.043988216668367386,0.9935789704322815,0.10424096882343292,0,0.07242514193058014,-0.10723899304866791,0.9915919899940491,0,0,0.8651220202445984,0,1,0.9961090087890625,-0.032718222588300705,-0.08183213323354721,0,0.02456020563840866,0.9948059916496277,-0.09878304600715637,0,0.08463915437459946,0.09638902544975281,0.9917389750480652,0,0,0.9887120127677917,0,1,0.9754570722579956,0.09111549705266953,-0.20045171678066254,0,-0.08562250435352325,0.995680034160614,0.035925935953855515,0,0.20285870134830475,-0.01788105070590973,0.979045033454895,0,0,1.1123000383377075,0,1,0.9091410636901855,-0.163252592086792,-0.3831580579280853,0,0.12986759841442108,0.9852270483970642,-0.11163391172885895,0,0.39572203159332275,0.05173107236623764,0.9169120192527771,0,0,0.3687860071659088,0.02936900034546852,1,0.3196747899055481,-0.030178997665643692,-0.9470470547676086,0,0.9127240777015686,-0.25859296321868896,0.3163297772407532,0,-0.25444599986076355,-0.9655150175094604,-0.055119939148426056,0,0.6236460208892822,0.9506149888038635,0.003836000105366111,1,0.9861680269241333,-0.03067168965935707,0.1628851592540741,0,-0.06685332208871841,0.8256391286849976,0.5602238178253174,0,-0.15166696906089783,-0.5633648633956909,0.8121681213378906,0,0,1.290884017944336,0,1,0.8034021258354187,0.4947446882724762,0.3313201069831848,0,-0.5468977093696594,0.8331731557846069,0.08200696110725403,0,-0.23547419905662537,-0.2470829337835312,0.9399479627609253,0,0,1.5539430379867554,0,1,0.9999740123748779,0.006461187731474638,-0.0033122056629508734,0,-0.006938214413821697,0.9847880601882935,-0.17362168431282043,0,0.002140179043635726,0.1736406832933426,0.9848070740699768,0,0,1.6298450231552124,0,1,0.998013973236084,0.06177527457475662,0.012356027029454708,0,-0.06251026690006256,0.9954130053520203,0.07242248207330704,0,-0.007826054468750954,-0.07305048406124115,0.9972969889640808,0,0,0.5972499847412109,0,1,0.6749559640884399,-0.7321540713310242,-0.09156741946935654,0,0.7358880639076233,0.6770129203796387,0.011081467382609844,0,0.05387899652123451,-0.07486321777105331,0.9957370162010193,0,0,0.21713300049304962,0,1,0.626603901386261,0.6350921392440796,0.45169299840927124,0,-0.3939787447452545,0.7582088112831116,-0.5195193886756897,0,-0.6724202632904053,0.1475752890110016,0.7253087162971497,0,-0.20180800557136536,0.17784300446510315,0.03112100064754486,1,0.40074315667152405,0.0799729973077774,0.9126929640769958,0,-0.8829519152641296,-0.23218286037445068,0.40802913904190063,0,0.24454286694526672,-0.9693790674209595,-0.02243398316204548,0,-0.6236460208892822,0.95066899061203,0.005669999867677689,1,0.8316819071769714,0.5372563004493713,-0.14021942019462585,0,-0.3302474319934845,0.6816354990005493,0.6529242396354675,0,0.4463658928871155,-0.49671828746795654,0.744330883026123,0,0,1.290884017944336,0,1,0.6481320261955261,-0.7118640542030334,-0.27050885558128357,0,0.7526450157165527,0.6528920531272888,0.08518382161855698,0,0.11597403138875961,-0.2588077485561371,0.9589410424232483,0,0,1.5539849996566772,0,1,0.8469598293304443,-0.531556248664856,-0.010331917554140091,0,0.5307762622833252,0.8442808389663696,0.07393917441368103,0,-0.0305801834911108,-0.06810709089040756,0.9972090125083923,0,0,1.6298489570617676,0,1,-0.9901090264320374,0.12690000236034393,-0.059842001646757126,0,0.06508199870586395,0.7932680249214172,0.6053850054740906,0,0.12429500371217728,0.5955020189285278,-0.7936800122261047,0,0,0.39736101031303406,0,1,0.9976209998130798,0.02294600009918213,0.06499999761581421,0,0.011651000007987022,0.8732770085334778,-0.4870850145816803,0,-0.06793999671936035,0.4866830110549927,0.8709329962730408,0,0,0.27634701132774353,0,1,0.9610660076141357,0.11554200202226639,0.2510020136833191,0,0.14201000332832336,0.572700023651123,-0.8073710203170776,0,-0.23703399300575256,0.811581015586853,0.5339949727058411,0,-0.020735999569296837,0.30976900458335876,-0.25726398825645447,1,-0.6380919218063354,-0.013289947994053364,0.7698460221290588,0,0.6075489521026611,-0.6229080557823181,0.4928179681301117,0,0.4729940891265869,0.7821819186210632,0.40554696321487427,0,0.7404659986495972,-0.41187000274658203,0.08265099674463272,1,0.9106941223144531,-0.2856927514076233,-0.298354834318161,0,-0.049475934356451035,0.6416282057762146,-0.7654188871383667,0,0.41010773181915283,0.7118239402770996,0.5701922178268433,0,0,2.7638309001922607,0,1,0.7050511240959167,-0.1563890129327774,0.6916968822479248,0,-0.35257381200790405,0.7689880728721619,0.5332440137863159,0,-0.6152999401092529,-0.6198388934135437,0.48703715205192566,0,0,2.6260359287261963,0,1,0.997331976890564,-0.0701650008559227,-0.02012999914586544,0,0.06172399967908859,0.6634089946746826,0.7457069754600525,0,-0.03896800056099892,-0.7449600100517273,0.6659700274467468,0,0,0.5224059820175171,0,1,-0.9000210165977478,0.35939696431159973,-0.2465679794549942,0,-0.43431997299194336,-0.7868539094924927,0.43843820691108704,0,-0.036439888179302216,0.5016931891441345,0.8642778992652893,0,-0.7404659986495972,-0.41187000274658203,0.03676199913024902,1,0.9945799708366394,-0.02671489305794239,0.10048309713602066,0,0.098549023270607,0.5503020882606506,-0.8291289806365967,0,-0.03314614295959473,0.8345379829406738,0.5499529838562012,0,0,2.7639710903167725,0,1,0.6729829907417297,0.62528395652771,-0.39511311054229736,0,0.10279712080955505,0.4499310255050659,0.8871269226074219,0,0.732479989528656,-0.6376379728317261,0.23851895332336426,0,0,2.6262319087982178,0,1,0.9957249760627747,0.04225499927997589,-0.08213700354099274,0,0.029885999858379364,0.6940190196037292,0.7193359732627869,0,0.08739999681711197,-0.7187150120735168,0.6897889971733093,0,0,0.5297219753265381,0,1
K0.100,0.6957619786262512,0.018283000215888023,0.7180399894714355,0,-0.07353000342845917,0.9962369799613953,0.045882001519203186,0,-0.7144989967346191,-0.08472000062465668,0.694487988948822,0,0.04078499972820282,5.159182071685791,0.023057999089360237,1,0.9972569942474365,-0.06662999838590622,-0.032228998839855194,0,0.072284996509552,0.9703779816627502,0.23052600026130676,0,0.01591400057077408,-0.2322240024805069,0.9725319743156433,0,0,0.7412130236625671,0.0217909999191761,1,0.9988790154457092,0.0006309983436949551,-0.047322001308202744,0,0.004949002061039209,0.9930369853973389,0.1177000030875206,0,0.04706700146198273,-0.11780299991369247,0.9919210076332092,0,0,0.8651220202445984,0,1,0.9983059763908386,0.005908998195081949,-0.05787299945950508,0,-0.010639998130500317,0.9965929985046387,-0.08178199827671051,0,0.05719299986958504,0.08225899934768677,0.9949690103530884,0,0,0.9887120127677917,0,1,0.9704740047454834,0.1395689994096756,-0.196724995970726,0,-0.13377900421619415,0.9901000261306763,0.042486999183893204,0,0.20070700347423553,-0.014914999715983868,0.9795380234718323,0,0,1.1123000383377075,0,1,0.9323989748954773,-0.14407199621200562,-0.3314729928970337,0,0.112574003636837,0.9872609972953796,-0.11244399845600128,0,0.34345099329948425,0.06752700358629227,0.936739981174469,0,0,0.3687860071659088,0.02936900034546852,1,0.3415670096874237,-0.030667999759316444,-0.9393569827079773,0,0.9038580060005188,-0.263249009847641,0.33725398778915405,0,-0.2576279938220978,-0.9642400145530701,-0.06219799816608429,0,0.6236460208892822,0.9506149888038635,0.003836000105366111,1,0.9870139956474304,-0.05760499835014343,0.1499519944190979,0,-0.03954000025987625,0.8176440000534058,0.5743640065193176,0,-0.15569399297237396,-0.5728350281715393,0.804747998714447,0,0,1.290884017944336,0,1,0.7835140228271484,0.5326150059700012,0.32004299759864807,0,-0.5835270285606384,0.8076969981193542,0.08439499884843826,0,-0.21354800462722778,-0.25287801027297974,0.9436360001564026,0,0,1.5539430379867554,0,1,0.9995160102844238,-0.022603997960686684,0.021366998553276062,0,0.026614997535943985,0.9770359992980957,-0.21140499413013458,0,-0.01609800010919571,0.21187099814414978,0.9771649837493896,0,0,1.6298450231552124,0,1,0.9994630217552185,0.032207999378442764,0.005990000441670418,0,-0.03271299973130226,0.9910079836845398,0.12973999977111816,0,-0.0017580002313479781,-0.12986600399017334,0.9915300011634827,0,0,0.5972499847412109,0,1,0.6795539855957031,-0.7172279953956604,-0.15424300730228424,0,0.731590986251831,0.6781690120697021,0.06972000002861023,0,0.05459799990057945,-0.16022099554538727,0.9855700135231018,0,0,0.21713300049304962,0,1,0.6409720182418823,0.6225209832191467,0.4490230083465576,0,-0.42020198702812195,0.7741400003433228,-0.4734309911727905,0,-0.6423280239105225,0.11477600038051605,0.7577869892120361,0,-0.20180800557136536,0.17784300446510315,0.03112100064754486,1,0.3654470145702362,0.07663100212812424,0.9276720285415649,0,-0.8946459889411926,-0.24625900387763977,0.3727790117263794,0,0.2570149898529053,-0.9661700129508972,-0.02143700048327446,0,-0.6236460208892822,0.95066899061203,0.005669999867677689,1,0.8517100214958191,0.4835110008716583,-0.20201000571250916,0,-0.27087900042533875,0.7362470030784607,0.6201329827308655,0,0.44857001304626465,-0.47345298528671265,0.7580419778823853,0,0,1.290884017944336,0,1,0.6703180074691772,-0.6848329901695251,-0.2857939898967743,0,0.7316719889640808,0.6741979718208313,0.1005610004067421,0,0.12381500005722046,-0.27651500701904297,0.953000009059906,0,0,1.5539849996566772,0,1,0.8524919748306274,-0.52251797914505,-0.01525100041180849,0,0.5224310159683228,0.8506190180778503,0.05927100032567978,0,-0.017998000606894493,-0.05849599838256836,0.9981250166893005,0,0,1.6298489570617676,0,1,-0.9901090264320374,0.12690100073814392,-0.059842001646757126,0,0.06508299708366394,0.7932680249214172,0.6053850054740906,0,0.12429500371217728,0.5955020189285278,-0.7936800122261047,0,0,0.39736101031303406,0,1,0.9976209998130798,0.022944999858736992,0.0650010034441948,0,0.011651000007987022,0.8732770085334778,-0.4870859980583191,0,-0.06793999671936035,0.48668399453163147,0.8709319829940796,0,0,0.27634701132774353,0,1,0.9610660076141357,0.11554200202226639,0.2510020136833191,0,0.14200900495052338,0.5727009773254395,-0.8073710203170776,0,-0.23703399300575256,0.811581015586853,0.5339949727058411,0,-0.020735999569296837,0.30976900458335876,-0.25726398825645447,1,-0.6517620086669922,-0.005413000471889973,0.758404016494751,0,0.6059219837188721,-0.6051329970359802,0.5164030194282532,0,0.45614001154899597,0.7961059808731079,0.3976829946041107,0,0.7404659986495972,-0.41187000274658203,0.08265099674463272,1,0.8828780055046082,-0.3282429873943329,-0.33583199977874756,0,-0.06115800142288208,0.628682017326355,-0.7752540111541748,0,0.4656029939651489,0.7049930095672607,0.534974992275238,0,0,2.7638309001922607,0,1,0.6918269991874695,-0.1405249983072281,0.7082570195198059,0,-0.3769629895687103,0.7663080096244812,0.5202599763870239,0,-0.6158530116081238,-0.6269170045852661,0.47718000411987305,0,0,2.6260359287261963,0,1,0.997331976890564,-0.0701650008559227,-0.02012999914586544,0,0.06172399967908859,0.6634079813957214,0.7457069754600525,0,-0.03896800056099892,-0.7449610233306885,0.6659690141677856,0,0,0.5224059820175171,0,1,-0.8988540172576904,0.3544819951057434,-0.2576900124549866,0,-0.4329330027103424,-0.8095309734344482,0.3965210020542145,0,-0.06804899871349335,0.46797698736190796,0.8811169862747192,0,-0.7404659986495972,-0.41187000274658203,0.03676199913024902,1,0.9960309863090515,-0.05204100161790848,0.07220199704170227,0,0.08890599757432938,0.5441319942474365,-0.834276020526886,0,0.004129997920244932,0.8373839855194092,0.5465989708900452,0,0,2.7639710903167725,0,1,0.6674420237541199,0.6403650045394897,-0.3800710141658783,0,0.09018199890851974,0.4371289908885956,0.8948659896850586,0,0.7391809821128845,-0.6315469741821289,0.2340089976787567,0,0,2.6262319087982178,0,1,0.9957249760627747,0.04225600138306618,-0.08213700354099274,0,0.029884999617934227,0.6940190196037292,0.7193359732627869,0,0.08740100264549255,-0.7187150120735168,0.6897900104522705,0,0,0.5297219753265381,0,1
K0.133,0.7829819321632385,-0.015702607110142708,0.6218454241752625,0,-0.025475122034549713,0.9980329871177673,0.05727888643741608,0,-0.621521532535553,-0.06068950518965721,0.7810420393943787,0,-0.011039811186492443,5.142707824707031,0.019207004457712173,1,0.995963990688324,-0.08933916687965393,-0.008619779720902443,0,0.08905410021543503,0.9716588854789734,0.21897152066230774,0,-0.011187304742634296,-0.21885548532009125,0.975692868232727,0,0,0.7412130236625671,0.0217909999191761,1,0.9993249773979187,0.03651515394449234,-0.00394662469625473,0,-0.03576219081878662,0.9918940663337708,0.12193262577056885,0,0.008366626687347889,-0.12170864641666412,0.9925310611724854,0,0,0.8651220202445984,0,1,0.9988579750061035,0.04400022327899933,-0.018632657825946808,0,-0.04524219408631325,0.9963419437408447,-0.07249432057142258,0,0.0153746223077178,0.0732543021440506,0.9971950054168701,0,0,0.9887120127677917,0,1,0.9822638630867004,0.1737860143184662,-0.07039058953523636,0,-0.160592719912529,0.9735391139984131,0.16257449984550476,0,0.09678225219249725,-0.1483869105577469,0.9841811060905457,0,0,1.1123000383377075,0,1,0.9878138303756714,0.030670011416077614,-0.15258657932281494,0,-0.051369599997997284,0.9896997213363647,-0.1336236298084259,0,0.1469172239303589,0.13983331620693207,0.9792150259017944,0,0,0.3687860071659088,0.02936900034546852,1,0.43699124455451965,-0.033935029059648514,-0.8988252878189087,0,0.8564432263374329,-0.2896541655063629,0.4273221790790558,0,-0.2748499810695648,-0.9565299153327942,-0.09751246124505997,0,0.6236460208892822,0.9506149888038635,0.003836000105366111,1,0.9800638556480408,-0.06630158424377441,0.18729259073734283,0,-0.05583755299448967,0.8127686381340027,0.579905092716217,0,-0.1906745880842209,-0.5788013935089111,0.7928627729415894,0,0,1.290884017944336,0,1,0.8076592683792114,0.5252261161804199,0.26799967885017395,0,-0.560836911201477,0.8246020078659058,0.07411152124404907,0,-0.18206803500652313,-0.21016055345535278,0.9605642557144165,0,0,1.5539430379867554,0,1,0.9890184998512268,-0.1433006376028061,-0.036156103014945984,0,0.1264897584915161,0.9472780227661133,-0.29438892006874084,0,0.07643597573041916,0.28658241033554077,0.9550010561943054,0,0,1.6298450231552124,0,1,0.9966638684272766,-0.0665145143866539,-0.04729960113763809,0,0.07858975976705551,0.9384823441505432,0.3362632691860199,0,0.022023169323801994,-0.3388593792915344,0.9405794143676758,0,0,0.5972499847412109,0,1,0.6954340934753418,-0.6157029271125793,-0.37051424384117126,0,0.7159228920936584,0.6380323171615601,0.28349435329437256,0,0.06185208633542061,-0.4624107778072357,0.8845058083534241,0,0,0.21713300049304962,0,1,0.6936903595924377,0.5780436992645264,0.42971980571746826,0,-0.5009273290634155,0.8158701062202454,-0.288838654756546,0,-0.5175560712814331,-0.014893929474055767,0.8555194139480591,0,-0.20180800557136536,0.17784300446510315,0.03112100064754486,1,0.3221935033798218,0.07321704924106598,0.9438381791114807,0,-0.9046709537506104,-0.26986974477767944,0.32975852489471436,0,0.27885672450065613,-0.960108757019043,-0.020713025704026222,0,-0.6236460208892822,0.95066899061203,0.005669999867677689,1,0.8591787815093994,0.45051243901252747,-0.24258893728256226,0,-0.24517767131328583,0.7786150574684143,0.577621579170227,0,0.4491089880466461,-0.4368033707141876,0.779425323009491,0,0,1.290884017944336,0,1,0.7059361338615417,-0.6376746296882629,-0.30826038122177124,0,0.6911966800689697,0.715242326259613,0.10331790149211884,0,0.15459845960140228,-0.28600412607192993,0.9456748962402344,0,0,1.5539849996566772,0,1,0.8598311543464661,-0.5099946856498718,-0.024407077580690384,0,0.5104817152023315,0.8577571511268616,0.06050597131252289,0,-0.009921896271407604,-0.06448401510715485,0.9978690147399902,0,0,1.6298489570617676,0,1,-0.9901090264320374,0.12690100073814392,-0.059842001646757126,0,0.06508299708366394,0.7932680249214172,0.6053850054740906,0,0.12429500371217728,0.5955020189285278,-0.7936800122261047,0,0,0.39736101031303406,0,1,0.9976209998130798,0.022944999858736992,0.0650010034441948,0,0.011651000007987022,0.8732770085334778,-0.4870840013027191,0,-0.06793999671936035,0.4866830110549927,0.8709329962730408,0,0,0.27634701132774353,0,1,0.9610660076141357,0.11554200202226639,0.2510020136833191,0,0.14201000332832336,0.572700023651123,-0.8073710203170776,0,-0.23703399300575256,0.811581015586853,0.5339949727058411,0,-0.020735999569296837,0.30976900458335876,-0.25726398825645447,1,-0.6787613034248352,0.011930068954825401,0.734261691570282,0,0.596630871295929,-0.5739937424659729,0.5608594417572021,0,0.4281527101993561,0.8187731504440308,0.3824869394302368,0,0.7404659986495972,-0.41187000274658203,0.08265099674463272,1,0.8224250674247742,-0.3982268273830414,-0.40624189376831055,0,-0.08041822910308838,0.6255590319633484,-0.7760209441184998,0,0.5631611943244934,0.670888364315033,0.4824502468109131,0,0,2.7638309001922607,0,1,0.6808589696884155,-0.0987933799624443,0.7257210612297058,0,-0.4083602726459503,0.7713491320610046,0.48812150955200195,0,-0.6080078482627869,-0.6286969184875488,0.48483631014823914,0,0,2.6260359287261963,0,1,0.997331976890564,-0.0701650008559227,-0.020129000768065453,0,0.061723001301288605,0.6634079813957214,0.7457069754600525,0,-0.03896800056099892,-0.7449610233306885,0.6659690141677856,0,0,0.5224059820175171,0,1,-0.8970289826393127,0.33307161927223206,-0.29052039980888367,0,-0.41506531834602356,-0.8606976866722107,0.29482021927833557,0,-0.15185420215129852,0.3850473165512085,0.9103172421455383,0,-0.7404659986495972,-0.41187000274658203,0.03676199913024902,1,0.9957079291343689,-0.09190545231103897,0.0109520573168993,0,0.060204554349184036,0.5532524585723877,-0.8308357000350952,0,0.07029889523983002,0.8279286623001099,0.5564103722572327,0,0,2.7639710903167725,0,1,0.656562864780426,0.6618281602859497,-0.36181390285491943,0,0.07772687822580338,0.41776689887046814,0.9052230715751648,0,0.7502561211585999,-0.622458815574646,0.22284793853759766,0,0,2.6262319087982178,0,1,0.9957249760627747,0.04225499927997589,-0.08213700354099274,0,0.029885999858379364,0.6940190196037292,0.7193359732627869,0,0.08740100264549255,-0.7187150120735168,0.6897900104522705,0,0,0.5297219753265381,0,1
