1.900,30,56,33
B0,mixamorig_Hips,-1,0.981266975402832,-0.015169407241046429,0.19205638766288757,0,0.0084504010155797,0.99932461977005,0.03575589880347252,0,-0.19246895611286163,-0.03346293047070503,0.980731725692749,0,0.010483194142580032,6.034561634063721,-0.03808903694152832,1
B1,mixamorig_Spine,0,0.9993427395820618,0.012608254328370094,-0.033973079174757004,0,-0.00614998210221529,0.9829296469688416,0.1838759332895279,0,0.035712242126464844,-0.18354669213294983,0.9823625087738037,0,0,0.7412130236625671,0.0217909999191761,1
B2,mixamorig_Spine1,1,0.9972176551818848,0.01825757883489132,-0.07227209210395813,0,-0.01517412718385458,0.998960018157959,0.04298098757863045,0,0.07298216223716736,-0.041765257716178894,0.9964580535888672,0,0,0.8651220202445984,0,1
B3,mixamorig_Spine2,2,0.9979358315467834,0.015476923435926437,-0.06232132390141487,0,-0.02520318701863289,0.9870458841323853,-0.15844503045082092,0,0.05906226113438606,0.1596890091896057,0.9853988885879517,0,0,0.9887120127677917,0,1
B4,mixamorig_Neck,3,0.9934729337692261,-0.11208896338939667,-0.02113547921180725,0,0.110504649579525,0.9917290210723877,-0.06524968147277832,0,0.02827371098101139,0.062488164752721786,0.9976430535316467,0,0,1.1123000383377075,0,1
B5,mixamorig_Head,4,0.9916301965713501,0.12797297537326813,0.01709592714905739,0,-0.12904033064842224,0.9866935014724731,0.09891266375780106,0,-0.004210393875837326,-0.10029018670320511,0.9949487447738647,0,0,0.3687860071659088,0.02936900034546852,1
B6,mixamorig_HeadTop_End,5,1,0,0,0,0,1,0,0,0,0,1,0,0,2.2579920291900635,0.17982099950313568,1
B7,mixamorig_LeftShoulder,3,0.009731115773320198,-0.023419752717018127,-0.9996785521507263,0,0.9490397572517395,-0.31471681594848633,0.016611240804195404,0,-0.3150050938129425,-0.9488966464996338,0.019163427874445915,0,0.6236460208892822,0.9506149888038635,0.003836000105366111,1
B8,mixamorig_LeftArm,7,0.9963194131851196,0.029668357223272324,0.08041410893201828,0,-0.08450589329004288,0.4969061613082886,0.8636787533760071,0,-0.014335012063384056,-0.8672956824302673,0.49758535623550415,0,0,1.290884017944336,0,1
B9,mixamorig_LeftForeArm,8,0.9634639024734497,0.2678369879722595,-0.00038245515315793455,0,-0.2678256034851074,0.9634079933166504,-0.010663600638508797,0,-0.002487016608938575,0.010376298800110817,0.9999430179595947,0,0,1.5539430379867554,0,1
B10,mixamorig_LeftHand,9,0.9992476105690002,-0.019837940111756325,-0.0333067886531353,0,0.023581121116876602,0.9929656386375427,0.11602859199047089,0,0.030771445482969284,-0.11672724038362503,0.9926871061325073,0,0,1.6298450231552124,0,1
B11,mixamorig_LeftHandIndex1,10,0.9970996379852295,0.07532265037298203,-0.010933580808341503,0,-0.07459282130002975,0.9956167936325073,0.05641137808561325,0,0.015133997425436974,-0.05543244630098343,0.9983481168746948,0,0,0.5972499847412109,0,1
B12,mixamorig_LeftHandIndex2,11,0.6804671883583069,-0.7135854959487915,-0.16661390662193298,0,0.7306269407272339,0.6781107783317566,0.07968831807374954,0,0.05611792951822281,-0.17595800757408142,0.982796847820282,0,0,0.21713300049304962,0,1
B13,mixamorig_LeftHandIndex3,12,0.6086246371269226,0.6503572463989258,0.45454493165016174,0,-0.35527220368385315,0.7355974316596985,-0.5767824053764343,0,-0.7094772458076477,0.18955707550048828,0.6787565350532532,0,-0.20180800557136536,0.17784300446510315,0.03112100064754486,1
B14,mixamorig_LeftHandIndex4,13,1,0,0,0,0,1,0,0,0,0,1,0,0.0037899999879300594,0.03206799924373627,0.044335998594760895,1
B15,mixamorig_RightShoulder,3,0.00013725398457609117,0.020949291065335274,0.9997802376747131,0,-0.9514886140823364,-0.30761292576789856,0.006576394196599722,0,0.3076840341091156,-0.9512804746627808,0.01989096961915493,0,-0.6236460208892822,0.95066899061203,0.005669999867677689,1
B16,mixamorig_RightArm,15,0.9960268139839172,-0.015246761962771416,0.087713822722435,0,-0.06340011954307556,0.5702016353607178,0.8190526962280273,0,-0.06250198185443878,-0.8213599920272827,0.5669732093811035,0,0,1.290884017944336,0,1
B17,mixamorig_RightForeArm,16,0.9421552419662476,-0.3335846960544586,0.032582838088274,0,0.33406805992126465,0.9424881935119629,-0.010567542165517807,0,-0.027182849124073982,0.02084285020828247,0.9994121193885803,0,0,1.5539849996566772,0,1
B18,mixamorig_RightHand,17,0.9975920915603638,0.04567844793200493,0.052169498056173325,0,-0.04470928758382797,0.9988067746162415,-0.01959819346666336,0,-0.053001079708337784,0.017218712717294693,0.9984449148178101,0,0,1.6298489570617676,0,1
B19,mixamorig_RightHandIndex1,18,-0.996591329574585,0.07446098327636719,0.03551449999213219,0,0.077501080930233,0.992577314376831,0.09371946007013321,0,-0.028272513300180435,0.09615229815244675,-0.9949644207954407,0,0,0.39736101031303406,0,1
B20,mixamorig_RightHandIndex2,19,0.9990982413291931,-0.04245055094361305,0.0010641728295013309,0,0.039348017424345016,0.9349342584609985,0.35263192653656006,0,-0.01596420630812645,-0.3522718846797943,0.9357609748840332,0,0,0.27634701132774353,0,1
B21,mixamorig_RightHandIndex3,20,0.972241222858429,-0.15879186987876892,0.17185065150260925,0,0.16961754858493805,0.98423171043396,-0.05016474053263664,0,-0.1611754596233368,0.07792041450738907,0.9838443398475647,0,-0.020735999569296837,0.30976900458335876,-0.25726398825645447,1
B22,mixamorig_RightHandIndex4,21,1,0,0,0,0,1,0,0,0,0,1,0,-0.017635999247431755,0.04123900085687637,-0.04226300120353699,1
B23,mixamorig_LeftUpLeg,0,-0.9487612247467041,-0.1658259928226471,0.2689865827560425,0,0.22986158728599548,-0.9462860822677612,0.22738996148109436,0,0.21683137118816376,0.27756786346435547,0.9359157085418701,0,0.7404659986495972,-0.41187000274658203,0.08265099674463272,1
B24,mixamorig_LeftLeg,23,0.9975260496139526,0.032603587955236435,0.062274180352687836,0,-0.006833207327872515,0.9267073273658752,-0.37571778893470764,0,-0.06995929777622223,0.37436288595199585,0.9246382713317871,0,0,2.7638309001922607,0,1
B25,mixamorig_LeftFoot,24,0.6725575923919678,-0.21202729642391205,0.7090204954147339,0,-0.34036844968795776,0.7621055245399475,0.5507668852806091,0,-0.6571260094642639,-0.6117510795593262,0.44039225578308105,0,0,2.6260359287261963,0,1
B26,mixamorig_LeftToeBase,25,0.9944406747817993,-0.07770408689975739,0.07105599343776703,0,-0.0025287538301199675,0.6570113301277161,0.7538765668869019,0,-0.1052633598446846,-0.7498654127120972,0.6531628966331482,0,0,0.5224059820175171,0,1
B27,mixamorig_LeftToe_End,26,1,0,0,0,0,1,0,0,0,0,1,0,0,0.25804299116134644,0,1
B28,mixamorig_RightUpLeg,0,-0.9789111614227295,0.1035238653421402,-0.1761140376329422,0,-0.1310785412788391,-0.9795248508453369,0.15279826521873474,0,-0.15668971836566925,0.1726606786251068,0.9724370837211609,0,-0.7404659986495972,-0.41187000274658203,0.03676199913024902,1
B29,mixamorig_RightLeg,28,0.9961532950401306,-0.03287060186266899,-0.08122433722019196,0,-0.001694315578788519,0.9195694923400879,-0.3929215967655182,0,0.08760727196931839,0.39154791831970215,0.9159768223762512,0,0,2.7639710903167725,0,1
B30,mixamorig_RightFoot,29,0.754126787185669,0.2660123109817505,-0.6004415154457092,0,0.32257241010665894,0.6463627219200134,0.69149249792099,0,0.5720484256744385,-0.7151592373847961,0.4016309976577759,0,0,2.6262319087982178,0,1
B31,mixamorig_RightToeBase,30,0.985826313495636,0.09898634254932404,-0.13545571267604828,0,0.040243856608867645,0.6442956328392029,0.7637168765068054,0,0.16287167370319366,-0.7583436369895935,0.6311796307563782,0,0,0.5297219753265381,0,1
B32,mixamorig_RightToe_End,31,1,0,0,0,0,1,0,0,0,0,1,0,0,0.25582700967788696,0,1
@28,0,1,2,3,4,5,7,8,9,10,11,12,13,15,16,17,18,19,20,21,23,24,25,26,28,29,30,31
K0.000,0.9782130122184753,-0.01706700026988983,0.20690299570560455,0,0.008286000229418278,0.9990310072898865,0.04323200136423111,0,-0.20744000375270844,-0.04057599976658821,0.9774060249328613,0,0.027785999700427055,6.017757892608643,-0.05356699973344803,1,0.9993739724159241,0.012672999873757362,-0.03302700072526932,0,-0.006066000089049339,0.9811930060386658,0.1929350048303604,0,0.03485099971294403,-0.19261400401592255,0.9806560277938843,0,0,0.7412130236625671,0.0217909999191761,1,0.9973999857902527,0.017462000250816345,-0.06992100179195404,0,-0.013898000121116638,0.9985949993133545,0.05112899839878082,0,0.0707160010933876,-0.05002399906516075,0.9962409734725952,0,0,0.8651220202445984,0,1,0.9973999857902527,0.017488999292254448,-0.06991399824619293,0,-0.028147000819444656,0.9875919818878174,-0.15449799597263336,0,0.06634499877691269,0.1560640037059784,0.9855160117149353,0,0,0.9887120127677917,0,1,0.9919350147247314,-0.12447600066661835,-0.023887999355793,0,0.12149199843406677,0.9874749779701233,-0.10066699981689453,0,0.0361189991235733,0.09695299714803696,0.9946330189704895,0,0,1.1123000383377075,0,1,0.9914109706878662,0.1298850029706955,0.015287999995052814,0,-0.13076800107955933,0.9861649870872498,0.10187699645757675,0,-0.0018439999548718333,-0.10300099849700928,0.9946799874305725,0,0,0.3687860071659088,0.02936900034546852,1,0.006674999836832285,-0.023067999631166458,-0.9997119903564453,0,0.9497950077056885,-0.3125779926776886,0.013554000295698643,0,-0.3128010034561157,-0.949612021446228,0.019822999835014343,0,0.6236460208892822,0.9506149888038635,0.003836000105366111,1,0.9961379766464233,0.04336300119757652,0.07634200155735016,0,-0.08778700232505798,0.5054410099983215,0.8583840131759644,0,-0.0013640000252053142,-0.8617709875106812,0.5072960257530212,0,0,1.290884017944336,0,1,0.962643027305603,0.27077099680900574,-0.0014600000577047467,0,-0.2707740068435669,0.9626079797744751,-0.008163000456988811,0,-0.000805000017862767,0.008252999745309353,0.999966025352478,0,0,1.5539430379867554,0,1,0.9994459748268127,-0.000818000000435859,-0.03326699882745743,0,0.003722999943420291,0.9961699843406677,0.08735399693250656,0,0.03306800127029419,-0.0874290019273758,0.9956219792366028,0,0,1.6298450231552124,0,1,0.997048020362854,0.07602500170469284,-0.010731000453233719,0,-0.07514400035142899,0.994933009147644,0.06679999828338623,0,0.015755999833345413,-0.06579700112342834,0.9977089762687683,0,0,0.5972499847412109,0,1,0.68094801902771,-0.7113500237464905,-0.1740420013666153,0,0.7301669716835022,0.6777430176734924,0.08672499656677246,0,0.0562639981508255,-0.1861339956521988,0.9809120297431946,0,0,0.21713300049304962,0,1,0.6113029718399048,0.6479650139808655,0.454367995262146,0,-0.3605929911136627,0.739126980304718,-0.5689150094985962,0,-0.7044730186462402,0.18393699824810028,0.6854820251464844,0,-0.20180800557136536,0.17784300446510315,0.03112100064754486,1,0.009607000276446342,0.0232549998909235,0.9996830224990845,0,-0.9497920274734497,-0.3124519884586334,0.016395000740885735,0,0.3127340078353882,-0.9496489763259888,0.019084999337792397,0,-0.6236460208892822,0.95066899061203,0.005669999867677689,1,0.9959620237350464,-0.0606440007686615,0.06620299816131592,0,-0.018967000767588615,0.5786259770393372,0.8153719902038574,0,-0.08775400370359421,-0.8133350014686584,0.5751399993896484,0,0,1.290884017944336,0,1,0.9506229758262634,-0.31034600734710693,0.0011810000287368894,0,0.310342013835907,0.9505739808082581,-0.009816999547183514,0,0.0019239999819546938,0.009699000045657158,0.9999510049819946,0,0,1.5539849996566772,0,1,0.9987450242042542,0.02898699976503849,0.040846001356840134,0,-0.027432000264525414,0.9988970160484314,-0.038120001554489136,0,-0.0419050008058548,0.03695100173354149,0.9984380006790161,0,0,1.6298489570617676,0,1,-0.9966599941253662,0.07356899976730347,0.03545299917459488,0,0.07579900324344635,0.9949169754981995,0.06629300117492676,0,-0.030395999550819397,0.06875800341367722,-0.9971699714660645,0,0,0.39736101031303406,0,1,0.9990649819374084,-0.04323500022292137,-0.00017800000205170363,0,0.04008900001645088,0.924826979637146,0.3782689869403839,0,-0.016189999878406525,-0.377921998500824,0.9256960153579712,0,0,0.27634701132774353,0,1,0.9722009897232056,-0.1646070033311844,0.16652199625968933,0,0.17075400054454803,0.9850410223007202,-0.023197000846266747,0,-0.16021299362182617,0.050985999405384064,0.9857649803161621,0,-0.020735999569296837,0.30976900458335876,-0.25726398825645447,1,-0.9480739831924438,-0.1644580066204071,0.27223101258277893,0,0.23480799794197083,-0.9392549991607666,0.25032898783683777,0,0.2145249992609024,0.30125200748443604,0.929099977016449,0,0.7404659986495972,-0.41187000274658203,0.08265099674463272,1,0.9967929720878601,0.038791000843048096,0.06999599933624268,0,-0.006686000153422356,0.9119709730148315,-0.41019999980926514,0,-0.07974699884653091,0.4084169864654541,0.9093049764633179,0,0,2.7638309001922607,0,1,0.670041024684906,-0.22581900656223297,0.7071430087089539,0,-0.3406110107898712,0.7528799772262573,0.563165009021759,0,-0.6595669984817505,-0.6182050108909607,0.4275439977645874,0,0,2.6260359287261963,0,1,0.9943850040435791,-0.07813700288534164,0.07137300074100494,0,-0.0025259999092668295,0.6567069888114929,0.7541419863700867,0,-0.10579700022935867,-0.7500870227813721,0.6528220176696777,0,0,0.5224059820175171,0,1,-0.9802560210227966,0.09972800314426422,-0.17073899507522583,0,-0.13084599375724792,-0.974556028842926,0.18198899924755096,0,-0.14824500679969788,0.20073600113391876,0.9683640003204346,0,-0.7404659986495972,-0.41187000274658203,0.03676199913024902,1,0.9967010021209717,-0.0375480018556118,-0.0719510018825531,0,0.0038980001118034124,0.9076619744300842,-0.4196839928627014,0,0.08106499910354614,0.41801899671554565,0.9048140048980713,0,0,2.7639710903167725,0,1,0.7534080147743225,0.273514986038208,-0.5979670286178589,0,0.32008400559425354,0.6418169736862183,0.696861982345581,0,0.5743880271911621,-0.7164220213890076,0.39600300788879395,0,0,2.6262319087982178,0,1,0.9853150248527527,0.10132499784231186,-0.13743500411510468,0,0.04002000018954277,0.6454330086708069,0.7627670168876648,0,0.16599300503730774,-0.757066011428833,0.6319000124931335,0,0,0.5297219753265381,0,1
K0.033,0.9787570238113403,-0.016602996736764908,0.20434896647930145,0,0.008243000134825706,0.9990959763526917,0.04169198498129845,0,-0.20485596358776093,-0.03912198543548584,0.9780099987983704,0,0.02558097057044506,6.02015495300293,-0.05097696930170059,1,0.9993739724159241,0.012684999965131283,-0.033034998923540115,0,-0.006106000393629074,0.981357991695404,0.1920909881591797,0,0.03485599905252457,-0.19176898896694183,0.9808210134506226,0,0,0.7412130236625671,0.0217909999191761,1,0.9973809719085693,0.01750500127673149,-0.07017500698566437,0,-0.013985001482069492,0.9986339807510376,0.050347987562417984,0,0.07096000760793686,-0.04923398420214653,0.9962630271911621,0,0,0.8651220202445984,0,1,0.9974750280380249,0.017195994034409523,-0.06890298426151276,0,-0.027712993323802948,0.9875680208206177,-0.15473000705242157,0,0.06538598239421844,0.15624800324440002,0.9855509996414185,0,0,0.9887120127677917,0,1,0.992376983165741,-0.12113996595144272,-0.022643988952040672,0,0.11834196746349335,0.9880049824714661,-0.0992029458284378,0,0.03438997641205788,0.09576695412397385,0.9948099851608276,0,0,1.1123000383377075,0,1,0.9916080236434937,0.12822698056697845,0.01645100675523281,0,-0.1292479783296585,0.9860770106315613,0.10463100671768188,0,-0.0028050080873072147,-0.105880007147789,0.9943749904632568,0,0,0.3687860071659088,0.02936900034546852,1,0.006303993985056877,-0.022981995716691017,-0.9997159838676453,0,0.9495959877967834,-0.3131990134716034,0.013187993317842484,0,-0.3134140074253082,-0.949409008026123,0.01984899863600731,0,0.6236460208892822,0.9506149888038635,0.003836000105366111,1,0.9957460165023804,0.043925993144512177,0.08100104331970215,0,-0.09209302812814713,0.5036399960517883,0.8589910268783569,0,-0.003063024953007698,-0.8627960085868835,0.5055429935455322,0,0,1.290884017944336,0,1,0.963690996170044,0.267005980014801,-0.00270200171507895,0,-0.26701897382736206,0.9636579751968384,-0.00805099867284298,0,0.00045400188537314534,0.00848000030964613,0.9999639987945557,0,0,1.5539430379867554,0,1,0.9994620084762573,-0.005071050953119993,-0.03240800276398659,0,0.008071052841842175,0.9956210255622864,0.09313306957483292,0,0.03179299458861351,-0.09334507584571838,0.9951260089874268,0,0,1.6298450231552124,0,1,0.9970700144767761,0.07574000209569931,-0.010749000124633312,0,-0.074924997985363,0.9952229857444763,0.06258596479892731,0,0.015437996946275234,-0.06159696727991104,0.9979820251464844,0,0,0.5972499847412109,0,1,0.6807529926300049,-0.7122660279273987,-0.17103096842765808,0,0.7303529977798462,0.677901029586792,0.08386997878551483,0,0.05620399862527847,-0.18200796842575073,0.9816889762878418,0,0,0.21713300049304962,0,1,0.6102160215377808,0.6489350199699402,0.4544439911842346,0,-0.35844096541404724,0.7377020120620728,-0.5721150040626526,0,-0.7065100073814392,0.18622201681137085,0.6827629804611206,0,-0.20180800557136536,0.17784300446510315,0.03112100064754486,1,0.00875798612833023,0.023132996633648872,0.9996939897537231,0,-0.9499139785766602,-0.31212401390075684,0.015543986111879349,0,0.31238800287246704,-0.9497600197792053,0.0192400012165308,0,-0.6236460208892822,0.95066899061203,0.005669999867677689,1,0.9959700107574463,-0.055066924542188644,0.0707930475473404,0,-0.02600008249282837,0.5781469941139221,0.8155180215835571,0,-0.08583696186542511,-0.8140720129013062,0.5743860006332397,0,0,1.290884017944336,0,1,0.9499279856681824,-0.3124540150165558,0.0030540497973561287,0,0.3124690353870392,0.9498760104179382,-0.009883000515401363,0,0.00018695348990149796,0.010343017056584358,0.9999459981918335,0,0,1.5539849996566772,0,1,0.9987350106239319,0.027231009677052498,0.04226401075720787,0,-0.025671010836958885,0.9989849925041199,-0.03701097518205643,0,-0.043229009956121445,0.035878974944353104,0.9984210133552551,0,0,1.6298489570617676,0,1,-0.9966480135917664,0.07371699810028076,0.03546199947595596,0,0.07609900087118149,0.9945480227470398,0.07129905372858047,0,-0.03001299686729908,0.0737590491771698,-0.9968240261077881,0,0,0.39736101031303406,0,1,0.9990710020065308,-0.04309700056910515,0.000050002428906736895,0,0.03995800018310547,0.9267230033874512,0.37361493706703186,0,-0.016147999092936516,-0.37326595187187195,0.9275839924812317,0,0,0.27634701132774353,0,1,0.9722089767456055,-0.1635579913854599,0.16750600934028625,0,0.17054499685764313,0.984948992729187,-0.028117051348090172,0,-0.16038599610328674,0.05590205267071724,0.9854699969291687,0,-0.020735999569296837,0.30976900458335876,-0.25726398825645447,1,-0.94821697473526,-0.1649859994649887,0.2714110016822815,0,0.2342119812965393,-0.9403859972953796,0.24661394953727722,0,0.21454299986362457,0.2974119782447815,0.9303320050239563,0,0.7404659986495972,-0.41187000274658203,0.08265099674463272,1,0.996973991394043,0.03667598217725754,0.06853698194026947,0,-0.005760996136814356,0.9141319990158081,-0.40537694096565247,0,-0.07751897722482681,0.40375494956970215,0.9115769863128662,0,0,2.7638309001922607,0,1,0.6700209975242615,-0.22354596853256226,0.7078830003738403,0,-0.34142398834228516,0.7539399862289429,0.561253011226654,0,-0.6591669917106628,-0.6177390217781067,0.4288310408592224,0,0,2.6260359287261963,0,1,0.9943919777870178,-0.07810799777507782,0.07130499184131622,0,-0.0024909949861466885,0.6567260026931763,0.7541260123252869,0,-0.10573100298643112,-0.750074028968811,0.6528480052947998,0,0,0.5224059820175171,0,1,-0.9800369739532471,0.09973199665546417,-0.17199300229549408,0,-0.13040399551391602,-0.9754549860954285,0.1774299442768097,0,-0.1500760167837143,0.1963169425725937,0.9689880013465881,0,-0.7404659986495972,-0.41187000274658203,0.03676199913024902,1,0.9965469837188721,-0.03891001269221306,-0.07334703207015991,0,0.004880002234131098,0.9093170166015625,-0.4160759449005127,0,0.0828850269317627,0.4142819344997406,0.9063670039176941,0,0,2.7639710903167725,0,1,0.7535679936408997,0.27333399653434753,-0.5978490114212036,0,0.3193419873714447,0.6427220106124878,0.6963679790496826,0,0.5745919942855835,-0.7156789898872375,0.3970479965209961,0,0,2.6262319087982178,0,1,0.9854030013084412,0.10150299966335297,-0.13666699826717377,0,0.039333004504442215,0.645330011844635,0.7628909945487976,0,0.1656309962272644,-0.7571309804916382,0.6319180130958557,0,0,0.5297219753265381,0,1
K0.067,0.9794129729270935,-0.016144003719091415,0.20121802389621735,0,0.008222999982535839,0.9991599917411804,0.04014001414179802,0,-0.20169703662395477,-0.037659015506505966,0.9787240028381348,0,0.022577030584216118,6.023125171661377,-0.04806403070688248,1,0.9993699789047241,0.01268099993467331,-0.033135998994112015,0,-0.0061349994502961636,0.9816409945487976,0.19064001739025116,0,0.03494499996304512,-0.19031602144241333,0.9811009764671326,0,0,0.7412130236625671,0.0217909999191761,1,0.9973469972610474,0.017625998705625534,-0.07063399255275726,0,-0.01417599804699421,0.9986960291862488,0.04904600977897644,0,0.07140699028968811,-0.047914013266563416,0.9962959885597229,0,0,0.8651220202445984,0,1,0.9975910186767578,0.016721006482839584,-0.06732001155614853,0,-0.027024008333683014,0.9875169992446899,-0.15517599880695343,0,0.06388501822948456,0.15662099421024323,0.9855899810791016,0,0,0.9887120127677917,0,1,0.9928410053253174,-0.11750303953886032,-0.021437011659145355,0,0.11500103026628494,0.9888880252838135,-0.09421005100011826,0,0.03226802125573158,0.09107004106044769,0.9953219890594482,0,0,1.1123000383377075,0,1,0.9917969703674316,0.12666301429271698,0.01717299222946167,0,-0.1277710199356079,0.9862120151519775,0.10517299175262451,0,-0.0036139918956905603,-0.10650399327278137,0.9943060278892517,0,0,0.3687860071659088,0.02936900034546852,1,0.005703005939722061,-0.022683003917336464,-0.9997259974479675,0,0.9493520259857178,-0.3139660060405731,0.012539006769657135,0,-0.31416401267051697,-0.949163019657135,0.019743001088500023,0,0.6236460208892822,0.9506149888038635,0.003836000105366111,1,0.9954289793968201,0.043268006294965744,0.08513595163822174,0,-0.09533996880054474,0.501986026763916,0.8596050143241882,0,-0.005543975159525871,-0.8637930154800415,0.5038160085678101,0,0,1.290884017944336,0,1,0.9643719792366028,0.2645350396633148,-0.0028559984639286995,0,-0.26455003023147583,0.964339017868042,-0.007976001128554344,0,0.0006439981516450644,0.008448000065982342,0.9999639987945557,0,0,1.5539430379867554,0,1,0.9994140267372131,-0.010156949982047081,-0.03267699480056763,0,0.013384946621954441,0.9948840141296387,0.10013193637132645,0,0.03149300441145897,-0.10051092505455017,0.9944369792938232,0,0,1.6298450231552124,0,1,0.9970870018005371,0.07551199942827225,-0.010762999765574932,0,-0.07474900037050247,0.9954429864883423,0.05920803174376488,0,0.01518500316888094,-0.05823103338479996,0.9981880187988281,0,0,0.5972499847412109,0,1,0.6805970072746277,-0.7129920125007629,-0.16861502826213837,0,0.7305030226707458,0.6780189871788025,0.08158202469348907,0,0.05615700036287308,-0.17869903147220612,0.9822999835014343,0,0,0.21713300049304962,0,1,0.609345018863678,0.6497129797935486,0.4545010030269623,0,-0.3567100167274475,0.7365530133247375,-0.5746709704399109,0,-0.7081350088119507,0.18804799020290375,0.6805750131607056,0,-0.20180800557136536,0.17784300446510315,0.03112100064754486,1,0.00740401353687048,0.022846003994345665,0.9997119903564453,0,-0.9502210021018982,-0.31125500798225403,0.014151014387607574,0,0.3114889860153198,-0.95005202293396,0.01940399780869484,0,-0.6236460208892822,0.95066899061203,0.005669999867677689,1,0.9960359930992126,-0.04749607294797897,0.07521195709705353,0,-0.034106917679309845,0.5769810080528259,0.8160449862480164,0,-0.08215503394603729,-0.8153749704360962,0.5730739831924438,0,0,1.290884017944336,0,1,0.9487800002098083,-0.3158339560031891,0.008028950542211533,0,0.31590497493743896,0.9487379789352417,-0.009992999024689198,0,-0.0044609541073441505,0.012016982771456242,0.9999179840087891,0,0,1.5539849996566772,0,1,0.9986559748649597,0.028187990188598633,0.04349898919463158,0,-0.02669799141585827,0.9990490078926086,-0.034463025629520416,0,-0.0444289892911911,0.03325602784752846,0.998458981513977,0,0,1.6298489570617676,0,1,-0.9966359734535217,0.07387600094079971,0.03547399863600731,0,0.07641799747943878,0.9941250085830688,0.07665694504976273,0,-0.02960200421512127,0.07910994440317154,-0.996425986289978,0,0,0.39736101031303406,0,1,0.9990770220756531,-0.042948998510837555,0.00029299757443368435,0,0.0398159995675087,0.9287260174751282,0.3686220645904541,0,-0.016103999689221382,-0.36827006936073303,0.9295790195465088,0,0,0.27634701132774353,0,1,0.9722170233726501,-0.16242901980876923,0.16855297982692719,0,0.1703220009803772,0.9848229885101318,-0.03338194638490677,0,-0.16057300567626953,0.06116294860839844,0.9851269721984863,0,-0.020735999569296837,0.30976900458335876,-0.25726398825645447,1,-0.9483150243759155,-0.1651110053062439,0.2709909975528717,0,0.23326700925827026,-0.9416769742965698,0.2425510436296463,0,0.2151380032300949,0.29322803020477295,0.931522011756897,0,0.7404659986495972,-0.41187000274658203,0.08265099674463272,1,0.9971529841423035,0.034990016371011734,0.06679801642894745,0,-0.00539700360968709,0.916670024394989,-0.3996090590953827,0,-0.07521402090787888,0.3981110453605652,0.9142490029335022,0,0,2.7638309001922607,0,1,0.6704270243644714,-0.22091802954673767,0.7083240151405334,0,-0.34187600016593933,0.7552949786186218,0.5591520071029663,0,-0.6585209965705872,-0.6170290112495422,0.43084296584129333,0,0,2.6260359287261963,0,1,0.9944310188293457,-0.07819700241088867,0.07065900415182114,0,-0.0019770050421357155,0.6564800143241882,0.7543410062789917,0,-0.10537300258874893,-0.7502800226211548,0.6526690125465393,0,0,0.5224059820175171,0,1,-0.9799060225486755,0.09995999932289124,-0.17260299623012543,0,-0.12992200255393982,-0.9764760136604309,0.17208805680274963,0,-0.15134099125862122,0.1910550594329834,0.9698420166969299,0,-0.7404659986495972,-0.41187000274658203,0.03676199913024902,1,0.9963030219078064,-0.03993199020624161,-0.07606597244739532,0,0.005108997691422701,0.9113849997520447,-0.41152307391166687,0,0.08575896918773651,0.40961307287216187,0.9082199931144714,0,0,2.7639710903167725,0,1,0.753807008266449,0.2727600038051605,-0.5978109836578369,0,0.3187809884548187,0.6437429785728455,0.6956819891929626,0,0.5745900273323059,-0.7149810194969177,0.3983069956302643,0,0,2.6262319087982178,0,1,0.9854360222816467,0.10124000161886215,-0.1366250067949295,0,0.03956099599599838,0.6449139714241028,0.7632309794425964,0,0.16538099944591522,-0.7575200200080872,0.6315159797668457,0,0,0.5297219753265381,0,1
K0.100,0.9800869822502136,-0.015751000493764877,0.19794200360774994,0,0.008233999833464622,0.9992150068283081,0.038743000477552414,0,-0.19839699566364288,-0.036341000348329544,0.9794480204582214,0,0.018983999267220497,6.026564121246338,-0.0449410006403923,1,0.9993619918823242,0.012659999541938305,-0.03340800106525421,0,-0.006136000156402588,0.9820389747619629,0.18858100473880768,0,0.03519599884748459,-0.18825499713420868,0.9814890027046204,0,0,0.7412130236625671,0.0217909999191761,1,0.9972969889640808,0.017819000408053398,-0.0712829977273941,0,-0.014469999819993973,0.9987789988517761,0.04723700135946274,0,0.0720369964838028,-0.04607800021767616,0.9963369965553284,0,0,0.8651220202445984,0,1,0.9977319836616516,0.016147999092936516,-0.0653420016169548,0,-0.026190999895334244,0.9874259829521179,-0.15589599311351776,0,0.0620030015707016,0.15725399553775787,0.9856100082397461,0,0,0.9887120127677917,0,1,0.9932519793510437,-0.11412499845027924,-0.020614000037312508,0,0.1119609996676445,0.9899719953536987,-0.08613999933004379,0,0.03023800067603588,0.0832509994506836,0.9960700273513794,0,0,1.1123000383377075,0,1,0.9919270277023315,0.12565399706363678,0.017076000571250916,0,-0.12675200402736664,0.98648601770401,0.1038220003247261,0,-0.003800000064074993,-0.10514900088310242,0.9944490194320679,0,0,0.3687860071659088,0.02936900034546852,1,0.005061000119894743,-0.022221999242901802,-0.9997400045394897,0,0.9490470290184021,-0.3149139881134033,0.011803999543190002,0,-0.3150950074195862,-0.9488599896430969,0.019495999440550804,0,0.6236460208892822,0.9506149888038635,0.003836000105366111,1,0.9953680038452148,0.040438998490571976,0.08722399920225143,0,-0.09572900086641312,0.5008640289306641,0.8602160215377808,0,-0.008901000022888184,-0.8645809888839722,0.5024150013923645,0,0,1.290884017944336,0,1,0.9643459916114807,0.2645860016345978,-0.005628999788314104,0,-0.26462501287460327,0.9643179774284363,-0.008011000230908394,0,0.0033089998178184032,0.009215000085532665,0.9999520182609558,0,0,1.5539430379867554,0,1,0.9994180202484131,-0.015351999551057816,-0.030465999618172646,0,0.018543999642133713,0.9940410256385803,0.10741599649190903,0,0.02863599918782711,-0.10791900008916855,0.9937469959259033,0,0,1.6298450231552124,0,1,0.9970999956130981,0.07532999664545059,-0.010773999616503716,0,-0.0746069997549057,0.9956110119819641,0.0565049983561039,0,0.014983000233769417,-0.05553700029850006,0.9983440041542053,0,0,0.5972499847412109,0,1,0.6804710030555725,-0.71356600522995,-0.1666799932718277,0,0.7306230068206787,0.6781079769134521,0.07975099980831146,0,0.05611899867653847,-0.17604799568653107,0.9827809929847717,0,0,0.21713300049304962,0,1,0.6086490154266357,0.6503360271453857,0.45454299449920654,0,-0.3553209900856018,0.7356290221214294,-0.5767120122909546,0,-0.7094320058822632,0.18950599431991577,0.6788179874420166,0,-0.20180800557136536,0.17784300446510315,0.03112100064754486,1,0.005421000067144632,0.022274000570178032,0.999737024307251,0,-0.9506250023841858,-0.3101080060005188,0.01206399966031313,0,0.3102959990501404,-0.950439989566803,0.019493000581860542,0,-0.6236460208892822,0.95066899061203,0.005669999867677689,1,0.9961280226707458,-0.03783699870109558,0.07935500144958496,0,-0.04323599860072136,0.5751019716262817,0.8169389963150024,0,-0.07654699683189392,-0.8172069787979126,0.5712389945983887,0,0,1.290884017944336,0,1,0.9470250010490417,-0.3208020031452179,0.015182999894022942,0,0.32096800208091736,0.9470360279083252,-0.010152000002563,0,-0.011122000403702259,0.01448800042271614,0.9998329877853394,0,0,1.5539849996566772,0,1,0.998420000076294,0.03259800001978874,0.04576899856328964,0,-0.03122900053858757,0.9990530014038086,-0.030306000262498856,0,-0.04671400040388107,0.028829000890254974,0.9984920024871826,0,0,1.6298489570617676,0,1,-0.9966239929199219,0.07404100149869919,0.03548600152134895,0,0.07674899697303772,0.9936529994010925,0.08223599940538406,0,-0.029171999543905258,0.08468200266361237,-0.995980978012085,0,0,0.39736101031303406,0,1,0.9990839958190918,-0.042792998254299164,0.0005460000247694552,0,0.03966899961233139,0.9307850003242493,0.36340901255607605,0,-0.01606000028550625,-0.3630540072917938,0.93163001537323,0,0,0.27634701132774353,0,1,0.9722260236740112,-0.16124700009822845,0.16963699460029602,0,0.17009100317955017,0.9846619963645935,-0.03886599838733673,0,-0.16076800227165222,0.06664100289344788,0.9847400188446045,0,-0.020735999569296837,0.30976900458335876,-0.25726398825645447,1,-0.948477029800415,-0.16527000069618225,0.27032899856567383,0,0.23218899965286255,-0.9430810213088989,0.23809100687503815,0,0.21559299528598785,0.2885909974575043,0.9328640103340149,0,0.7404659986495972,-0.41187000274658203,0.08265099674463272,1,0.9973130226135254,0.033911000937223434,0.06493499875068665,0,-0.005721000023186207,0.9197559952735901,-0.3924489915370941,0,-0.07303299754858017,0.39102301001548767,0.9174789786338806,0,0,2.7638309001922607,0,1,0.6710230112075806,-0.218081995844841,0.7086390256881714,0,-0.341623991727829,0.7573239803314209,0.5565549731254578,0,-0.6580439805984497,-0.6155490279197693,0.43367999792099,0,0,2.6260359287261963,0,1,0.9943950176239014,-0.07834900170564651,0.07099000364542007,0,-0.002133999951183796,0.6564369797706604,0.7543780207633972,0,-0.10570500046014786,-0.7503020167350769,0.6525899767875671,0,0,0.5224059820175171,0,1,-0.9795709848403931,0.1007699966430664,-0.17402799427509308,0,-0.13008399307727814,-0.9774699807167053,0.1662209928035736,0,-0.15335699915885925,0.18546399474143982,0.9706109762191772,0,-0.7404659986495972,-0.41187000274658203,0.03676199913024902,1,0.9962009787559509,-0.03881699964404106,-0.07795500010251999,0,0.0038270000368356705,0.9138129949569702,-0.4061180055141449,0,0.0870010033249855,0.4042769968509674,0.910489022731781,0,0,2.7639710903167725,0,1,0.7538020014762878,0.2712180018424988,-0.5985170006752014,0,0.31949201226234436,0.6446549892425537,0.6945099830627441,0,0.5742009878158569,-0.7147449851036072,0.3992910087108612,0,0,2.6262319087982178,0,1,0.9855520129203796,0.10106600075960159,-0.13591699302196503,0,0.0392180010676384,0.6444889903068542,0.7636070251464844,0,0.16477200388908386,-0.7579039931297302,0.6312140226364136,0,0,0.5297219753265381,0,1
K0.133,0.9807239770889282,-0.015431997366249561,0.19478796422481537,0,0.00830800086259842,0.9992679953575134,0.03733598440885544,0,-0.19522197544574738,-0.034997984766960144,0.9801350235939026,0,0.014885957352817059,6.030403137207031,-0.041687965393066406,1,0.999351978302002,0.012632000260055065,-0.033702004700899124,0,-0.006136999931186438,0.9824810028076172,0.18625997006893158,0,0.035464003682136536,-0.1859329640865326,0.9819219708442688,0,0,0.7412130236625671,0.0217909999191761,1,0.9972490072250366,0.01804400235414505,-0.07189800590276718,0,-0.014815003611147404,0.998869001865387,0.04518497735261917,0,0.07263199985027313,-0.04399597644805908,0.9963880181312561,0,0,0.8651220202445984,0,1,0.9978579878807068,0.015672998502850533,-0.06351198256015778,0,-0.025494996458292007,0.987280011177063,-0.1569340080022812,0,0.060243990272283554,0.15821701288223267,0.9855650067329407,0,0,0.9887120127677917,0,1,0.9934899806976318,-0.11208699643611908,-0.020326007157564163,0,0.11024100333452225,0.9909690022468567,-0.07633589208126068,0,0.02869899570941925,0.07359789311885834,0.996874988079071,0,0,1.1123000383377075,0,1,0.9918919801712036,0.1259470134973526,0.016986999660730362,0,-0.12702500820159912,0.9866880178451538,0.10154497623443604,0,-0.003971002530306578,-0.10287898033857346,0.9946860074996948,0,0,0.3687860071659088,0.02936900034546852,1,0.006637029815465212,-0.02204401232302189,-0.9997349977493286,0,0.9488270282745361,-0.31551799178123474,0.013256032951176167,0,-0.31572699546813965,-0.9486629962921143,0.01882200315594673,0,0.6236460208892822,0.9506149888038635,0.003836000105366111,1,0.9957159757614136,0.035499945282936096,0.08538094907999039,0,-0.09167293459177017,0.49971798062324524,0.8613229990005493,0,-0.012090022675693035,-0.8654599785804749,0.5008319616317749,0,0,1.290884017944336,0,1,0.9635999798774719,0.267302006483078,-0.005008953623473644,0,-0.26733800768852234,0.9635630249977112,-0.008796017616987228,0,0.00247595040127635,0.009815004654228687,0.9999489784240723,0,0,1.5539430379867554,0,1,0.999351978302002,-0.019160008057951927,-0.03048102930188179,0,0.02248501218855381,0.993366003036499,0.11277502775192261,0,0.02811802737414837,-0.11338703334331512,0.9931529760360718,0,0,1.6298450231552124,0,1,0.9971050024032593,0.0752279981970787,-0.011037998832762241,0,-0.07451300323009491,0.9957020282745361,0.05500601604580879,0,0.015128999948501587,-0.05402401462197304,0.9984250068664551,0,0,0.5972499847412109,0,1,0.6804010272026062,-0.7138820290565491,-0.1656070202589035,0,0.7306889891624451,0.6781550049781799,0.07873600721359253,0,0.056099001318216324,-0.17457900941371918,0.9830440282821655,0,0,0.21713300049304962,0,1,0.6082630157470703,0.6506819725036621,0.45456498861312866,0,-0.35454899072647095,0.7351149916648865,-0.5778419971466064,0,-0.7101489901542664,0.19031399488449097,0.6778410077095032,0,-0.20180800557136536,0.17784300446510315,0.03112100064754486,1,0.0028869733214378357,0.02161199413239956,0.9997619986534119,0,-0.9510689973831177,-0.3088349997997284,0.009422971867024899,0,0.3089649975299835,-0.9508699774742126,0.019663002341985703,0,-0.6236460208892822,0.95066899061203,0.005669999867677689,1,0.9961519837379456,-0.02701488509774208,0.08337804675102234,0,-0.052935101091861725,0.5727609992027283,0.818011999130249,0,-0.06985392421483994,-0.8192769885063171,0.5691270232200623,0,0,1.290884017944336,0,1,0.9447870254516602,-0.3268350660800934,0.023588087409734726,0,0.3271390497684479,0.944920003414154,-0.010349001735448837,0,-0.018907079473137856,0.01749403402209282,0.9996680021286011,0,0,1.5539849996566772,0,1,0.998054027557373,0.038893066346645355,0.048742033541202545,0,-0.037700068205595016,0.9989719986915588,-0.025165945291519165,0,-0.04967103525996208,0.023279940709471703,0.998494029045105,0,0,1.6298489570617676,0,1,-0.9966109991073608,0.07420899718999863,0.03550000116229057,0,0.07708200812339783,0.9931420087814331,0.0879080593585968,0,-0.028732996433973312,0.090347059071064,-0.9954959750175476,0,0,0.39736101031303406,0,1,0.9990910291671753,-0.04263199865818024,0.0008030025637708604,0,0.039517998695373535,0.9328479766845703,0.3580959439277649,0,-0.016015000641345978,-0.3577379286289215,0.9336850047111511,0,0,0.27634701132774353,0,1,0.97223299741745,-0.16003797948360443,0.1707330197095871,0,0.169856995344162,0.984466016292572,-0.04444405436515808,0,-0.16096800565719604,0.07221005111932755,0.9843140244483948,0,-0.020735999569296837,0.30976900458335876,-0.25726398825645447,1,-0.9486119747161865,-0.1654070019721985,0.26976901292800903,0,0.23099897801876068,-0.9446189999580383,0.23309694230556488,0,0.2162729948759079,0.2834349274635315,0.9342859983444214,0,0.7404659986495972,-0.41187000274658203,0.08265099674463272,1,0.9974319934844971,0.03333599120378494,0.06339499354362488,0,-0.0064190044067800045,0.9231330752372742,-0.38442590832710266,0,-0.0713379830121994,0.3830319046974182,0.9209760427474976,0,0,2.7638309001922607,0,1,0.671953022480011,-0.21515697240829468,0.7086520195007324,0,-0.3408679962158203,0.7596409916877747,0.5538539290428162,0,-0.6574869751930237,-0.6137199997901917,0.4371030330657959,0,0,2.6260359287261963,0,1,0.9944329857826233,-0.07769700139760971,0.07117100059986115,0,-0.002616998739540577,0.6570450067520142,0.7538470029830933,0,-0.10533399879932404,-0.7498360276222229,0.6531850099563599,0,0,0.5224059820175171,0,1,-0.9793499708175659,0.10232701152563095,-0.17436501383781433,0,-0.13068099319934845,-0.9784659743309021,0.15977191925048828,0,-0.1542610228061676,0.17925894260406494,0.9716320037841797,0,-0.7404659986495972,-0.41187000274658203,0.03676199913024902,1,0.996222972869873,-0.03548097237944603,-0.07925201952457428,0,0.0008359751664102077,0.9165830016136169,-0.3998439311981201,0,0.08682800829410553,0.3982679545879364,0.9131510257720947,0,0,2.7639710903167725,0,1,0.7537829875946045,0.2687159776687622,-0.5996689796447754,0,0.32132700085639954,0.6452940106391907,0.6930689811706543,0,0.5732010006904602,-0.7151139974594116,0.4000660181045532,0,0,2.6262319087982178,0,1,0.9857460260391235,0.09867300093173981,-0.13626298308372498,0,0.04098799079656601,0.6446800231933594,0.7633529901504517,0,0.16316799819469452,-0.7580580115318298,0.6314460039138794,0,0,0.5297219753265381,0,1
