2.400,30,72,33
B0,mixamorig_Hips,-1,0.36347004771232605,0.08823323994874954,0.9271292686462402,0,-0.2720058858394623,0.9620169997215271,0.015396837145090103,0,-0.8906416893005371,-0.2580234110355377,0.37356796860694885,0,0.14704629778862,5.301297664642334,-0.31506744027137756,1
B1,mixamorig_Spine,0,0.9977828860282898,-0.014441439881920815,0.06453382968902588,0,-0.000868010800331831,0.9729244112968445,0.23103010654449463,0,-0.06611325591802597,-0.23060765862464905,0.9707878232002258,0,0,0.7412130236625671,0.0217909999191761,1
B2,mixamorig_Spine1,1,0.9909353256225586,-0.007550843991339207,0.13345332443714142,0,-0.009758017025887966,0.9916214942932129,0.12829968333244324,0,-0.13327334821224213,-0.1285402774810791,0.9826638102531433,0,0,0.8651220202445984,0,1
B3,mixamorig_Spine2,2,0.9909353256225586,-0.0076029640622437,0.13344891369342804,0,0.017863648012280464,0.9968870878219604,-0.07618138194084167,0,-0.13242900371551514,0.07779105752706528,0.9880720376968384,0,0,0.9887120127677917,0,1
B4,mixamorig_Neck,3,0.8847079277038574,-0.04549127072095871,-0.46364909410476685,0,0.028569264337420464,0.9985541105270386,-0.04368557035923004,0,0.46493420004844666,0.025287549942731857,0.8848559260368347,0,0,1.1123000383377075,0,1
B5,mixamorig_Head,4,0.8165768384933472,-0.3680218458175659,-0.4446614980697632,0,0.24071989953517914,0.9173210263252258,-0.3170630633831024,0,0.5245843529701233,0.15186674892902374,0.8376530408859253,0,0,0.3687860071659088,0.02936900034546852,1
B6,mixamorig_HeadTop_End,5,1,0,0,0,0,1,0,0,0,0,1,0,0,2.2579920291900635,0.17982099950313568,1
B7,mixamorig_LeftShoulder,3,0.22195589542388916,0.0466364249587059,-0.9739301800727844,0,0.9496364593505859,-0.23679348826408386,0.20508728921413422,0,-0.22106175124645233,-0.9704222679138184,-0.09681914001703262,0,0.6236460208892822,0.9506149888038635,0.003836000105366111,1
B8,mixamorig_LeftArm,7,0.9769675731658936,-0.20423853397369385,-0.010259633883833885,0,0.203721821308136,0.9727721810340881,0.1060548722743988,0,-0.011627646163105965,-0.1073354035615921,0.9925840497016907,0,0,1.290884017944336,0,1
B9,mixamorig_LeftForeArm,8,0.9271842837333679,0.37038758397102356,0.045200884342193604,0,-0.3728007376194,0.9175112843513489,0.13311046361923218,0,0.0073132701218128204,-0.14093251526355743,0.9897171854972839,0,0,1.5539430379867554,0,1
B10,mixamorig_LeftHand,9,0.9938257932662964,-0.10930676758289337,-0.001135673257522285,0,0.09771423786878586,0.8921487927436829,-0.44034165143966675,0,0.0488436222076416,0.4376024305820465,0.8976629972457886,0,0,1.6298450231552124,0,1
B11,mixamorig_LeftHandIndex1,10,0.9924269318580627,0.12164522707462311,0.016934331506490707,0,-0.12136158347129822,0.9505714178085327,0.28431710600852966,0,0.01855047605931759,-0.2842121720314026,0.9581416249275208,0,0,0.5972499847412109,0,1
B12,mixamorig_LeftHandIndex2,11,0.6841345429420471,-0.6951412558555603,-0.21969826519489288,0,0.7271950840950012,0.6732731461524963,0.13228964805603027,0,0.05606367811560631,-0.2502674460411072,0.9661199450492859,0,0,0.21713300049304962,0,1
B13,mixamorig_LeftHandIndex3,12,0.6807965040206909,0.5886353254318237,0.4358070194721222,0,-0.484103798866272,0.8079842925071716,-0.33466580510139465,0,-0.5492618083953857,0.01670895330607891,0.8350069522857666,0,-0.20180800557136536,0.17784300446510315,0.03112100064754486,1
B14,mixamorig_LeftHandIndex4,13,1,0,0,0,0,1,0,0,0,0,1,0,0.0037899999879300594,0.03206799924373627,0.044335998594760895,1
B15,mixamorig_RightShoulder,3,-0.028748894110322,0.06300682574510574,0.9974599480628967,0,-0.9957992434501648,-0.0872725248336792,-0.022962553426623344,0,0.0856982097029686,-0.9939602613449097,0.06517297029495239,0,-0.6236460208892822,0.95066899061203,0.005669999867677689,1
B16,mixamorig_RightArm,15,0.7042409181594849,0.3873978853225708,-0.5924153923988342,0,-0.40184274315834045,0.9071776270866394,0.1151878759264946,0,0.5836374759674072,0.15595337748527527,0.796373188495636,0,0,1.290884017944336,0,1
B17,mixamorig_RightForeArm,16,0.5223097205162048,-0.3506387174129486,-0.7691236138343811,0,0.733316957950592,0.643593430519104,0.2106717973947525,0,0.42402926087379456,-0.671770453453064,0.5965774059295654,0,0,1.5539849996566772,0,1
B18,mixamorig_RightHand,17,0.951998233795166,0.2868974506855011,0.10668633133172989,0,-0.28823304176330566,0.9575488567352295,-0.0030912759248167276,0,-0.10304051637649536,-0.027808697894215584,0.994279146194458,0,0,1.6298489570617676,0,1
B19,mixamorig_RightHandIndex1,18,-0.9901090264320374,0.12690100073814392,-0.059843000024557114,0,0.06508199870586395,0.7932680249214172,0.6053839921951294,0,0.12429600208997726,0.5955015420913696,-0.7936804890632629,0,0,0.39736101031303406,0,1
B20,mixamorig_RightHandIndex2,19,0.9976209998130798,0.02294600009918213,0.0650010034441948,0,0.011649999767541885,0.8732770085334778,-0.4870844781398773,0,-0.06793999671936035,0.4866834878921509,0.8709325194358826,0,0,0.27634701132774353,0,1
B21,mixamorig_RightHandIndex3,20,0.9610660076141357,0.11554200202226639,0.2510010004043579,0,0.14200900495052338,0.572700023651123,-0.8073710203170776,0,-0.23703399300575256,0.8115820288658142,0.5339944958686829,0,-0.020735999569296837,0.30976900458335876,-0.25726398825645447,1
B22,mixamorig_RightHandIndex4,21,1,0,0,0,0,1,0,0,0,0,1,0,-0.017635999247431755,0.04123900085687637,-0.04226300120353699,1
B23,mixamorig_LeftUpLeg,0,-0.7884579300880432,-0.2976655960083008,0.5349538922309875,0,0.531030535697937,-0.7701577544212341,0.3523373305797577,0,0.30635809898376465,0.5629033446311951,0.765416145324707,0,0.7404659986495972,-0.41187000274658203,0.08265099674463272,1
B24,mixamorig_LeftLeg,23,0.9940316081047058,0.08795040845870972,0.02660934440791607,0,-0.03916170448064804,0.6539735794067383,-0.7550025582313538,0,-0.08407449722290039,0.7498552799224854,0.6531543135643005,0,0,2.7638309001922607,0,1
B25,mixamorig_LeftFoot,24,0.6929469704627991,-0.12432145327329636,0.708316445350647,0,-0.38194945454597473,0.7705270648002625,0.5088038444519043,0,-0.6105157732963562,-0.6230373382568359,0.4878022074699402,0,0,2.6260359287261963,0,1
B26,mixamorig_LeftToeBase,25,0.9245395660400391,-0.2079363912343979,0.31302332878112793,0,-0.03004476986825466,0.7860478162765503,0.6166803240776062,0,-0.3745603859424591,-0.5800262689590454,0.7200883030891418,0,0,0.5224059820175171,0,1
B27,mixamorig_LeftToe_End,26,1,0,0,0,0,1,0,0,0,0,1,0,0,0.25804299116134644,0,1
B28,mixamorig_RightUpLeg,0,-0.9252031445503235,0.3177787661552429,-0.20738466084003448,0,-0.36015304923057556,-0.5633370280265808,0.7435839176177979,0,0.11947378516197205,0.7626543641090393,0.6356555819511414,0,-0.7404659986495972,-0.41187000274658203,0.03676199913024902,1
B29,mixamorig_RightLeg,28,0.9814370274543762,0.0875033363699913,0.16995634138584137,0,0.09334740042686462,0.5565382242202759,-0.8255608677864075,0,-0.1668284684419632,0.8260945081710815,0.5380497574806213,0,0,2.7639710903167725,0,1
B30,mixamorig_RightFoot,29,0.7782467603683472,0.45800143480300903,-0.42922043800354004,0,0.14151443541049957,0.5380703210830688,0.8309234380722046,0,0.6115151047706604,-0.7073963284492493,0.35395681858062744,0,0,2.6262319087982178,0,1
B31,mixamorig_RightToeBase,30,0.9957249760627747,0.04225551709532738,-0.08213700354099274,0,0.029885999858379364,0.6940190196037292,0.7193359732627869,0,0.08740100264549255,-0.7187150120735168,0.6897895336151123,0,0,0.5297219753265381,0,1
B32,mixamorig_RightToe_End,31,1,0,0,0,0,1,0,0,0,0,1,0,0,0.25582700967788696,0,1
@28,0,1,2,3,4,5,7,8,9,10,11,12,13,15,16,17,18,19,20,21,23,24,25,26,28,29,30,31
K0.000,0.6378499865531921,0.04265400022268295,0.768979012966156,0,-0.1283539980649948,0.9903889894485474,0.05153200030326843,0,-0.7593899965286255,-0.1315709948539734,0.6371939778327942,0,0.030667999759316444,5.209437847137451,-0.004139000084251165,1,0.9981619715690613,-0.027612999081611633,-0.05394800007343292,0,0.03872700035572052,0.9753299951553345,0.2173279970884323,0,0.046615999191999435,-0.21901799738407135,0.974606990814209,0,0,0.7412130236625671,0.0217909999191761,1,0.9925029873847961,-0.06704100221395493,-0.10219699889421463,0,0.0771780014038086,0.9921200275421143,0.09870100021362305,0,0.09477400034666061,-0.10584799945354462,0.9898560047149658,0,0,0.8651220202445984,0,1,0.9925029873847961,-0.06700100004673004,-0.1022230014204979,0,0.056033000349998474,0.9927189946174622,-0.10662800073623657,0,0.10862299799919128,0.10010100156068802,0.9890300035476685,0,0,0.9887120127677917,0,1,0.9866660237312317,-0.0028299998957663774,-0.16273300349712372,0,0.00457100011408329,0.9999359846115112,0.010323000140488148,0,0.16269400715827942,-0.01092899963259697,0.9866160154342651,0,0,1.1123000383377075,0,1,0.9176589846611023,-0.08968199789524078,-0.3871159851551056,0,0.05650100111961365,0.9937490224838257,-0.09628300368785858,0,0.39333099126815796,0.06648200005292892,0.9169899821281433,0,0,0.3687860071659088,0.02936900034546852,1,0.2857399880886078,-0.030383000150322914,-0.9578250050544739,0,0.9221569895744324,-0.2632159888744354,0.2834489941596985,0,-0.2607269883155823,-0.9642580151557922,-0.047192998230457306,0,0.6236460208892822,0.9506149888038635,0.003836000105366111,1,0.9809690117835999,0.02315700054168701,0.192781001329422,0,-0.12231499701738358,0.8447920083999634,0.5209270119667053,0,-0.15079699456691742,-0.5345929861068726,0.8315470218658447,0,0,1.290884017944336,0,1,0.8272860050201416,0.44231799244880676,0.3463430106639862,0,-0.494284987449646,0.866096019744873,0.07456500083208084,0,-0.2669839859008789,-0.23287899792194366,0.9351400136947632,0,0,1.5539430379867554,0,1,0.9984959959983826,0.04100000113248825,-0.03639400005340576,0,-0.04506099969148636,0.9918860197067261,-0.11887499690055847,0,0.031223999336361885,0.12033600360155106,0.9922419786453247,0,0,1.6298450231552124,0,1,0.9948070049285889,0.1006229966878891,0.015317000448703766,0,-0.10061699897050858,0.9949250221252441,-0.001180000021122396,0,-0.015358000062406063,-0.00036700000055134296,0.9998819828033447,0,0,0.5972499847412109,0,1,0.6689850091934204,-0.7432119846343994,-0.009689999744296074,0,0.7413319945335388,0.6681219935417175,-0.06356000155210495,0,0.05371300131082535,0.03533700108528137,0.9979310035705566,0,0,0.21713300049304962,0,1,0.6081860065460205,0.6514790058135986,0.45352500677108765,0,-0.35777801275253296,0.7349889874458313,-0.5760089755058289,0,-0.7085930109024048,0.188059002161026,0.6800950169563293,0,-0.20180800557136536,0.17784300446510315,0.03112100064754486,1,0.42106300592422485,0.0776050016283989,0.9037060141563416,0,-0.879630982875824,-0.2081039994955063,0.4277159869670868,0,0.2212579995393753,-0.9750229716300964,-0.01936200074851513,0,-0.6236460208892822,0.95066899061203,0.005669999867677689,1,0.826973021030426,0.560670018196106,-0.04201500117778778,0,-0.3809489905834198,0.6137120127677917,0.6915460228919983,0,0.41351398825645447,-0.5558840036392212,0.7211099863052368,0,0,1.290884017944336,0,1,0.6576840281486511,-0.712270975112915,-0.24519799649715424,0,0.7432519793510437,0.6665499806404114,0.057342998683452606,0,0.1225930005311966,-0.21995699405670166,0.9677760004997253,0,0,1.5539849996566772,0,1,0.8107969760894775,-0.5853070020675659,0.004908000119030476,0,0.5812479853630066,0.8061059713363647,0.1110989972949028,0,-0.06898300349712372,-0.087226003408432,0.9937970042228699,0,0,1.6298489570617676,0,1,-0.9901090264320374,0.12690100073814392,-0.059842001646757126,0,0.06508299708366394,0.7932680249214172,0.6053850054740906,0,0.12429399788379669,0.5955020189285278,-0.7936800122261047,0,0,0.39736101031303406,0,1,0.9976209998130798,0.02294600009918213,0.0650010034441948,0,0.011651000007987022,0.8732770085334778,-0.4870840013027191,0,-0.06793999671936035,0.4866830110549927,0.8709329962730408,0,0,0.27634701132774353,0,1,0.9610660076141357,0.1155410036444664,0.2510020136833191,0,0.14201000332832336,0.572700023651123,-0.8073710203170776,0,-0.23703299462795258,0.8115820288658142,0.5339949727058411,0,-0.020735999569296837,0.30976900458335876,-0.25726398825645447,1,-0.6372500061988831,0.0010679999832063913,0.7706559896469116,0,0.5983350276947021,-0.6295580267906189,0.49563199281692505,0,0.4857020080089569,0.7769520282745361,0.40054699778556824,0,0.7404659986495972,-0.41187000274658203,0.08265099674463272,1,0.9305909872055054,-0.24541600048542023,-0.27160799503326416,0,-0.03903000056743622,0.6712279915809631,-0.7402229905128479,0,0.363974004983902,0.6994460225105286,0.6150599718093872,0,0,2.7638309001922607,0,1,0.7260199785232544,-0.1554349958896637,0.6698769927024841,0,-0.32277899980545044,0.7831190228462219,0.5315430164337158,0,-0.607213020324707,-0.6021329760551453,0.5183889865875244,0,0,2.6260359287261963,0,1,0.997331976890564,-0.07016599923372269,-0.020129000768065453,0,0.06172399967908859,0.6634079813957214,0.7457079887390137,0,-0.038968998938798904,-0.7449610233306885,0.6659690141677856,0,0,0.5224059820175171,0,1,-0.9020709991455078,0.3551340103149414,-0.24524900317192078,0,-0.43113499879837036,-0.7674990296363831,0.4744130074977875,0,-0.01974800042808056,0.5336899757385254,0.8454499840736389,0,-0.7404659986495972,-0.41187000274658203,0.03676199913024902,1,0.9935169816017151,-0.009347000159323215,0.11329899728298187,0,0.09954000264406204,0.5529549717903137,-0.827243983745575,0,-0.054917000234127045,0.833158016204834,0.5503010153770447,0,0,2.7639710903167725,0,1,0.6688420176506042,0.6171640157699585,-0.41443899273872375,0,0.12642399966716766,0.45493900775909424,0.8815029859542847,0,0.7325760126113892,-0.6419810056686401,0.22625799477100372,0,0,2.6262319087982178,0,1,0.9957249760627747,0.04225600138306618,-0.08213700354099274,0,0.029885999858379364,0.6940190196037292,0.7193359732627869,0,0.08740100264549255,-0.7187150120735168,0.6897889971733093,0,0,0.5297219753265381,0,1
K0.033,0.6215267777442932,0.04632003232836723,0.7820221781730652,0,-0.12704496085643768,0.9909960031509399,0.0422738678753376,0,-0.773023247718811,-0.12562689185142517,0.6218147873878479,0,0.03171497955918312,5.213747978210449,-0.00999810453504324,1,0.9981920123100281,-0.027612002566456795,-0.053392957895994186,0,0.038569994270801544,0.9754989743232727,0.21659499406814575,0,0.046103958040475845,-0.21826200187206268,0.9747999906539917,0,0,0.7412130236625671,0.0217909999191761,1,0.9926819801330566,-0.06639498472213745,-0.10086391866207123,0,0.07624997943639755,0.9923369884490967,0.09722501784563065,0,0.0936359167098999,-0.10420400649309158,0.9901379942893982,0,0,0.8651220202445984,0,1,0.9926819801330566,-0.06635498255491257,-0.10088992118835449,0,0.05536000058054924,0.9925940036773682,-0.10813098400831223,0,0.10731791704893112,0.10175399482250214,0.9890040159225464,0,0,0.9887120127677917,0,1,0.9848649501800537,-0.006038961466401815,-0.17321820557117462,0,0.008884988725185394,0.9998379945755005,0.015662120655179024,0,0.1730952113866806,-0.01696411706507206,0.9847589135169983,0,0,1.1123000383377075,0,1,0.9167659878730774,-0.09600920975208282,-0.38771501183509827,0,0.06176216900348663,0.9930809736251831,-0.09987613558769226,0,0.3946210443973541,0.06761705130338669,0.9163529872894287,0,0,0.3687860071659088,0.02936900034546852,1,0.24899865686893463,-0.029970990493893623,-0.9680400490760803,0,0.9269580245018005,-0.2822321951389313,0.24716967344284058,0,-0.2806202173233032,-0.9588779211044312,-0.042492955923080444,0,0.6236460208892822,0.9506149888038635,0.003836000105366111,1,0.9831889867782593,0.012601879425346851,0.18215587735176086,0,-0.10449580103158951,0.8569270968437195,0.5047338008880615,0,-0.1497339904308319,-0.5152827501296997,0.843838095664978,0,0,1.290884017944336,0,1,0.8302889466285706,0.4575982987880707,0.3181576132774353,0,-0.5025702118873596,0.861491858959198,0.07248295098543167,0,-0.24092264473438263,-0.22007882595062256,0.945263147354126,0,0,1.5539430379867554,0,1,0.9982759952545166,0.04824718087911606,-0.03343099728226662,0,-0.0523211807012558,0.9895659685134888,-0.13424323499202728,0,0.02660495601594448,0.13576123118400574,0.9903839230537415,0,0,1.6298450231552124,0,1,0.994737982749939,0.10130002349615097,0.015318999998271465,0,-0.10144302248954773,0.9948019981384277,0.008859273977577686,0,-0.014341970905661583,-0.010366273112595081,0.9998430013656616,0,0,0.5972499847412109,0,1,0.6694830060005188,-0.7426289916038513,-0.01716020330786705,0,0.740884006023407,0.6692230105400085,-0.056840818375349045,0,0.05369599908590317,0.0253407284617424,0.9982360005378723,0,0,0.21713300049304962,0,1,0.6107280850410461,0.6492009162902832,0.4533750116825104,0,-0.3629421591758728,0.7383770942687988,-0.5683947801589966,0,-0.7037639021873474,0.18258585035800934,0.6865701675415039,0,-0.20180800557136536,0.17784300446510315,0.03112100064754486,1,0.3923565745353699,0.08236807584762573,0.9161171913146973,0,-0.889751136302948,-0.21856123208999634,0.4007156193256378,0,0.2332342565059662,-0.9723409414291382,-0.0124669149518013,0,-0.6236460208892822,0.95066899061203,0.005669999867677689,1,0.8212489485740662,0.5700100660324097,0.025259526446461678,0,-0.42368149757385254,0.5795760750770569,0.6961226463317871,0,0.38215652108192444,-0.5823919177055359,0.7174782752990723,0,0,1.290884017944336,0,1,0.589224636554718,-0.7743472456932068,-0.2306521087884903,0,0.8027532696723938,0.5934445858001709,0.05839909613132477,0,0.09165788441896439,-0.2195671796798706,0.9712819457054138,0,0,1.5539849996566772,0,1,0.8866513967514038,-0.46077001094818115,0.03925319015979767,0,0.46014404296875,0.8875133991241455,0.02424858696758747,0,-0.04601101949810982,-0.0034385945182293653,0.9989349842071533,0,0,1.6298489570617676,0,1,-0.9901090264320374,0.12690000236034393,-0.059842001646757126,0,0.06508199870586395,0.7932680249214172,0.6053839921951294,0,0.12429399788379669,0.5955020189285278,-0.7936810255050659,0,0,0.39736101031303406,0,1,0.9976209998130798,0.022944999858736992,0.0650010034441948,0,0.011651000007987022,0.8732770085334778,-0.4870859980583191,0,-0.06793999671936035,0.48668399453163147,0.8709319829940796,0,0,0.27634701132774353,0,1,0.9610660076141357,0.1155410036444664,0.2510020136833191,0,0.14201000332832336,0.572700023651123,-0.8073710203170776,0,-0.23703299462795258,0.8115820288658142,0.5339949727058411,0,-0.020735999569296837,0.30976900458335876,-0.25726398825645447,1,-0.6348209381103516,-0.008047166280448437,0.7726170420646667,0,0.5965139865875244,-0.6406591534614563,0.48345276713371277,0,0.49109408259391785,0.7677838206291199,0.41150417923927307,0,0.7404659986495972,-0.41187000274658203,0.08265099674463272,1,0.9367970824241638,-0.2272457331418991,-0.26602792739868164,0,-0.04528408125042915,0.6752051115036011,-0.7362388968467712,0,0.34693077206611633,0.7017530202865601,0.6222391128540039,0,0,2.7638309001922607,0,1,0.7249490022659302,-0.16708315908908844,0.6682299971580505,0,-0.31200382113456726,0.7852460741996765,0.5348290205001831,0,-0.6140860915184021,-0.5962148904800415,0.5171329975128174,0,0,2.6260359287261963,0,1,0.99754798412323,-0.06777996569871902,-0.01741095446050167,0,0.05810394138097763,0.6635469794273376,0.7458750009536743,0,-0.03900200128555298,-0.745058000087738,0.6658589839935303,0,0,0.5224059820175171,0,1,-0.9005820155143738,0.3590560257434845,-0.24501200020313263,0,-0.4344460368156433,-0.7621999382972717,0.47990405559539795,0,-0.01443494763225317,0.5386380553245544,0.8424139618873596,0,-0.7404659986495972,-0.41187000274658203,0.03676199913024902,1,0.9928209781646729,0.0013551675947383046,0.11960209906101227,0,0.09895598143339157,0.5523830056190491,-0.8276960253715515,0,-0.06718719005584717,0.8335899710655212,0.5482829809188843,0,0,2.7639710903167725,0,1,0.6783621907234192,0.6081628203392029,-0.412263959646225,0,0.12627799808979034,0.45625603199005127,0.8808429837226868,0,0.7237938046455383,-0.6495911478996277,0.2327091246843338,0,0,2.6262319087982178,0,1,0.9957249760627747,0.04225499927997589,-0.08213700354099274,0,0.029884999617934227,0.6940190196037292,0.7193359732627869,0,0.08739999681711197,-0.7187150120735168,0.6897889971733093,0,0,0.5297219753265381,0,1
K0.067,0.5950262546539307,0.04964696615934372,0.8021718263626099,0,-0.12220204621553421,0.9920740127563477,0.029245130717754364,0,-0.7943617701530457,-0.1154291033744812,0.5963772535324097,0,0.029999015852808952,5.225403785705566,-0.020395897328853607,1,0.9983980059623718,-0.02771099843084812,-0.049325041472911835,0,0.03780500590801239,0.9753900170326233,0.21722100675106049,0,0.04209204018115997,-0.21873800456523895,0.9748749732971191,0,0,0.7412130236625671,0.0217909999191761,1,0.9935809969902039,-0.06520901620388031,-0.09243908524513245,0,0.07431001961231232,0.992339015007019,0.09869598597288132,0,0.08529508113861084,-0.10493098944425583,0.9908149838447571,0,0,0.8651220202445984,0,1,0.9935809969902039,-0.06517301499843597,-0.09246408194303513,0,0.05517600104212761,0.9927449822425842,-0.10683001577854156,0,0.0987560823559761,0.10104300826787949,0.98996901512146,0,0,0.9887120127677917,0,1,0.9808740615844727,-0.002199038164690137,-0.19463078677654266,0,0.0077560110948979855,0.9995840191841125,0.02779087983071804,0,0.1944887936115265,-0.028768882155418396,0.9804830551147461,0,0,1.1123000383377075,0,1,0.9141219854354858,-0.1168207898736,-0.38824400305747986,0,0.07852383702993393,0.9904710054397583,-0.11314186453819275,0,0.3977619707584381,0.07293994724750519,0.9145849943161011,0,0,0.3687860071659088,0.02936900034546852,1,0.21529532968997955,-0.02903801016509533,-0.976116955280304,0,0.9288960099220276,-0.3023397922515869,0.21387432515621185,0,-0.3013297915458679,-0.9527580738067627,-0.03811904415488243,0,0.6236460208892822,0.9506149888038635,0.003836000105366111,1,0.9853919744491577,0.000604119268245995,0.1703021228313446,0,-0.0843392014503479,0.8704859018325806,0.4849132001399994,0,-0.14795301854610443,-0.49219223856925964,0.8578208684921265,0,0,1.290884017944336,0,1,0.8269590735435486,0.487488716840744,0.2801674008369446,0,-0.5234318375587463,0.8494301438331604,0.06699205189943314,0,-0.20532435178756714,-0.2020481824874878,0.9576109051704407,0,0,1.5539430379867554,0,1,0.9972509741783142,0.06634682416915894,-0.032989002764225006,0,-0.07073981314897537,0.984993040561676,-0.15743178129196167,0,0.022048044949769974,0.1593317687511444,0.986979067325592,0,0,1.6298450231552124,0,1,0.9945399761199951,0.1032329797744751,0.015274000354111195,0,-0.10372797399759293,0.9939450025558472,0.03623872622847557,0,-0.01144102867692709,-0.03762572631239891,0.9992259740829468,0,0,0.5972499847412109,0,1,0.6709550023078918,-0.7405490279197693,-0.037502799183130264,0,0.7395529747009277,0.6719989776611328,-0.03846118226647377,0,0.05368399992585182,-0.001929729012772441,0.9985560178756714,0,0,0.21713300049304962,0,1,0.6176199316978455,0.6430310606956482,0.45283201336860657,0,-0.3767898380756378,0.7473199367523193,-0.5473052263259888,0,-0.6903440952301025,0.1674041450023651,0.70384681224823,0,-0.20180800557136536,0.17784300446510315,0.03112100064754486,1,0.35059842467308044,0.08997092396020889,0.9321938157081604,0,-0.9001249074935913,-0.24243976175785065,0.36193639039993286,0,0.258563756942749,-0.9659860730171204,-0.0040140836499631405,0,-0.6236460208892822,0.95066899061203,0.005669999867677689,1,0.8139100670814514,0.575732946395874,0.07798347622156143,0,-0.4753994941711426,0.5828009247779846,0.6590433716773987,0,0.33398446440696716,-0.5734750628471375,0.7480506896972656,0,0,1.290884017944336,0,1,0.5522343516349792,-0.79787278175354,-0.24173489212989807,0,0.829872727394104,0.5538024306297302,0.06792890280485153,0,0.0796741172671318,-0.23812182247638702,0.9679620862007141,0,0,1.5539849996566772,0,1,0.9303795695304871,-0.36194998025894165,0.058187808841466904,0,0.36344096064567566,0.9314596056938171,-0.017134588211774826,0,-0.04799798130989075,0.037089597433805466,0.9981589913368225,0,0,1.6298489570617676,0,1,-0.9901090264320374,0.12690100073814392,-0.059842001646757126,0,0.06508299708366394,0.7932680249214172,0.6053839921951294,0,0.12429500371217728,0.5955020189285278,-0.7936800122261047,0,0,0.39736101031303406,0,1,0.9976209998130798,0.02294600009918213,0.0650010034441948,0,0.011651000007987022,0.8732770085334778,-0.4870850145816803,0,-0.06793999671936035,0.48668399453163147,0.8709319829940796,0,0,0.27634701132774353,0,1,0.9610660076141357,0.1155410036444664,0.2510020136833191,0,0.14201000332832336,0.572700023651123,-0.8073710203170776,0,-0.23703299462795258,0.8115820288658142,0.5339949727058411,0,-0.020735999569296837,0.30976900458335876,-0.25726398825645447,1,-0.6279880404472351,-0.02472483366727829,0.7778299450874329,0,0.595687985420227,-0.6584458351135254,0.4600042402744293,0,0.5007858872413635,0.7522211670875549,0.4282248318195343,0,0.7404659986495972,-0.41187000274658203,0.08265099674463272,1,0.9448989629745483,-0.20069026947021484,-0.25863105058670044,0,-0.05365391820669174,0.6844188570976257,-0.7271121144294739,0,0.3229362368583679,0.7009239792823792,0.6359388828277588,0,0,2.7638309001922607,0,1,0.7227429747581482,-0.18319784104824066,0.666392982006073,0,-0.29549717903137207,0.7897339463233948,0.5375900268554688,0,-0.6247588992118835,-0.585456132888794,0.5166400074958801,0,0,2.6260359287261963,0,1,0.997871994972229,-0.06389904022216797,-0.012983043678104877,0,0.052211061120033264,0.663752019405365,0.7461280226707458,0,-0.039058998227119446,-0.7452179789543152,0.6656759977340698,0,0,0.5224059820175171,0,1,-0.8996310234069824,0.36170896887779236,-0.2446029931306839,0,-0.4365529716014862,-0.7569500803947449,0.48625895380973816,0,-0.009268051013350487,0.5442359447479248,0.8388810753822327,0,-0.7404659986495972,-0.41187000274658203,0.03676199913024902,1,0.9914289712905884,0.018108833581209183,0.12938690185546875,0,0.09769901633262634,0.554747998714447,-0.8262619972229004,0,-0.08673980832099915,0.8318210244178772,0.5482239723205566,0,0,2.7639710903167725,0,1,0.6942018270492554,0.5919361710548401,-0.40950703620910645,0,0.1265220046043396,0.45972296595573425,0.8790029883384705,0,0.7085731625556946,-0.6620168685913086,0.24424788355827332,0,0,2.6262319087982178,0,1,0.9957249760627747,0.04225600138306618,-0.08213700354099274,0,0.029885999858379364,0.6940190196037292,0.7193359732627869,0,0.08740100264549255,-0.7187150120735168,0.6897889971733093,0,0,0.5297219753265381,0,1
K0.100,0.558754026889801,0.04824500158429146,0.8279290199279785,0,-0.11432799696922302,0.9932559728622437,0.01927899941802025,0,-0.8214150071144104,-0.10542699694633484,0.5605019927024841,0,0.024066999554634094,5.2429327964782715,-0.03547399863600731,1,0.9987589716911316,-0.027963999658823013,-0.041218001395463943,0,0.036316998302936554,0.9751819968223572,0.21840700507164001,0,0.034088000655174255,-0.21963199973106384,0.9749869704246521,0,0,0.7412130236625671,0.0217909999191761,1,0.9951300024986267,-0.06281399726867676,-0.07596500217914581,0,0.07038500159978867,0.9923449754714966,0.10147599875926971,0,0.06900899857282639,-0.10632800310850143,0.9919329881668091,0,0,0.8651220202445984,0,1,0.9951300024986267,-0.06278400123119354,-0.07598999887704849,0,0.054683998227119446,0.9930369853973389,-0.10434000194072723,0,0.08201099932193756,0.09967599809169769,0.9916340112686157,0,0,0.9887120127677917,0,1,0.974111020565033,0.007826999761164188,-0.22593499720096588,0,0.0008510003099218011,0.9992660284042358,0.03828800097107887,0,0.22606900334358215,-0.03748900070786476,0.9733899831771851,0,0,1.1123000383377075,0,1,0.9080389738082886,-0.14851799607276917,-0.3916729986667633,0,0.10635499656200409,0.9861379861831665,-0.12736299633979797,0,0.40516000986099243,0.07399400323629379,0.9112470149993896,0,0,0.3687860071659088,0.02936900034546852,1,0.1817290037870407,-0.026441000401973724,-0.9829930067062378,0,0.9291329979896545,-0.3227219879627228,0.18045200407505035,0,-0.3220050036907196,-0.9461240172386169,-0.03407999873161316,0,0.6236460208892822,0.9506149888038635,0.003836000105366111,1,0.98649001121521,-0.01466399896889925,0.16316699981689453,0,-0.06323199719190598,0.8847270011901855,0.4618009924888611,0,-0.15113000571727753,-0.46587899327278137,0.8718469738960266,0,0,1.290884017944336,0,1,0.8182340264320374,0.5246800184249878,0.23495599627494812,0,-0.5508379936218262,0.8325080275535583,0.059223998337984085,0,-0.1645289957523346,-0.17788100242614746,0.9702000021934509,0,0,1.5539430379867554,0,1,0.9953969717025757,0.08936899900436401,-0.03462100028991699,0,-0.09427899867296219,0.9780009984970093,-0.1860789954662323,0,0.017229000106453896,0.1884859949350357,0.9819250106811523,0,0,1.6298450231552124,0,1,0.9942280054092407,0.1061989963054657,0.01521500013768673,0,-0.10706000030040741,0.9912800192832947,0.07682400196790695,0,-0.0069240001030266285,-0.07800900191068649,0.9969289898872375,0,0,0.5972499847412109,0,1,0.6731290221214294,-0.7364299893379211,-0.06758499890565872,0,0.7375670075416565,0.6751829981803894,-0.011057000607252121,0,0.05377500131726265,-0.04240500181913376,0.997651994228363,0,0,0.21713300049304962,0,1,0.6278730034828186,0.6339589953422546,0.45152100920677185,0,-0.39662599563598633,0.7597650289535522,-0.5152130126953125,0,-0.6696739792823792,0.14440299570560455,0.7284809947013855,0,-0.20180800557136536,0.17784300446510315,0.03112100064754486,1,0.283627986907959,0.09993600100278854,0.9537129998207092,0,-0.9108009934425354,-0.28306201100349426,0.30052700638771057,0,0.29999300837516785,-0.953881025314331,0.010736999101936817,0,-0.6236460208892822,0.95066899061203,0.005669999867677689,1,0.8269820213317871,0.5535380244255066,0.09847400337457657,0,-0.5028449892997742,0.649852991104126,0.5699459910392761,0,0.25149300694465637,-0.5208520293235779,0.8157600164413452,0,0,1.290884017944336,0,1,0.5532649755477905,-0.7824599742889404,-0.28575199842453003,0,0.8290370106697083,0.5506619811058044,0.09730900079011917,0,0.08121199905872345,-0.29073598980903625,0.9533500075340271,0,0,1.5539849996566772,0,1,0.9564329981803894,-0.28191301226615906,0.07590500265359879,0,0.28491899371147156,0.9580169916152954,-0.03200199827551842,0,-0.06369700282812119,0.05223499983549118,0.9966009855270386,0,0,1.6298489570617676,0,1,-0.9901090264320374,0.12690100073814392,-0.059842001646757126,0,0.06508299708366394,0.7932680249214172,0.6053850054740906,0,0.12429500371217728,0.5955020189285278,-0.7936800122261047,0,0,0.39736101031303406,0,1,0.9976209998130798,0.022944999858736992,0.06499999761581421,0,0.011651000007987022,0.8732770085334778,-0.4870850145816803,0,-0.06793899834156036,0.4866830110549927,0.8709329962730408,0,0,0.27634701132774353,0,1,0.9610660076141357,0.11554200202226639,0.2510020136833191,0,0.14201000332832336,0.572700023651123,-0.8073710203170776,0,-0.23703399300575256,0.8115820288658142,0.5339949727058411,0,-0.020735999569296837,0.30976900458335876,-0.25726398825645447,1,-0.6216009855270386,-0.04732599854469299,0.7819030284881592,0,0.5956659913063049,-0.6767989993095398,0.43257999420166016,0,0.5087190270423889,0.7346450090408325,0.44888898730278015,0,0.7404659986495972,-0.41187000274658203,0.08265099674463272,1,0.9559959769248962,-0.15713199973106384,-0.24775099754333496,0,-0.07039900124073029,0.6969379782676697,-0.7136679887771606,0,0.2848069965839386,0.6997050046920776,0.6552079916000366,0,0,2.7638309001922607,0,1,0.7184290289878845,-0.20767100155353546,0.663877010345459,0,-0.26899299025535583,0.7972019910812378,0.540473997592926,0,-0.6414840221405029,-0.5668699741363525,0.5168709754943848,0,0,2.6260359287261963,0,1,0.9982699751853943,-0.058407001197338104,-0.006723000667989254,0,0.043877001851797104,0.6640059947967529,0.7464389801025391,0,-0.03913300111889839,-0.7454419732093811,0.6654199957847595,0,0,0.5224059820175171,0,1,-0.9017660021781921,0.35703301429748535,-0.24361099302768707,0,-0.4321810007095337,-0.7529309988021851,0.49630099534988403,0,-0.006227000150829554,0.5528309941291809,0.8332700133323669,0,-0.7404659986495972,-0.41187000274658203,0.03676199913024902,1,0.989113986492157,0.0391089990735054,0.1418599933385849,0,0.09579399973154068,0.5606629848480225,-0.822484016418457,0,-0.11170200258493423,0.8271200060844421,0.5508139729499817,0,0,2.7639710903167725,0,1,0.7150740027427673,0.5685870051383972,-0.40666601061820984,0,0.12750500440597534,0.46589699387550354,0.875603973865509,0,0.6873220205307007,-0.6779739856719971,0.26065298914909363,0,0,2.6262319087982178,0,1,0.9957249760627747,0.04225499927997589,-0.08213700354099274,0,0.029885999858379364,0.6940190196037292,0.7193359732627869,0,0.08739999681711197,-0.7187150120735168,0.6897889971733093,0,0,0.5297219753265381,0,1
K0.133,0.5117954015731812,0.04621000587940216,0.8578633666038513,0,-0.10802099108695984,0.9940890073776245,0.010896910913288593,0,-0.8522893786430359,-0.09824398159980774,0.5137624144554138,0,0.015192907303571701,5.264461040496826,-0.05608837679028511,1,0.999118983745575,-0.02860201522707939,-0.030717896297574043,0,0.03466499224305153,0.9749529957771301,0.21969301998615265,0,0.023664893582463264,-0.22056399285793304,0.9750850200653076,0,0,0.7412130236625671,0.0217909999191761,1,0.996662974357605,-0.06078799441456795,-0.05448077991604805,0,0.06623698025941849,0.9923120141029358,0.10454102605581284,0,0.047706782817840576,-0.10780000686645508,0.9930269718170166,0,0,0.8651220202445984,0,1,0.996662974357605,-0.06076699495315552,-0.05450478196144104,0,0.055008020251989365,0.9933069944381714,-0.10156498104333878,0,0.060311779379844666,0.09822799265384674,0.9933350086212158,0,0,0.9887120127677917,0,1,0.9632598161697388,0.018624041229486465,-0.2679244875907898,0,-0.006698026787489653,0.9989479780197144,0.04535797983407974,0,0.26848751306533813,-0.04189696162939072,0.962371826171875,0,0,1.1123000383377075,0,1,0.8976649045944214,-0.18462033569812775,-0.4001411199569702,0,0.13626328110694885,0.9797989130020142,-0.14637917280197144,0,0.4190821647644043,0.0768740177154541,0.9046879410743713,0,0,0.3687860071659088,0.02936900034546852,1,0.14679162204265594,-0.021170897409319878,-0.9889410734176636,0,0.9281560182571411,-0.34273919463157654,0.14510659873485565,0,-0.3420211970806122,-0.9391919374465942,-0.030661987140774727,0,0.6236460208892822,0.9506149888038635,0.003836000105366111,1,0.9854629635810852,-0.03495224192738533,0.16625414788722992,0,-0.041585780680179596,0.8992061018943787,0.4355446994304657,0,-0.16472023725509644,-0.4361276626586914,0.8846811056137085,0,0,1.290884017944336,0,1,0.8051179051399231,0.5609033107757568,0.19279976189136505,0,-0.5789872407913208,0.813782811164856,0.05030890926718712,0,-0.1286788284778595,-0.15213382244110107,0.979947030544281,0,0,1.5539430379867554,0,1,0.993071973323822,0.11151215434074402,-0.037052031606435776,0,-0.11693216115236282,0.9689449071884155,-0.21788136661052704,0,0.011604943312704563,0.22070437669754028,0.9752718806266785,0,0,1.6298450231552124,0,1,0.9938309788703918,0.10984303802251816,0.01531300414353609,0,-0.11089804023504257,0.9857608675956726,0.12639755010604858,0,-0.0012109344825148582,-0.12731553614139557,0.9918619394302368,0,0,0.5972499847412109,0,1,0.6757760047912598,-0.729706883430481,-0.10418640077114105,0,0.7351239919662476,0.6775529980659485,0.022688375785946846,0,0.05403600260615349,-0.09192254394292831,0.9942989349365234,0,0,0.21713300049304962,0,1,0.6404361128807068,0.6229598522186279,0.4491789638996124,0,-0.4196842312812805,0.7736861109733582,-0.47463151812553406,0,-0.6431996822357178,0.11545766890048981,0.7569432854652405,0,-0.20180800557136536,0.17784300446510315,0.03112100064754486,1,0.21527127921581268,0.1063539981842041,0.9707451462745667,0,-0.9133369326591492,-0.32991543412208557,0.23868535459041595,0,0.3456494212150574,-0.9379998445510864,0.026116160675883293,0,-0.6236460208892822,0.95066899061203,0.005669999867677689,1,0.8527363538742065,0.5141454339027405,0.09217267483472824,0,-0.49670958518981934,0.7435659170150757,0.44764968752861023,0,0.1616203486919403,-0.4275098145008087,0.8894456028938293,0,0,1.290884017944336,0,1,0.57762610912323,-0.7373725771903992,-0.3501845598220825,0,0.8087888956069946,0.575042188167572,0.12324118614196777,0,0.11049629747867584,-0.3544124960899353,0.9285377860069275,0,0,1.5539849996566772,0,1,0.9723531007766724,-0.21468910574913025,0.09185708314180374,0,0.21795710921287537,0.9755831956863403,-0.027050940319895744,0,-0.08380712568759918,0.04632387310266495,0.9954050183296204,0,0,1.6298489570617676,0,1,-0.9901090264320374,0.12690100073814392,-0.059842001646757126,0,0.06508299708366394,0.7932680249214172,0.6053839921951294,0,0.12429500371217728,0.5955020189285278,-0.7936800122261047,0,0,0.39736101031303406,0,1,0.9976209998130798,0.02294600009918213,0.06499999761581421,0,0.011649999767541885,0.8732770085334778,-0.4870850145816803,0,-0.06793999671936035,0.48668399453163147,0.8709319829940796,0,0,0.27634701132774353,0,1,0.9610660076141357,0.11554200202226639,0.2510020136833191,0,0.14201000332832336,0.572700023651123,-0.8073710203170776,0,-0.23703399300575256,0.811581015586853,0.5339949727058411,0,-0.020735999569296837,0.30976900458335876,-0.25726398825645447,1,-0.615872859954834,-0.0719822496175766,0.7845500707626343,0,0.5932679772377014,-0.6976122260093689,0.4017096161842346,0,0.5183961987495422,0.7128507494926453,0.4723452031612396,0,0.7404659986495972,-0.41187000274658203,0.08265099674463272,1,0.9678851366043091,-0.0999193862080574,-0.23068170249462128,0,-0.09204216301441193,0.7130512595176697,-0.6950437426567078,0,0.2339363843202591,0.6939558386802673,0.6809553503990173,0,0,2.7638309001922607,0,1,0.7095679640769958,-0.23916713893413544,0.66280597448349,0,-0.2357807457447052,0.8058251142501831,0.5431889295578003,0,-0.6640191078186035,-0.5417057871818542,0.5153970718383789,0,0,2.6260359287261963,0,1,0.9987580180168152,-0.049494095146656036,-0.0056678964756429195,0,0.0371989831328392,0.6652689576148987,0.7456770539283752,0,-0.033136144280433655,-0.7449620366096497,0.6662839651107788,0,0,0.5224059820175171,0,1,-0.9057720303535461,0.34806588292121887,-0.24171696603298187,0,-0.42376187443733215,-0.7465248703956604,0.5129593014717102,0,-0.0019039098406210542,0.5670542120933533,0.8236778378486633,0,-0.7404659986495972,-0.41187000274658203,0.03676199913024902,1,0.9855649471282959,0.06361529231071472,0.15689218044281006,0,0.09349797666072845,0.5680490732192993,-0.8176659345626831,0,-0.14113834500312805,0.820531964302063,0.5539019703865051,0,0,2.7639710903167725,0,1,0.7393733263015747,0.5391896367073059,-0.403238981962204,0,0.12887603044509888,0.4744941294193268,0.8707729578018188,0,0.6608456373214722,-0.6957951784133911,0.28133922815322876,0,0,2.6262319087982178,0,1,0.9957249760627747,0.04225600138306618,-0.08213700354099274,0,0.029884999617934227,0.6940190196037292,0.7193359732627869,0,0.08740100264549255,-0.7187150120735168,0.6897900104522705,0,0,0.5297219753265381,0,1
