3.167,30,95,33
B0,mixamorig_Hips,-1,0.4689563512802124,0.015868738293647766,0.8830779790878296,0,-0.038457419723272324,0.9992572069168091,0.0024668285623192787,0,-0.8823831677436829,-0.035117924213409424,0.46921831369400024,0,0.5466320514678955,5.926877498626709,0.2103661298751831,1
B1,mixamorig_Spine,0,0.9976296424865723,0.04094356298446655,0.055300258100032806,0,-0.05191260576248169,0.9753730297088623,0.21436424553394318,0,-0.04516112431883812,-0.21672660112380981,0.975186824798584,0,0,0.7412130236625671,0.0217909999191761,1
B2,mixamorig_Spine1,1,0.9992564916610718,-0.03636430576443672,0.012785747647285461,0,0.034953176975250244,0.9946500062942505,0.09720764309167862,0,-0.016252540051937103,-0.09668781608343124,0.9951817393302917,0,0,0.8651220202445984,0,1
B3,mixamorig_Spine2,2,0.9999496936798096,-0.00989625509828329,-0.0016631603939458728,0,0.009694253094494343,0.9954491853713989,-0.09480408579111099,0,0.0025945843663066626,0.09478286653757095,0.9954943060874939,0,0,0.9887120127677917,0,1
B4,mixamorig_Neck,3,0.8069496750831604,-0.05656334385275841,-0.5879027247428894,0,0.11402028053998947,0.9915969967842102,0.0610976442694664,0,0.5795073509216309,-0.11633496731519699,0.8066183924674988,0,0,1.1123000383377075,0,1
B5,mixamorig_Head,4,0.8985707759857178,-0.09676454961299896,-0.4280255436897278,0,0.11498641967773438,0.9932242035865784,0.01685509830713272,0,0.42349499464035034,-0.06436167657375336,0.903609037399292,0,0,0.3687860071659088,0.02936900034546852,1
B6,mixamorig_HeadTop_End,5,1,0,0,0,0,1,0,0,0,0,1,0,0,2.2579920291900635,0.17982099950313568,1
B7,mixamorig_LeftShoulder,3,-0.04208417609333992,0.006149327382445335,-0.9990948438644409,0,0.9455528855323792,-0.32277223467826843,-0.04181575030088425,0,-0.3227369487285614,-0.9464569687843323,0.007768968585878611,0,0.6236460208892822,0.9506149888038635,0.003836000105366111,1
B8,mixamorig_LeftArm,7,0.9978345632553101,0.05912930890917778,-0.028794310986995697,0,-0.03454052656888962,0.8437384366989136,0.5356398820877075,0,0.055965375155210495,-0.5334857106208801,0.8439536690711975,0,0,1.290884017944336,0,1
B9,mixamorig_LeftForeArm,8,0.5829453468322754,0.8124096989631653,-0.012853323481976986,0,-0.8119107484817505,0.5830493569374084,0.029224734753370285,0,0.03123600035905838,-0.006600843742489815,0.9994900226593018,0,0,1.5539430379867554,0,1
B10,mixamorig_LeftHand,9,0.9806584119796753,0.18900471925735474,0.05084450542926788,0,-0.15633036196231842,0.9126940369606018,-0.3775559365749359,0,-0.1177661195397377,0.36230558156967163,0.9245895147323608,0,0,1.6298450231552124,0,1
B11,mixamorig_LeftHandIndex1,10,0.9954675436019897,0.09464876353740692,0.009270074777305126,0,-0.09489363431930542,0.9949941039085388,0.03124229609966278,0,-0.006268158555030823,-0.03198109567165375,0.9994666576385498,0,0,0.5972499847412109,0,1
B12,mixamorig_LeftHandIndex2,11,0.6695787906646729,-0.7420217394828796,-0.03265455737709999,0,0.7409518361091614,0.6703677177429199,-0.039940331131219864,0,0.05152766406536102,0.0025475609581917524,0.9986661672592163,0,0,0.21713300049304962,0,1
B13,mixamorig_LeftHandIndex3,12,0.617263913154602,0.6421667337417603,0.4545402228832245,0,-0.37238001823425293,0.7473931908607483,-0.5502105951309204,0,-0.693047821521759,0.17036201059818268,0.700468897819519,0,-0.20180800557136536,0.17784300446510315,0.03112100064754486,1
B14,mixamorig_LeftHandIndex4,13,1,0,0,0,0,1,0,0,0,0,1,0,0.0037899999879300594,0.03206799924373627,0.044335998594760895,1
B15,mixamorig_RightShoulder,3,-0.009457328356802464,-0.15864180028438568,0.9872904419898987,0,-0.9614331126213074,-0.26996609568595886,-0.05258868634700775,0,0.2748773396015167,-0.9497109055519104,-0.1499699354171753,0,-0.6236460208892822,0.95066899061203,0.005669999867677689,1
B16,mixamorig_RightArm,15,0.9847230911254883,-0.11282117664813995,0.1326308697462082,0,0.019324811175465584,0.8278025388717651,0.5606861114501953,0,-0.17304997146129608,-0.5495575070381165,0.8173360824584961,0,0,1.290884017944336,0,1
B17,mixamorig_RightForeArm,16,0.5978808999061584,-0.7926802635192871,0.11913639307022095,0,0.7896257042884827,0.607995867729187,0.08263088762760162,0,-0.1379336565732956,0.04466841369867325,0.9894329309463501,0,0,1.5539849996566772,0,1
B18,mixamorig_RightHand,17,0.7672415375709534,0.13877534866333008,-0.6261638402938843,0,-0.29261744022369385,0.944515585899353,-0.14921553432941437,0,0.57071453332901,0.29771092534065247,0.7652803659439087,0,0,1.6298489570617676,0,1
B19,mixamorig_RightHandIndex1,18,-0.9901090264320374,0.12690100073814392,-0.059842001646757126,0,0.06508299708366394,0.793267011642456,0.6053850054740906,0,0.12429399788379669,0.5955029726028442,-0.7936800122261047,0,0,0.39736101031303406,0,1
B20,mixamorig_RightHandIndex2,19,0.9976209998130798,0.022944003343582153,0.06499999761581421,0,0.011651000007987022,0.8732770085334778,-0.4870840013027191,0,-0.06793899834156036,0.4866830110549927,0.8709329962730408,0,0,0.27634701132774353,0,1
B21,mixamorig_RightHandIndex3,20,0.9610660076141357,0.1155410036444664,0.2510020136833191,0,0.14201000332832336,0.5727009773254395,-0.8073700070381165,0,-0.23703399300575256,0.811581015586853,0.5339949727058411,0,-0.020735999569296837,0.30976900458335876,-0.25726398825645447,1
B22,mixamorig_RightHandIndex4,21,1,0,0,0,0,1,0,0,0,0,1,0,-0.017635999247431755,0.04123900085687637,-0.04226300120353699,1
B23,mixamorig_LeftUpLeg,0,-0.9837533831596375,0.02988997846841812,0.17702020704746246,0,-0.004572637379169464,-0.9898946285247803,0.1417308747768402,0,0.17946749925613403,0.13861916959285736,0.9739484190940857,0,0.7404659986495972,-0.41187000274658203,0.08265099674463272,1
B24,mixamorig_LeftLeg,23,0.9999637007713318,0.004312498960644007,0.007354998495429754,0,0.0004751945671159774,0.833092987537384,-0.5531328916549683,0,-0.008513019420206547,0.5531155467033386,0.8330610394477844,0,0,2.7638309001922607,0,1
B25,mixamorig_LeftFoot,24,0.7570875883102417,-0.3511483669281006,0.5509198307991028,0,-0.3952120542526245,0.42531150579452515,0.8141970038414001,0,-0.5202159285545349,-0.8341489434242249,0.18321973085403442,0,0,2.6260359287261963,0,1
B26,mixamorig_LeftToeBase,25,0.9733606576919556,-0.1038561463356018,-0.20440787076950073,0,0.2170252501964569,0.7048938870429993,0.6752960085868835,0,0.07395219057798386,-0.7016677260398865,0.7086557149887085,0,0,0.5224059820175171,0,1
B27,mixamorig_LeftToe_End,26,1,0,0,0,0,1,0,0,0,0,1,0,0,0.25804299116134644,0,1
B28,mixamorig_RightUpLeg,0,-0.9421787261962891,0.2816874384880066,-0.18151940405368805,0,-0.3335748314857483,-0.8401278257369995,0.4276745319366455,0,-0.03203076124191284,0.46349698305130005,0.8855155110359192,0,-0.7404659986495972,-0.41187000274658203,0.03676199913024902,1
B29,mixamorig_RightLeg,28,0.9903554320335388,-0.014235017821192741,0.1378180980682373,0,0.07992229610681534,0.871205747127533,-0.4843505918979645,0,-0.113174207508564,0.49069449305534363,0.8639411330223083,0,0,2.7639710903167725,0,1
B30,mixamorig_RightFoot,29,0.7695757746696472,0.18710589408874512,-0.6105278730392456,0,0.1778217852115631,0.8554908037185669,0.48632481694221497,0,0.6132945418357849,-0.48282912373542786,0.625093400478363,0,0,2.6262319087982178,0,1
B31,mixamorig_RightToeBase,30,0.9880519509315491,0.057731661945581436,-0.1428995281457901,0,0.0544394925236702,0.7366938591003418,0.6740310192108154,0,0.1441866010427475,-0.6737558245658875,0.7247480154037476,0,0,0.5297219753265381,0,1
B32,mixamorig_RightToe_End,31,1,0,0,0,0,1,0,0,0,0,1,0,0,0.25582700967788696,0,1
@28,0,1,2,3,4,5,7,8,9,10,11,12,13,15,16,17,18,19,20,21,23,24,25,26,28,29,30,31
K0.000,0.6378499865531921,0.04265400022268295,0.768979012966156,0,-0.1283539980649948,0.9903889894485474,0.05153200030326843,0,-0.7593899965286255,-0.1315709948539734,0.6371939778327942,0,0.030666999518871307,5.209441184997559,-0.004139000084251165,1,0.9981619715690613,-0.027612999081611633,-0.05394899845123291,0,0.03872799873352051,0.9753299951553345,0.2173289954662323,0,0.04661700129508972,-0.21901899576187134,0.9746059775352478,0,0,0.7412130236625671,0.0217909999191761,1,0.9925029873847961,-0.06704100221395493,-0.10219699889421463,0,0.0771780014038086,0.9921200275421143,0.09870100021362305,0,0.09477400034666061,-0.10584799945354462,0.9898560047149658,0,0,0.8651220202445984,0,1,0.9925029873847961,-0.06700100004673004,-0.1022230014204979,0,0.056033000349998474,0.9927189946174622,-0.10662800073623657,0,0.10862299799919128,0.10010100156068802,0.9890300035476685,0,0,0.9887120127677917,0,1,0.9866660237312317,-0.002830999903380871,-0.1627350002527237,0,0.004569999873638153,0.9999359846115112,0.0103169996291399,0,0.1626950055360794,-0.010923000052571297,0.9866160154342651,0,0,1.1123000383377075,0,1,0.9176589846611023,-0.08967900276184082,-0.3871159851551056,0,0.05649999901652336,0.9937499761581421,-0.09627799689769745,0,0.39333099126815796,0.06647899746894836,0.9169899821281433,0,0,0.3687860071659088,0.02936900034546852,1,0.28532201051712036,-0.030340999364852905,-0.957951009273529,0,0.9222970008850098,-0.26316899061203003,0.2830379903316498,0,-0.26069098711013794,-0.9642720222473145,-0.04710499942302704,0,0.6236460208892822,0.9506149888038635,0.003836000105366111,1,0.9809730052947998,0.02356800064444542,0.19270899891853333,0,-0.12264099717140198,0.8447080254554749,0.5209869742393494,0,-0.1505039930343628,-0.5347080230712891,0.831525981426239,0,0,1.290884017944336,0,1,0.8272849917411804,0.44231799244880676,0.3463430106639862,0,-0.4942860007286072,0.8660950064659119,0.07456699758768082,0,-0.2669839859008789,-0.23287999629974365,0.9351400136947632,0,0,1.5539430379867554,0,1,0.9984959959983826,0.04100000113248825,-0.036393001675605774,0,-0.045062001794576645,0.9918860197067261,-0.11887600272893906,0,0.031223999336361885,0.12033700197935104,0.9922419786453247,0,0,1.6298450231552124,0,1,0.9948070049285889,0.1006229966878891,0.015317000448703766,0,-0.10061699897050858,0.9949250221252441,-0.0011810000287368894,0,-0.015358000062406063,-0.00036700000055134296,0.9998819828033447,0,0,0.5972499847412109,0,1,0.6689850091934204,-0.7432129979133606,-0.009689999744296074,0,0.7413330078125,0.6681209802627563,-0.06356000155210495,0,0.05371199920773506,0.03533700108528137,0.9979310035705566,0,0,0.21713300049304962,0,1,0.6081860065460205,0.6514790058135986,0.45352500677108765,0,-0.35777801275253296,0.7349889874458313,-0.5760089755058289,0,-0.708594024181366,0.188059002161026,0.6800950169563293,0,-0.20180800557136536,0.17784300446510315,0.03112100064754486,1,0.4204599857330322,0.07759200036525726,0.9039869904518127,0,-0.8799149990081787,-0.20811499655246735,0.42712700366973877,0,0.22127500176429749,-0.97502201795578,-0.01923000067472458,0,-0.6236460208892822,0.95066899061203,0.005669999867677689,1,0.8273440003395081,0.5601310133934021,-0.04188700020313263,0,-0.38063499331474304,0.6139320135116577,0.691523015499115,0,0.4130600094795227,-0.5561839938163757,0.7211390137672424,0,0,1.290884017944336,0,1,0.6576840281486511,-0.712270975112915,-0.24519799649715424,0,0.7432519793510437,0.6665499806404114,0.05734200030565262,0,0.12259399890899658,-0.21995699405670166,0.9677760004997253,0,0,1.5539849996566772,0,1,0.8107969760894775,-0.5853059887886047,0.004908000119030476,0,0.5812479853630066,0.8061069846153259,0.1110989972949028,0,-0.06898300349712372,-0.087226003408432,0.9937970042228699,0,0,1.6298489570617676,0,1,-0.9901090264320374,0.12690100073814392,-0.059842001646757126,0,0.06508299708366394,0.7932680249214172,0.6053850054740906,0,0.12429399788379669,0.5955020189285278,-0.7936800122261047,0,0,0.39736101031303406,0,1,0.9976209998130798,0.02294600009918213,0.0650010034441948,0,0.011651000007987022,0.8732770085334778,-0.4870850145816803,0,-0.06794100254774094,0.4866830110549927,0.8709329962730408,0,0,0.27634701132774353,0,1,0.9610660076141357,0.11554200202226639,0.2510020136833191,0,0.14201000332832336,0.572700023651123,-0.8073710203170776,0,-0.23703399300575256,0.811581015586853,0.5339949727058411,0,-0.020735999569296837,0.30976900458335876,-0.25726398825645447,1,-0.6372510194778442,0.0010679999832063913,0.7706559896469116,0,0.598334014415741,-0.6295610070228577,0.49563100934028625,0,0.4857040047645569,0.776951014995575,0.4005480110645294,0,0.7404659986495972,-0.41187000274658203,0.08265099674463272,1,0.9305909872055054,-0.24541500210762024,-0.27160999178886414,0,-0.03902899846434593,0.6712329983711243,-0.7402179837226868,0,0.363974004983902,0.6994410157203674,0.6150649785995483,0,0,2.7638309001922607,0,1,0.7260209918022156,-0.15543200075626373,0.6698769927024841,0,-0.32277798652648926,0.7831220030784607,0.5315399765968323,0,-0.607213020324707,-0.6021310091018677,0.518392026424408,0,0,2.6260359287261963,0,1,0.997331976890564,-0.07016299664974213,-0.020130999386310577,0,0.061723001301288605,0.6634100079536438,0.7457060217857361,0,-0.03896600008010864,-0.7449589967727661,0.6659709811210632,0,0,0.5224059820175171,0,1,-0.9020709991455078,0.3551340103149414,-0.24524900317192078,0,-0.43113499879837036,-0.7674980163574219,0.47441500425338745,0,-0.019747000187635422,0.5336909890174866,0.8454489707946777,0,-0.7404659986495972,-0.41187000274658203,0.03676199913024902,1,0.9935169816017151,-0.009348000399768353,0.11329799890518188,0,0.09954000264406204,0.5529540181159973,-0.8272449970245361,0,-0.05491600185632706,0.8331590294837952,0.5503000020980835,0,0,2.7639710903167725,0,1,0.6688410043716431,0.6171659827232361,-0.414436012506485,0,0.12642399966716766,0.4549329876899719,0.8815060257911682,0,0.7325760126113892,-0.6419820189476013,0.22625300288200378,0,0,2.6262319087982178,0,1,0.9957249760627747,0.04225499927997589,-0.08213700354099274,0,0.029885999858379364,0.6940190196037292,0.7193359732627869,0,0.08740100264549255,-0.7187150120735168,0.6897889971733093,0,0,0.5297219753265381,0,1
K0.033,0.5972545742988586,0.03680597245693207,0.8012073040008545,0,-0.1119508370757103,0.9929929971694946,0.03783785551786423,0,-0.7942003011703491,-0.11229480057954788,0.5971896052360535,0,0.03680496662855148,5.204816818237305,0.01485523208975792,1,0.9981729984283447,-0.026487980037927628,-0.05431399866938591,0,0.0377659797668457,0.9751009941101074,0.2185240238904953,0,0.04717300459742546,-0.22017602622509003,0.9743189811706543,0,0,0.7412130236625671,0.0217909999191761,1,0.9923220276832581,-0.06665898859500885,-0.10418204963207245,0,0.07723800092935562,0.9918799996376038,0.10103806108236313,0,0.09660104662179947,-0.1083090677857399,0.9894130229949951,0,0,0.8651220202445984,0,1,0.9920690059661865,-0.06513797491788864,-0.10750304907560349,0,0.05392397940158844,0.9931020140647888,-0.10411493480205536,0,0.11354304850101471,0.09749193489551544,0.9887380003929138,0,0,0.9887120127677917,0,1,0.9869610071182251,-0.0010329693323001266,-0.1609569489955902,0,0.0036839765962213278,0.999862015247345,0.016176052391529083,0,0.1609179526567459,-0.016558049246668816,0.9868289828300476,0,0,1.1123000383377075,0,1,0.9184460043907166,-0.09067106992006302,-0.38501495122909546,0,0.06055810675024986,0.99413001537323,-0.08965593576431274,0,0.3908839523792267,0.059028904885053635,0.9185450673103333,0,0,0.3687860071659088,0.02936900034546852,1,0.2665557563304901,-0.028915978968143463,-0.963386058807373,0,0.9286730885505676,-0.25975996255874634,0.2647477686405182,0,-0.257904976606369,-0.9652400016784668,-0.042386941611766815,0,0.6236460208892822,0.9506149888038635,0.003836000105366111,1,0.9842930436134338,0.024325909093022346,0.17485767602920532,0,-0.112971730530262,0.8479060530662537,0.5179709196090698,0,-0.13566277921199799,-0.5295888781547546,0.8373361229896545,0,0,1.290884017944336,0,1,0.8223629593849182,0.45450615882873535,0.3422628939151764,0,-0.5066001415252686,0.8587498664855957,0.07684706151485443,0,-0.2589908540248871,-0.2365860491991043,0.9364560842514038,0,0,1.5539430379867554,0,1,0.9978419542312622,0.03918495401740074,-0.05268842726945877,0,-0.04512599855661392,0.9921349883079529,-0.1167549416422844,0,0.047698430716991425,0.11887995898723602,0.9917619824409485,0,0,1.6298450231552124,0,1,0.9955430030822754,0.09392286092042923,0.00847180001437664,0,-0.09416583925485611,0.9949279427528381,0.035368937999010086,0,-0.005106731783598661,-0.03600892052054405,0.999337911605835,0,0,0.5972499847412109,0,1,0.6696540117263794,-0.7418209314346313,-0.035575661808252335,0,0.7409020066261292,0.6705960035324097,-0.03693331405520439,0,0.051254939287900925,-0.001625950331799686,0.9986839294433594,0,0,0.21713300049304962,0,1,0.6184253096580505,0.6409807205200195,0.45463499426841736,0,-0.374197393655777,0.7489262819290161,-0.546887218952179,0,-0.6910325288772583,0.1680854707956314,0.7030085325241089,0,-0.20180800557136536,0.17784300446510315,0.03112100064754486,1,0.4296521246433258,0.08256600797176361,0.8992119431495667,0,-0.8723879456520081,-0.21911102533340454,0.4369541108608246,0,0.23310503363609314,-0.9721999764442444,-0.022112039849162102,0,-0.6236460208892822,0.95066899061203,0.005669999867677689,1,0.8597412705421448,0.5078714489936829,-0.053954117000103,0,-0.3429815471172333,0.6524062752723694,0.6758179664611816,0,0.3784286677837372,-0.5625231266021729,0.7350910305976868,0,0,1.290884017944336,0,1,0.6531980633735657,-0.7143188714981079,-0.251159131526947,0,0.7481159567832947,0.6600250601768494,0.06848105043172836,0,0.11685406416654587,-0.23262810707092285,0.9655199646949768,0,0,1.5539849996566772,0,1,0.8369991183280945,-0.5415806174278259,0.07824577391147614,0,0.5383486747741699,0.8406131863594055,0.05958837643265724,0,-0.09804634749889374,-0.007752106059342623,0.995151937007904,0,0,1.6298489570617676,0,1,-0.9901090264320374,0.12690100073814392,-0.059842001646757126,0,0.06508299708366394,0.7932680249214172,0.6053850054740906,0,0.12429500371217728,0.5955020189285278,-0.7936800122261047,0,0,0.39736101031303406,0,1,0.9976209998130798,0.02294600009918213,0.06499999761581421,0,0.011649999767541885,0.8732770085334778,-0.4870850145816803,0,-0.06793899834156036,0.48668399453163147,0.8709319829940796,0,0,0.27634701132774353,0,1,0.9610660076141357,0.1155410036444664,0.2510020136833191,0,0.14201000332832336,0.5727009773254395,-0.8073700070381165,0,-0.23703399300575256,0.811581015586853,0.5339949727058411,0,-0.020735999569296837,0.30976900458335876,-0.25726398825645447,1,-0.6368952393531799,-0.05082249641418457,0.7692736983299255,0,0.6127120852470398,-0.6389848589897156,0.4650610387325287,0,0.4679185152053833,0.7675390243530273,0.43810540437698364,0,0.7404659986495972,-0.41187000274658203,0.08265099674463272,1,0.9352442026138306,-0.2415877729654312,-0.2587546110153198,0,-0.04501914605498314,0.6438352465629578,-0.7638385891914368,0,0.35112956166267395,0.7260246872901917,0.5912673473358154,0,0,2.7638309001922607,0,1,0.7115906476974487,-0.18687057495117188,0.6772871613502502,0,-0.3357321619987488,0.756364643573761,0.5614243745803833,0,-0.6171892881393433,-0.6268911957740784,0.4754832983016968,0,0,2.6260359287261963,0,1,0.9978349804878235,-0.06568640470504761,-0.003284113248810172,0,0.0457896962761879,0.6580051183700562,0.7516199350357056,0,-0.04721047729253769,-0.7501429319381714,0.6595890522003174,0,0,0.5224059820175171,0,1,-0.905733048915863,0.3573210537433624,-0.2279665470123291,0,-0.42383483052253723,-0.7677420377731323,0.4805580675601959,0,-0.0033056207466870546,0.531877875328064,0.8468150496482849,0,-0.7404659986495972,-0.41187000274658203,0.03676199913024902,1,0.9916989803314209,0.010734003968536854,0.12813007831573486,0,0.10066106915473938,0.5552039742469788,-0.8256000280380249,0,-0.08000004291534424,0.8316450119018555,0.5495150089263916,0,0,2.7639710903167725,0,1,0.684283971786499,0.6034049987792969,-0.40946096181869507,0,0.12368796020746231,0.45732998847961426,0.8806530237197876,0,0.7186499834060669,-0.6532620191574097,0.23830901086330414,0,0,2.6262319087982178,0,1,0.9956409931182861,0.04332203045487404,-0.08259501308202744,0,0.029704995453357697,0.6921599507331848,0.7211330533027649,0,0.08841002732515335,-0.720443069934845,0.6878559589385986,0,0,0.5297219753265381,0,1
K0.067,0.5576823949813843,0.03433602675795555,0.8293436765670776,0,-0.09581516683101654,0.9951279759407043,0.023230144754052162,0,-0.8245056867599487,-0.09241919964551926,0.5582553744316101,0,0.03342703357338905,5.195524215698242,0.03799176961183548,1,0.9982190132141113,-0.024348020553588867,-0.05445300042629242,0,0.035865020006895065,0.9744449853897095,0.22174496948719025,0,0.04766199737787247,-0.22330297529697418,0.9735829830169678,0,0,0.7412130236625671,0.0217909999191761,1,0.9918609857559204,-0.06553201377391815,-0.1091669499874115,0,0.07729300111532211,0.991225004196167,0.10723093897104263,0,0.10118195414543152,-0.11479593068361282,0.9882230162620544,0,0,0.8651220202445984,0,1,0.9916139841079712,-0.0627710223197937,-0.11297094821929932,0,0.051824022084474564,0.9939000010490417,-0.09735406935214996,0,0.1183929517865181,0.09068306535482407,0.9888169765472412,0,0,0.9887120127677917,0,1,0.9877319931983948,0.0020279695745557547,-0.15614303946495056,0,0.0013280233833938837,0.9997699856758118,0.021386947482824326,0,0.15615004301071167,-0.02133195288479328,0.9875029921531677,0,0,1.1123000383377075,0,1,0.9204710125923157,-0.09763393551111221,-0.37841805815696716,0,0.07127689570188522,0.9939910173416138,-0.08307906985282898,0,0.3842560648918152,0.04950009286403656,0.9218989610671997,0,0,0.3687860071659088,0.02936900034546852,1,0.24153225123882294,-0.026816019788384438,-0.9700219631195068,0,0.9364829659461975,-0.2555030286312103,0.24024423956871033,0,-0.2542860209941864,-0.9664360284805298,-0.0365990549325943,0,0.6236460208892822,0.9506149888038635,0.003836000105366111,1,0.9898279309272766,0.01520709041506052,0.14145232737064362,0,-0.08607226610183716,0.8556769490242004,0.5103020668029785,0,-0.11327722668647766,-0.5172871351242065,0.8482818603515625,0,0,1.290884017944336,0,1,0.8185670375823975,0.4690408408641815,0.3315861225128174,0,-0.52056485414505,0.8497740626335144,0.08304993808269501,0,-0.2428191602230072,-0.24059395492076874,0.9397629499435425,0,0,1.5539430379867554,0,1,0.994826078414917,0.03472304344177246,-0.09547257423400879,0,-0.04530100151896477,0.992792010307312,-0.1109570562839508,0,0.09093257039785385,0.11470804363489151,0.9892290234565735,0,0,1.6298450231552124,0,1,0.996753990650177,0.07968313992023468,-0.011518801562488079,0,-0.0775371640920639,0.9885790348052979,0.12922805547714233,0,0.021684734150767326,-0.12791508436203003,0.9915480613708496,0,0,0.5972499847412109,0,1,0.6713330149650574,-0.734108030796051,-0.10196834057569504,0,0.7397649884223938,0.6721259951591492,0.03153231739997864,0,0.045388057827949524,-0.09660105407238007,0.9942880868911743,0,0,0.21713300049304962,0,1,0.6452717781066895,0.6139582991600037,0.45462098717689514,0,-0.41287961602211,0.7809606790542603,-0.4686477780342102,0,-0.6427714824676514,0.1147015318274498,0.7574224472045898,0,-0.20180800557136536,0.17784300446510315,0.03112100064754486,1,0.4421318769454956,0.08354099094867706,0.8930510878562927,0,-0.865276038646698,-0.22252696752548218,0.4491978883743286,0,0.23625397682189941,-0.9713410139083862,-0.02609996125102043,0,-0.6236460208892822,0.95066899061203,0.005669999867677689,1,0.8896126747131348,0.45199155807495117,-0.06552489101886749,0,-0.2978094518184662,0.6828576922416687,0.6670940518379211,0,0.3462643325328827,-0.5739418864250183,0.7420859336853027,0,0,1.290884017944336,0,1,0.6605959534645081,-0.7034420967102051,-0.26226288080215454,0,0.7405460476875305,0.6679469347000122,0.07374294847249985,0,0.12330393493175507,-0.24293190240859985,0.9621750712394714,0,0,1.5539849996566772,0,1,0.8499718904495239,-0.5032673478126526,0.15578623116016388,0,0.5098302960395813,0.8602707982063293,-0.002532382495701313,0,-0.13274365663528442,0.0815771147608757,0.9877870678901672,0,0,1.6298489570617676,0,1,-0.9901090264320374,0.1269019991159439,-0.059842001646757126,0,0.06508299708366394,0.7932680249214172,0.6053850054740906,0,0.12429500371217728,0.5955020189285278,-0.7936800122261047,0,0,0.39736101031303406,0,1,0.9976209998130798,0.02294600009918213,0.06499999761581421,0,0.011649999767541885,0.8732770085334778,-0.4870850145816803,0,-0.06793999671936035,0.4866830110549927,0.8709329962730408,0,0,0.27634701132774353,0,1,0.9610660076141357,0.1155410036444664,0.2510010004043579,0,0.14201000332832336,0.5727009773254395,-0.8073710203170776,0,-0.23703299462795258,0.811581015586853,0.5339949727058411,0,-0.020735999569296837,0.30976900458335876,-0.25726398825645447,1,-0.6634337902069092,-0.10018251091241837,0.741497278213501,0,0.6191069483757019,-0.6300220489501953,0.4688069820404053,0,0.42019346356391907,0.7700880169868469,0.4800015687942505,0,0.7404659986495972,-0.41187000274658203,0.08265099674463272,1,0.9504638314247131,-0.21992020308971405,-0.21966439485549927,0,-0.05963285639882088,0.564554750919342,-0.8232384324073792,0,0.30505943298339844,0.7955582737922668,0.5234746336936951,0,0,2.7638309001922607,0,1,0.6773913502693176,-0.2450174242258072,0.6936188340187073,0,-0.34917688369750977,0.7228123545646667,0.596337616443634,0,-0.6474686861038208,-0.6461498141288757,0.40407270193099976,0,0,2.6260359287261963,0,1,0.9998729825019836,-0.006477588787674904,-0.014582887291908264,0,0.015176304616034031,0.6682949066162109,0.743742048740387,0,0.004927481524646282,-0.7438690662384033,0.6683079600334167,0,0,0.5224059820175171,0,1,-0.9135739207267761,0.3630649447441101,-0.18320944905281067,0,-0.4051971733570099,-0.7743229269981384,0.4860449433326721,0,0.03460262343287468,0.5182741284370422,0.854513943195343,0,-0.7404659986495972,-0.41187000274658203,0.03676199913024902,1,0.9906299710273743,0.011106995865702629,0.13611792027950287,0,0.10722493380308151,0.5540300011634827,-0.8255620002746582,0,-0.08458195626735687,0.8324220180511475,0.547648012638092,0,0,2.7639710903167725,0,1,0.6838600039482117,0.6055070161819458,-0.40705904364585876,0,0.12023103982210159,0.4567610025405884,0.881426990032196,0,0.719639003276825,-0.651714026927948,0.23955997824668884,0,0,2.6262319087982178,0,1,0.995406985282898,0.046226970851421356,-0.08383598178625107,0,0.02924000285565853,0.6870580315589905,0.7260139584541321,0,0.09116197377443314,-0.7251299619674683,0.6825510859489441,0,0,0.5297219753265381,0,1
K0.100,0.5166429877281189,0.0331760011613369,0.8555579781532288,0,-0.07906000316143036,0.996828019618988,0.009087000973522663,0,-0.8525429964065552,-0.07233499735593796,0.5176270008087158,0,0.027171000838279724,5.182308197021484,0.0652339980006218,1,0.9982839822769165,-0.021345999091863632,-0.05453599989414215,0,0.033181000500917435,0.973484992980957,0.22633300721645355,0,0.04825799912214279,-0.22775399684906006,0.9725220203399658,0,0,0.7412130236625671,0.0217909999191761,1,0.991241991519928,-0.063680000603199,-0.11568699777126312,0,0.07716000080108643,0.9902420043945312,0.1160459965467453,0,0.1071690022945404,-0.12395600229501724,0.9864839911460876,0,0,0.8651220202445984,0,1,0.9911550283432007,-0.0598439984023571,-0.11844799667596817,0,0.04959600046277046,0.9949160218238831,-0.08764799684286118,0,0.12309099733829498,0.0809980034828186,0.989084005355835,0,0,0.9887120127677917,0,1,0.9888020157814026,0.005929999984800816,-0.14911800622940063,0,-0.0020409997086972,0.9996539950370789,0.026213999837636948,0,0.1492220014333725,-0.025615999475121498,0.9884719848632812,0,0,1.1123000383377075,0,1,0.9231860041618347,-0.10874199867248535,-0.3686490058898926,0,0.0864579975605011,0.9933149814605713,-0.07649099826812744,0,0.3745020031929016,0.03874199837446213,0.9264159798622131,0,0,0.3687860071659088,0.02936900034546852,1,0.19895599782466888,-0.02327200025320053,-0.9797319769859314,0,0.9479569792747498,-0.24901199340820312,0.1984190046787262,0,-0.24858300387859344,-0.9682210087776184,-0.02748199924826622,0,0.6236460208892822,0.9506149888038635,0.003836000105366111,1,0.9955369830131531,0.011113000102341175,0.09371399879455566,0,-0.05688399821519852,0.8630290031433105,0.5019410252571106,0,-0.07530000060796738,-0.5050320029258728,0.8598089814186096,0,0,1.290884017944336,0,1,0.8147879838943481,0.4859920144081116,0.3161199986934662,0,-0.5359860062599182,0.8392879962921143,0.09119100123643875,0,-0.22099800407886505,-0.24373699724674225,0.9443259835243225,0,0,1.5539430379867554,0,1,0.9874070286750793,0.029267000034451485,-0.15546800196170807,0,-0.04556399956345558,0.9937080144882202,-0.10231799632310867,0,0.15149499475955963,0.10811399668455124,0.9825279712677002,0,0,1.6298450231552124,0,1,0.9967520236968994,0.06795399636030197,-0.043226998299360275,0,-0.05473800003528595,0.9653080105781555,0.2553110122680664,0,0.05907699838280678,-0.25211599469184875,0.9658920168876648,0,0,0.5972499847412109,0,1,0.6734679937362671,-0.7140700221061707,-0.1911659985780716,0,0.738215982913971,0.6631270051002502,0.12368999421596527,0,0.038444001227617264,-0.22442300617694855,0.9737330079078674,0,0,0.21713300049304962,0,1,0.6825190186500549,0.5775700211524963,0.44786199927330017,0,-0.45680201053619385,0.8154550194740295,-0.35547998547554016,0,-0.5705260038375854,0.038037002086639404,0.8203979730606079,0,-0.20180800557136536,0.17784300446510315,0.03112100064754486,1,0.4623279869556427,0.08433400094509125,0.8826889991760254,0,-0.8537539839744568,-0.22652900218963623,0.46881601214408875,0,0.2394919991493225,-0.970346987247467,-0.03272999823093414,0,-0.6236460208892822,0.95066899061203,0.005669999867677689,1,0.9186030030250549,0.3906230032444,-0.05984500050544739,0,-0.26155799627304077,0.7145019769668579,0.6489019989967346,0,0.2962360084056854,-0.5804309844970703,0.7585150003433228,0,0,1.290884017944336,0,1,0.6667900085449219,-0.6936540007591248,-0.2724609971046448,0,0.7334349751472473,0.6756259799003601,0.07485800236463547,0,0.13215599954128265,-0.24974699318408966,0.9592499732971191,0,0,1.5539849996566772,0,1,0.8609780073165894,-0.46075400710105896,0.21546000242233276,0,0.487652987241745,0.8681640028953552,-0.09212099015712738,0,-0.14461000263690948,0.18438400328159332,0.9721580147743225,0,0,1.6298489570617676,0,1,-0.9901090264320374,0.1269019991159439,-0.059842001646757126,0,0.06508299708366394,0.793267011642456,0.6053860187530518,0,0.12429500371217728,0.5955029726028442,-0.7936800122261047,0,0,0.39736101031303406,0,1,0.9976209998130798,0.022944999858736992,0.06499999761581421,0,0.011651000007987022,0.8732770085334778,-0.4870840013027191,0,-0.06793899834156036,0.4866830110549927,0.8709329962730408,0,0,0.27634701132774353,0,1,0.9610660076141357,0.1155410036444664,0.2510029971599579,0,0.14201100170612335,0.572700023651123,-0.8073710203170776,0,-0.23703399300575256,0.8115820288658142,0.5339949727058411,0,-0.020735999569296837,0.30976900458335876,-0.25726398825645447,1,-0.6786770224571228,-0.13211600482463837,0.7224559783935547,0,0.6278600096702576,-0.6147210001945496,0.47739899158477783,0,0.38103699684143066,0.7776010036468506,0.5001469850540161,0,0.7404659986495972,-0.41187000274658203,0.08265099674463272,1,0.9724389910697937,-0.1617259979248047,-0.16794799268245697,0,-0.07603400200605392,0.46097901463508606,-0.8841480016708374,0,0.2204110026359558,0.8725500106811523,0.4359770119190216,0,0,2.7638309001922607,0,1,0.6717439889907837,-0.35538598895072937,0.6499699950218201,0,-0.29377201199531555,0.6776649951934814,0.6741430163383484,0,-0.6800429821014404,-0.6437940001487732,0.35081401467323303,0,0,2.6260359287261963,0,1,0.9876449704170227,0.11052399128675461,-0.11109498888254166,0,0.0110489996150136,0.6580510139465332,0.752892017364502,0,0.1563190072774887,-0.7448179721832275,0.6486999988555908,0,0,0.5224059820175171,0,1,-0.9211959838867188,0.36987900733947754,-0.12077599763870239,0,-0.37928199768066406,-0.7843210101127625,0.4909040033817291,0,0.08684799820184708,0.4980269968509674,0.8628020286560059,0,-0.7404659986495972,-0.41187000274658203,0.03676199913024902,1,0.9900739789009094,0.0012360004475340247,0.1405400037765503,0,0.11659800261259079,0.5510990023612976,-0.8262529969215393,0,-0.07847300171852112,0.8344389796257019,0.5454850196838379,0,0,2.7639710903167725,0,1,0.6735429763793945,0.6174579858779907,-0.40630799531936646,0,0.11414200067520142,0.4562169909477234,0.8825179934501648,0,0.7302820086479187,-0.6407899856567383,0.23680299520492554,0,0,2.6262319087982178,0,1,0.9950420260429382,0.05053099989891052,-0.08566500246524811,0,0.028620000928640366,0.6794160008430481,0.7331950068473816,0,0.09525100141763687,-0.7320110201835632,0.6746010184288025,0,0,0.5297219753265381,0,1
K0.133,0.4712424576282501,0.030872952193021774,0.8814632296562195,0,-0.06063979119062424,0.9981560111045837,-0.002541076857596636,0,-0.8799163103103638,-0.05225379765033722,0.4722464680671692,0,0.01840190589427948,5.165891170501709,0.09611233323812485,1,0.9983569979667664,-0.017138952389359474,-0.054683003574609756,0,0.029377955943346024,0.9723640084266663,0.23161305487155914,0,0.04920201003551483,-0.23283904790878296,0.9712700247764587,0,0,0.7412130236625671,0.0217909999191761,1,0.9906089901924133,-0.061167970299720764,-0.12227605283260345,0,0.07665499299764633,0.989031970500946,0.12625610828399658,0,0.11321204155683517,-0.13444410264492035,0.9844329953193665,0,0,0.8651220202445984,0,1,0.9907119870185852,-0.05633595958352089,-0.12375905364751816,0,0.04710397124290466,0.9959719777107239,-0.07630088180303574,0,0.12755905091762543,0.06976288557052612,0.9893739819526672,0,0,0.9887120127677917,0,1,0.9899939894676208,0.0102690439671278,-0.14073191583156586,0,-0.005972040351480246,0.999504029750824,0.030922047793865204,0,0.14097991585731506,-0.029772045090794563,0.9895650148391724,0,0,1.1123000383377075,0,1,0.9260910153388977,-0.12212814390659332,-0.3569868803024292,0,0.10392017662525177,0.9921309947967529,-0.06982793658971786,0,0.36270588636398315,0.027568889781832695,0.9314960837364197,0,0,0.3687860071659088,0.02936900034546852,1,0.15937860310077667,-0.02025897242128849,-0.9870100617408752,0,0.9570180773735046,-0.24222593009471893,0.1595076024532318,0,-0.24231092631816864,-0.9700080156326294,-0.01921691745519638,0,0.6236460208892822,0.9506149888038635,0.003836000105366111,1,0.9992380142211914,-0.0037261643446981907,0.038843411952257156,0,-0.01590956747531891,0.8700430393218994,0.4927189350128174,0,-0.03563156723976135,-0.49296194314956665,0.8693210482597351,0,0,1.290884017944336,0,1,0.8099679350852966,0.5053012371063232,0.2976948022842407,0,-0.5526971817016602,0.8274468779563904,0.0992850586771965,0,-0.19615775346755981,-0.244952991604805,0.9494840502738953,0,0,1.5539430379867554,0,1,0.9744668006896973,0.024380968883633614,-0.22320567071437836,0,-0.045886002480983734,0.9947310090065002,-0.09167487919330597,0,0.21979467570781708,0.09957589954137802,0.9704508185386658,0,0,1.6298450231552124,0,1,0.9944849610328674,0.06623608618974686,-0.081313356757164,0,-0.029735766351222992,0.9215854406356812,0.3870341181755066,0,0.10057339072227478,-0.3824821412563324,0.9184734225273132,0,0,0.5972499847412109,0,1,0.6754770278930664,-0.680198609828949,-0.2847127914428711,0,0.7366750240325928,0.6393896341323853,0.22020483016967773,0,0.032258953899145126,-0.358484148979187,0.9329784512519836,0,0,0.21713300049304962,0,1,0.7228183746337891,0.539553701877594,0.4317587614059448,0,-0.49213722348213196,0.8405371308326721,-0.22648878395557404,0,-0.4851131737232208,-0.04877481237053871,0.873090386390686,0,-0.20180800557136536,0.17784300446510315,0.03112100064754486,1,0.48833125829696655,0.08577903360128403,0.8684328198432922,0,-0.837898850440979,-0.23198208212852478,0.4940752387046814,0,0.24384209513664246,-0.9689300060272217,-0.041410088539123535,0,-0.6236460208892822,0.95066899061203,0.005669999867677689,1,0.9430672526359558,0.329685240983963,-0.043946992605924606,0,-0.22729341685771942,0.7352861762046814,0.6385079622268677,0,0.24282050132751465,-0.5921671390533447,0.7683590054512024,0,0,1.290884017944336,0,1,0.6630311608314514,-0.6979618668556213,-0.27062591910362244,0,0.731741726398468,0.6805452704429626,0.03758838027715683,0,0.15793845057487488,-0.22295044362545013,0.9619500041007996,0,0,1.5539849996566772,0,1,0.877021074295044,-0.40664350986480713,0.2558804154396057,0,0.45555076003074646,0.8730520009994507,-0.17393657565116882,0,-0.15266722440719604,0.26911261677742004,0.9509317874908447,0,0,1.6298489570617676,0,1,-0.9901090264320374,0.12690100073814392,-0.059842001646757126,0,0.06508299708366394,0.7932680249214172,0.6053850054740906,0,0.12429500371217728,0.5955020189285278,-0.7936800122261047,0,0,0.39736101031303406,0,1,0.9976209998130798,0.022944999858736992,0.06499999761581421,0,0.011651000007987022,0.8732770085334778,-0.4870850145816803,0,-0.06793899834156036,0.48668399453163147,0.8709319829940796,0,0,0.27634701132774353,0,1,0.9610660076141357,0.1155410036444664,0.2510020136833191,0,0.14201000332832336,0.572700023651123,-0.8073710203170776,0,-0.23703399300575256,0.811581015586853,0.5339949727058411,0,-0.020735999569296837,0.30976900458335876,-0.25726398825645447,1,-0.6894762516021729,-0.15558728575706482,0.7074006795883179,0,0.6338209509849548,-0.6022999882698059,0.4852890968322754,0,0.3505626618862152,0.7829599380493164,0.5138862729072571,0,0.7404659986495972,-0.41187000274658203,0.08265099674463272,1,0.981251060962677,-0.13156093657016754,-0.140848770737648,0,-0.08665700256824493,0.3516028821468353,-0.9321293830871582,0,0.1721537709236145,0.9268583655357361,0.3336099088191986,0,0,2.7638309001922607,0,1,0.6600182056427002,-0.44872501492500305,0.6025128364562988,0,-0.26204127073287964,0.614131510257721,0.7444303035736084,0,-0.7040667533874512,-0.6492214202880859,0.2877536416053772,0,0,2.6260359287261963,0,1,0.9870691299438477,0.11010736972093582,-0.11649315059185028,0,0.013519776053726673,0.6669691205024719,0.7449628710746765,0,0.15972395241260529,-0.736903965473175,0.6568562388420105,0,0,0.5224059820175171,0,1,-0.9254900217056274,0.3753400444984436,-0.05086832493543625,0,-0.3496387004852295,-0.7949181199073792,0.49584105610847473,0,0.14567255973815918,0.47668182849884033,0.8669220209121704,0,-0.7404659986495972,-0.41187000274658203,0.03676199913024902,1,0.9891420006752014,-0.005779022350907326,0.1468500792980194,0,0.12602807581424713,0.5473639965057373,-0.8273509740829468,0,-0.07560001313686371,0.8368740081787109,0.5421489477157593,0,0,2.7639710903167725,0,1,0.655988872051239,0.6353991031646729,-0.407366007566452,0,0.09884284436702728,0.4627530574798584,0.8809589743614197,0,0.748271107673645,-0.6181648373603821,0.2407560646533966,0,0,2.6262319087982178,0,1,0.9945669770240784,0.05579705908894539,-0.08788102120161057,0,0.02796899527311325,0.6699368953704834,0.7418911457061768,0,0.10027005523443222,-0.7403181195259094,0.6647368669509888,0,0,0.5297219753265381,0,1
