2.267,30,68,33
B0,mixamorig_Hips,-1,0.6520323753356934,0.15680643916130066,0.7417508959770203,0,-0.06115877628326416,0.986068844795227,-0.15467819571495056,0,-0.7556726932525635,0.055485498160123825,0.652539074420929,0,0.06439443677663803,5.396991729736328,0.6326364874839783,1
B1,mixamorig_Spine,0,0.9902674555778503,0.05542171001434326,0.12766475975513458,0,-0.07608576118946075,0.983662486076355,0.16315211355686188,0,-0.11653667688369751,-0.17127744853496552,0.9783062934875488,0,0,0.7412130236625671,0.0217909999191761,1
B2,mixamorig_Spine1,1,0.9879206418991089,0.012840094044804573,0.15442997217178345,0,-0.013611795380711555,0.9998989701271057,0.003938424866646528,0,-0.1543632596731186,-0.005993244703859091,0.9879955053329468,0,0,0.8651220202445984,0,1
B3,mixamorig_Spine2,2,0.9897423982620239,0.037842150777578354,0.1377628743648529,0,-0.011244900524616241,0.9819236993789673,-0.18894143402576447,0,-0.1424221694469452,0.18545451760292053,0.9722760319709778,0,0,0.9887120127677917,0,1
B4,mixamorig_Neck,3,0.9091375470161438,-0.021841034293174744,-0.41592156887054443,0,0.023883992806077003,0.9997128844261169,-0.0002897096856031567,0,0.41581106185913086,-0.009670428931713104,0.9093979597091675,0,0,1.1123000383377075,0,1
B5,mixamorig_Head,4,0.8330440521240234,-0.34732481837272644,-0.4305829405784607,0,0.2861436903476715,0.9366626739501953,-0.20194679498672485,0,0.47345346212387085,0.04502100497484207,0.8796672224998474,0,0,0.3687860071659088,0.02936900034546852,1
B6,mixamorig_HeadTop_End,5,1,0,0,0,0,1,0,0,0,0,1,0,0,2.2579920291900635,0.17982099950313568,1
B7,mixamorig_LeftShoulder,3,0.07553882151842117,0.003058071481063962,-0.9971380233764648,0,0.9758951663970947,-0.205559641122818,0.07329944521188736,0,-0.2047474980354309,-0.9786396622657776,-0.018512697890400887,0,0.6236460208892822,0.9506149888038635,0.003836000105366111,1
B8,mixamorig_LeftArm,7,0.9232974052429199,-0.33162468671798706,0.19377076625823975,0,0.28061264753341675,0.9268969297409058,0.2492302805185318,0,-0.26225706934928894,-0.1757393330335617,0.948859453201294,0,0,1.290884017944336,0,1
B9,mixamorig_LeftForeArm,8,0.8149661421775818,0.3630373477935791,-0.4516841769218445,0,-0.25659775733947754,0.9249357581138611,0.2804306149482727,0,0.5195903182029724,-0.11263394355773926,0.8469550609588623,0,0,1.5539430379867554,0,1
B10,mixamorig_LeftHand,9,0.9523490071296692,0.07343953102827072,0.2960332930088043,0,-0.1325729787349701,0.9737684726715088,0.1849118024110794,0,-0.27468618750572205,-0.2153465300798416,0.9371049404144287,0,0,1.6298450231552124,0,1
B11,mixamorig_LeftHandIndex1,10,0.9941211938858032,0.09860149025917053,0.04459475725889206,0,-0.09619419276714325,0.9939442276954651,-0.05300362408161163,0,-0.04955039173364639,0.04840351641178131,0.9975857138633728,0,0,0.5972499847412109,0,1
B12,mixamorig_LeftHandIndex2,11,0.6695805191993713,-0.7426058053970337,-0.014014205895364285,0,0.7377422451972961,0.667141318321228,-0.10323861241340637,0,0.08601484447717667,0.058788079768419266,0.9945554137229919,0,0,0.21713300049304962,0,1
B13,mixamorig_LeftHandIndex3,12,0.5856807827949524,0.6535069346427917,0.47948431968688965,0,-0.2993699610233307,0.7241411209106445,-0.6212824583053589,0,-0.7532287240028381,0.2203284204006195,0.619755744934082,0,-0.20180800557136536,0.17784300446510315,0.03112100064754486,1
B14,mixamorig_LeftHandIndex4,13,1,0,0,0,0,1,0,0,0,0,1,0,0.0037899999879300594,0.03206799924373627,0.044335998594760895,1
B15,mixamorig_RightShoulder,3,-0.18092219531536102,-0.157229483127594,0.9708468914031982,0,-0.9829172492027283,0.06265999376773834,-0.1730189025402069,0,-0.03362793102860451,-0.9855656027793884,-0.16588333249092102,0,-0.6236460208892822,0.95066899061203,0.005669999867677689,1
B16,mixamorig_RightArm,15,0.4790204167366028,0.2807467579841614,-0.8316490054130554,0,-0.5293481349945068,0.8481909036636353,-0.018596608191728592,0,0.7001920342445374,0.44912007451057434,0.5549253821372986,0,0,1.290884017944336,0,1
B17,mixamorig_RightForeArm,16,-0.04905399680137634,-0.9056079387664795,0.4208122789859772,0,0.9966714382171631,-0.01818997412919998,0.07705771178007126,0,-0.06208700314164162,0.42330482602119446,0.9038471579551697,0,0,1.5539849996566772,0,1
B18,mixamorig_RightHand,17,0.9835311770439148,0.1224128007888794,-0.13070420920848846,0,-0.1446581929922104,0.9738437533378601,-0.17494383454322815,0,0.10581168532371521,0.191092848777771,0.9755240082740784,0,0,1.6298489570617676,0,1
B19,mixamorig_RightHandIndex1,18,-0.9901090264320374,0.12690100073814392,-0.059842001646757126,0,0.06508299708366394,0.7932680249214172,0.6053850054740906,0,0.12429500371217728,0.5955020189285278,-0.7936800122261047,0,0,0.39736101031303406,0,1
B20,mixamorig_RightHandIndex2,19,0.9976209998130798,0.02294500730931759,0.0650010034441948,0,0.011651000007987022,0.8732770085334778,-0.4870840013027191,0,-0.06793999671936035,0.4866830110549927,0.8709329962730408,0,0,0.27634701132774353,0,1
B21,mixamorig_RightHandIndex3,20,0.9610660076141357,0.11554199457168579,0.2510020136833191,0,0.14201000332832336,0.572700023651123,-0.8073710203170776,0,-0.23703397810459137,0.8115820288658142,0.5339949727058411,0,-0.020735999569296837,0.30976900458335876,-0.25726398825645447,1
B22,mixamorig_RightHandIndex4,21,1,0,0,0,0,1,0,0,0,0,1,0,-0.017635999247431755,0.04123900085687637,-0.04226300120353699,1
B23,mixamorig_LeftUpLeg,0,-0.8575237393379211,-0.1364959478378296,0.49596256017684937,0,0.3525749742984772,-0.8579977750778198,0.3734935224056244,0,0.3745691776275635,0.49517643451690674,0.7838845252990723,0,0.7404659986495972,-0.41187000274658203,0.08265099674463272,1
B24,mixamorig_LeftLeg,23,0.970917284488678,-0.20808632671833038,-0.11838741600513458,0,0.04584268108010292,0.6469480395317078,-0.7611544728279114,0,0.23497611284255981,0.7335929274559021,0.637671172618866,0,0,2.7638309001922607,0,1
B25,mixamorig_LeftFoot,24,0.6409616470336914,-0.21220843493938446,0.7376527190208435,0,-0.41537562012672424,0.7122486233711243,0.5658289194107056,0,-0.6454673409461975,-0.6690787672996521,0.36838066577911377,0,0,2.6260359287261963,0,1
B26,mixamorig_LeftToeBase,25,0.9932088255882263,-0.10688518732786179,0.045950379222631454,0,0.03490997850894928,0.6505436301231384,0.7586656808853149,0,-0.11098355054855347,-0.7519091963768005,0.6498578786849976,0,0,0.5224059820175171,0,1
B27,mixamorig_LeftToe_End,26,1,0,0,0,0,1,0,0,0,0,1,0,0,0.25804299116134644,0,1
B28,mixamorig_RightUpLeg,0,-0.7663113474845886,0.6161961555480957,-0.18183386325836182,0,-0.6316767334938049,-0.7742087244987488,0.03858185559511185,0,-0.11699733138084412,0.14441874623298645,0.9825252294540405,0,-0.7404659986495972,-0.41187000274658203,0.03676199913024902,1
B29,mixamorig_RightLeg,28,0.9897071719169617,0.041335903108119965,0.1368963122367859,0,0.04076617211103439,0.8361597657203674,-0.5468956828117371,0,-0.13709518313407898,0.5468407869338989,0.8258758187294006,0,0,2.7639710903167725,0,1
B30,mixamorig_RightFoot,29,0.6222965121269226,0.610862135887146,-0.48947760462760925,0,0.08395256847143173,0.5696150660514832,0.8176060914993286,0,0.7782666087150574,-0.5498861074447632,0.3031855523586273,0,0,2.6262319087982178,0,1
B31,mixamorig_RightToeBase,30,0.9979231953620911,0.007715967018157244,-0.063750721514225,0,0.04042055457830429,0.6958910822868347,0.717008113861084,0,0.04989602044224739,-0.7180973291397095,0.6941326856613159,0,0,0.5297219753265381,0,1
B32,mixamorig_RightToe_End,31,1,0,0,0,0,1,0,0,0,0,1,0,0,0.25582700967788696,0,1
@28,0,1,2,3,4,5,7,8,9,10,11,12,13,15,16,17,18,19,20,21,23,24,25,26,28,29,30,31
K0.000,0.6378499865531921,0.04265400022268295,0.768979012966156,0,-0.1283539980649948,0.9903889894485474,0.05153200030326843,0,-0.7593899965286255,-0.1315709948539734,0.6371939778327942,0,0.030666999518871307,5.209436893463135,-0.004139000084251165,1,0.9981619715690613,-0.027612000703811646,-0.05394899845123291,0,0.03872700035572052,0.9753299951553345,0.2173279970884323,0,0.04661700129508972,-0.21901799738407135,0.974606990814209,0,0,0.7412130236625671,0.0217909999191761,1,0.9925029873847961,-0.06704100221395493,-0.10219699889421463,0,0.0771780014038086,0.9921200275421143,0.09870100021362305,0,0.09477400034666061,-0.10584799945354462,0.9898560047149658,0,0,0.8651220202445984,0,1,0.9925029873847961,-0.06700100004673004,-0.1022230014204979,0,0.056033000349998474,0.9927189946174622,-0.10662800073623657,0,0.10862299799919128,0.10010100156068802,0.9890300035476685,0,0,0.9887120127677917,0,1,0.9866660237312317,-0.002830999903380871,-0.1627350002527237,0,0.004573000129312277,0.9999359846115112,0.010332000441849232,0,0.1626950055360794,-0.010937999933958054,0.9866160154342651,0,0,1.1123000383377075,0,1,0.9176599979400635,-0.08968300372362137,-0.3871150016784668,0,0.05649900063872337,0.9937490224838257,-0.0962890014052391,0,0.39333000779151917,0.06648799777030945,0.9169899821281433,0,0,0.3687860071659088,0.02936900034546852,1,0.285739004611969,-0.030383000150322914,-0.9578260183334351,0,0.9221580028533936,-0.2632159888744354,0.2834480106830597,0,-0.2607269883155823,-0.9642580151557922,-0.047192998230457306,0,0.6236460208892822,0.9506149888038635,0.003836000105366111,1,0.9809690117835999,0.02315700054168701,0.192780002951622,0,-0.12231499701738358,0.8447920083999634,0.5209270119667053,0,-0.15079599618911743,-0.5345929861068726,0.8315470218658447,0,0,1.290884017944336,0,1,0.8272860050201416,0.44231700897216797,0.346343994140625,0,-0.494284987449646,0.866096019744873,0.07456699758768082,0,-0.2669849991798401,-0.23288099467754364,0.935139000415802,0,0,1.5539430379867554,0,1,0.9984959959983826,0.04100099951028824,-0.03639400005340576,0,-0.04506300017237663,0.9918860197067261,-0.11887499690055847,0,0.031224999576807022,0.12033600360155106,0.9922419786453247,0,0,1.6298450231552124,0,1,0.9948070049285889,0.1006229966878891,0.015317000448703766,0,-0.10061699897050858,0.9949250221252441,-0.001180000021122396,0,-0.015358000062406063,-0.00036700000055134296,0.9998819828033447,0,0,0.5972499847412109,0,1,0.6689850091934204,-0.7432129979133606,-0.009689999744296074,0,0.7413330078125,0.6681209802627563,-0.06356000155210495,0,0.05371300131082535,0.03533700108528137,0.9979310035705566,0,0,0.21713300049304962,0,1,0.6081860065460205,0.6514790058135986,0.45352500677108765,0,-0.35777801275253296,0.7349889874458313,-0.5760089755058289,0,-0.708594024181366,0.188059002161026,0.6800950169563293,0,-0.20180800557136536,0.17784300446510315,0.03112100064754486,1,0.42106300592422485,0.0776050016283989,0.9037060141563416,0,-0.879630982875824,-0.20810499787330627,0.4277159869670868,0,0.2212579995393753,-0.9750229716300964,-0.01936200074851513,0,-0.6236460208892822,0.95066899061203,0.005669999867677689,1,0.826973021030426,0.560670018196106,-0.04201500117778778,0,-0.3809489905834198,0.6137120127677917,0.6915460228919983,0,0.41351398825645447,-0.5558850169181824,0.7211089730262756,0,0,1.290884017944336,0,1,0.6576840281486511,-0.712270975112915,-0.24519799649715424,0,0.7432519793510437,0.6665499806404114,0.057342998683452606,0,0.1225930005311966,-0.21995699405670166,0.9677760004997253,0,0,1.5539849996566772,0,1,0.8107969760894775,-0.5853070020675659,0.004908000119030476,0,0.5812479853630066,0.8061059713363647,0.11109799891710281,0,-0.06898300349712372,-0.087226003408432,0.9937970042228699,0,0,1.6298489570617676,0,1,-0.9901090264320374,0.12690000236034393,-0.059842001646757126,0,0.06508199870586395,0.793267011642456,0.6053850054740906,0,0.12429399788379669,0.5955029726028442,-0.7936800122261047,0,0,0.39736101031303406,0,1,0.9976209998130798,0.02294600009918213,0.0650010034441948,0,0.011651000007987022,0.8732770085334778,-0.4870850145816803,0,-0.06793999671936035,0.4866830110549927,0.8709329962730408,0,0,0.27634701132774353,0,1,0.9610660076141357,0.11554200202226639,0.2510020136833191,0,0.14201000332832336,0.572700023651123,-0.8073710203170776,0,-0.23703399300575256,0.811581015586853,0.5339949727058411,0,-0.020735999569296837,0.30976900458335876,-0.25726398825645447,1,-0.6372500061988831,0.0010689999908208847,0.7706559896469116,0,0.5983350276947021,-0.6295589804649353,0.49563199281692505,0,0.4857029914855957,0.7769520282745361,0.40054699778556824,0,0.7404659986495972,-0.41187000274658203,0.08265099674463272,1,0.9305909872055054,-0.24541600048542023,-0.27160900831222534,0,-0.03902899846434593,0.6712290048599243,-0.7402219772338867,0,0.363974004983902,0.6994439959526062,0.6150609850883484,0,0,2.7638309001922607,0,1,0.7260209918022156,-0.15543299913406372,0.669875979423523,0,-0.32277899980545044,0.7831199765205383,0.5315420031547546,0,-0.607213020324707,-0.6021329760551453,0.5183899998664856,0,0,2.6260359287261963,0,1,0.997331976890564,-0.07016400247812271,-0.020130999386310577,0,0.06172399967908859,0.6634100079536438,0.7457060217857361,0,-0.03896699845790863,-0.7449600100517273,0.6659709811210632,0,0,0.5224059820175171,0,1,-0.9020709991455078,0.3551349937915802,-0.24524900317192078,0,-0.43113601207733154,-0.7674999833106995,0.4744119942188263,0,-0.01974800042808056,0.533689022064209,0.8454499840736389,0,-0.7404659986495972,-0.41187000274658203,0.03676199913024902,1,0.9935169816017151,-0.009345999918878078,0.11330000311136246,0,0.09953899681568146,0.5529590249061584,-0.8272410035133362,0,-0.05491799861192703,0.8331559896469116,0.5503050088882446,0,0,2.7639710903167725,0,1,0.6688410043716431,0.6171640157699585,-0.41443899273872375,0,0.12642399966716766,0.45493900775909424,0.8815029859542847,0,0.7325770258903503,-0.6419810056686401,0.22625699639320374,0,0,2.6262319087982178,0,1,0.9957249760627747,0.04225499927997589,-0.08213700354099274,0,0.029885999858379364,0.6940190196037292,0.7193359732627869,0,0.08740100264549255,-0.7187150120735168,0.6897900104522705,0,0,0.5297219753265381,0,1
K0.033,0.6268918514251709,0.049596067517995834,0.7775260806083679,0,-0.11723387986421585,0.9926139712333679,0.031205803155899048,0,-0.7702361345291138,-0.11071479320526123,0.628075897693634,0,0.031478025019168854,5.220213890075684,0.007517240475863218,1,0.9986730217933655,-0.021771922707557678,-0.04667286202311516,0,0.031367894262075424,0.9759020209312439,0.21594198048114777,0,0.04084588587284088,-0.2171199768781662,0.9752900004386902,0,0,0.7412130236625671,0.0217909999191761,1,0.9930499792098999,-0.06631595641374588,-0.09722783416509628,0,0.07560793310403824,0.9925810098648071,0.0952189564704895,0,0.09019184857606888,-0.10190893709659576,0.9906970262527466,0,0,0.8651220202445984,0,1,0.9930850267410278,-0.06370992213487625,-0.09860985726118088,0,0.05290494114160538,0.9926819801330566,-0.10855603218078613,0,0.10480385273694992,0.10258804261684418,0.9891870021820068,0,0,0.9887120127677917,0,1,0.9837899208068848,-0.008284064941108227,-0.1791353076696396,0,0.00920806359499693,0.9999480247497559,0.004324976354837418,0,0.17909030616283417,-0.005903992336243391,0.9838149547576904,0,0,1.1123000383377075,0,1,0.9129079580307007,-0.10469125956296921,-0.3945111036300659,0,0.07289227098226547,0.9928249716758728,-0.09479201585054398,0,0.4016041159629822,0.05777989327907562,0.9139889478683472,0,0,0.3687860071659088,0.02936900034546852,1,0.26762866973876953,-0.029865965247154236,-0.9630590677261353,0,0.9263630509376526,-0.2669279873371124,0.26570868492126465,0,-0.2650029957294464,-0.9632539749145508,-0.04377094283699989,0,0.6236460208892822,0.9506149888038635,0.003836000105366111,1,0.9812009930610657,0.018494825810194016,0.19210097193717957,0,-0.11830684542655945,0.8440719842910767,0.5230170488357544,0,-0.1524730622768402,-0.5359110236167908,0.8303920030593872,0,0,1.290884017944336,0,1,0.828389048576355,0.4568772315979004,0.32409054040908813,0,-0.5053541660308838,0.859143853187561,0.08055207878351212,0,-0.24163852632045746,-0.23050887882709503,0.9425901174545288,0,0,1.5539430379867554,0,1,0.9984109997749329,0.04550709202885628,-0.033242661505937576,0,-0.04871905967593193,0.9934629797935486,-0.10323771089315414,0,0.028327669948339462,0.1046936959028244,0.9941010475158691,0,0,1.6298450231552124,0,1,0.9947879910469055,0.10115600377321243,0.012825952842831612,0,-0.10115000605583191,0.9948710203170776,-0.0011519797844812274,0,-0.012876950204372406,-0.000151015367009677,0.9999169707298279,0,0,0.5972499847412109,0,1,0.6691989898681641,-0.7429760098457336,-0.012621039524674416,0,0.7408260107040405,0.6683930158615112,-0.06654302775859833,0,0.05787604674696922,0.035180993378162384,0.997704029083252,0,0,0.21713300049304962,0,1,0.6066889762878418,0.6505759954452515,0.45681503415107727,0,-0.35290995240211487,0.7353450059890747,-0.5785520076751709,0,-0.7123080492019653,0.18978601694107056,0.6757209300994873,0,-0.20180800557136536,0.17784300446510315,0.03112100064754486,1,0.37359538674354553,0.06645983457565308,0.9252082109451294,0,-0.9010732173919678,-0.21079106628894806,0.37899133563041687,0,0.22021400928497314,-0.9752690196037292,-0.01886502280831337,0,-0.6236460208892822,0.95066899061203,0.005669999867677689,1,0.827256977558136,0.5598440170288086,-0.04712989926338196,0,-0.37860214710235596,0.6174861192703247,0.6894718408584595,0,0.41509881615638733,-0.5525268912315369,0.7227771878242493,0,0,1.290884017944336,0,1,0.6548395156860352,-0.722755491733551,-0.22092771530151367,0,0.7505683898925781,0.6561573147773743,0.07812659442424774,0,0.08849719911813736,-0.21698220074176788,0.9721559882164001,0,0,1.5539849996566772,0,1,0.8335962295532227,-0.5391491055488586,0.12014835327863693,0,0.5387073755264282,0.8415923714637756,0.038951095193624496,0,-0.12211678922176361,0.03225533664226532,0.9919917583465576,0,0,1.6298489570617676,0,1,-0.9901090264320374,0.12690100073814392,-0.059842001646757126,0,0.06508299708366394,0.7932680249214172,0.6053850054740906,0,0.12429500371217728,0.5955020189285278,-0.7936800122261047,0,0,0.39736101031303406,0,1,0.9976209998130798,0.022944999858736992,0.0650010034441948,0,0.011651000007987022,0.8732770085334778,-0.4870840013027191,0,-0.06793999671936035,0.4866830110549927,0.8709329962730408,0,0,0.27634701132774353,0,1,0.9610660076141357,0.1155410036444664,0.2510020136833191,0,0.14201000332832336,0.572700023651123,-0.8073710203170776,0,-0.23703299462795258,0.8115820288658142,0.5339949727058411,0,-0.020735999569296837,0.30976900458335876,-0.25726398825645447,1,-0.6386690139770508,-0.025155246257781982,0.7690709829330444,0,0.5935749411582947,-0.6521222591400146,0.471598744392395,0,0.4896640479564667,0.7576967477798462,0.43142130970954895,0,0.7404659986495972,-0.41187000274658203,0.08265099674463272,1,0.9361360669136047,-0.23962095379829407,-0.25735485553741455,0,-0.029848910868167877,0.6750820279121399,-0.7371389865875244,0,0.3503698408603668,0.6977440118789673,0.624815046787262,0,0,2.7638309001922607,0,1,0.7235900163650513,-0.16140806674957275,0.6710919737815857,0,-0.3213669955730438,0.7816769480705261,0.5345130562782288,0,-0.6108520030975342,-0.6024350523948669,0.5137429237365723,0,0,2.6260359287261963,0,1,0.9972079992294312,-0.07147801667451859,-0.02162902057170868,0,0.06371802091598511,0.6633300185203552,0.7456099987030029,0,-0.03894799202680588,-0.7449060082435608,0.6660320162773132,0,0,0.5224059820175171,0,1,-0.9024760127067566,0.36593616008758545,-0.22721782326698303,0,-0.4306580424308777,-0.7769060730934143,0.45929381251335144,0,-0.008454885333776474,0.5123547911643982,0.8587321043014526,0,-0.7404659986495972,-0.41187000274658203,0.03676199913024902,1,0.9919589757919312,-0.005071903578937054,0.12646108865737915,0,0.10759101808071136,0.5599851012229919,-0.8214869499206543,0,-0.0666501522064209,0.8284869194030762,0.5560271143913269,0,0,2.7639710903167725,0,1,0.6609989404678345,0.6194199919700623,-0.4235560894012451,0,0.13323606550693512,0.45860007405281067,0.8785979151725769,0,0.7384640574455261,-0.6371849179267883,0.22060497105121613,0,0,2.6262319087982178,0,1,0.9960150122642517,0.038637951016426086,-0.08037897944450378,0,0.030833015218377113,0.6965109705924988,0.7168830037117004,0,0.08368394523859024,-0.7165049910545349,0.6925439834594727,0,0,0.5297219753265381,0,1
K0.067,0.6156611442565918,0.05618593469262123,0.7860049605369568,0,-0.10532812029123306,0.9943720102310181,0.01142019685357809,0,-0.7809398770332336,-0.08981920778751373,0.6181141138076782,0,0.03424997255206108,5.233120918273926,0.03152376040816307,1,0.999351978302002,-0.014206075109541416,-0.033082135021686554,0,0.02096310444176197,0.9766409993171692,0.21385301649570465,0,0.029271114617586136,-0.2144080251455307,0.9763060212135315,0,0,0.7412130236625671,0.0217909999191761,1,0.9947739839553833,-0.06189504638314247,-0.08120715618133545,0,0.06922406703233719,0.9934629797935486,0.09077304601669312,0,0.07505814731121063,-0.09592005610466003,0.9925550222396851,0,0,0.8651220202445984,0,1,0.9948499798774719,-0.056554071605205536,-0.08411514014005661,0,0.04699905961751938,0.9926490187644958,-0.11153197288513184,0,0.08980415016412735,0.10700495541095734,0.9901949763298035,0,0,0.9887120127677917,0,1,0.9774340391159058,-0.01477393601089716,-0.21072468161582947,0,0.015531937591731548,0.9998769760131836,0.0019430236425250769,0,0.21066968142986298,-0.005172007251530886,0.9775430560112,0,0,1.1123000383377075,0,1,0.9049660563468933,-0.13083074986934662,-0.4048708975315094,0,0.10000073164701462,0.9902979731559753,-0.09648698568344116,0,0.4135668873786926,0.046830106526613235,0.9092690348625183,0,0,0.3687860071659088,0.02936900034546852,1,0.2347613275051117,-0.026282034814357758,-0.9716979265213013,0,0.9351329207420349,-0.26677799224853516,0.23314233124256134,0,-0.2653549909591675,-0.9634000062942505,-0.03805205598473549,0,0.6236460208892822,0.9506149888038635,0.003836000105366111,1,0.9820579886436462,0.001061173272319138,0.18857403099536896,0,-0.10236215591430664,0.8428410291671753,0.5283389687538147,0,-0.15837694704532623,-0.5381619930267334,0.827826976776123,0,0,1.290884017944336,0,1,0.8315349221229553,0.4808497726917267,0.27808845043182373,0,-0.5206277966499329,0.8491941094398499,0.08840792626142502,0,-0.19364047050476074,-0.2182951122522354,0.9564778804779053,0,0,1.5539430379867554,0,1,0.9984880089759827,0.05496090650558472,0.000516664469614625,0,-0.05477093905210495,0.9957249760627747,-0.07437629252672195,0,-0.004601672757416964,0.07423530519008636,0.9972299337387085,0,0,1.6298450231552124,0,1,0.9947350025177002,0.10216699540615082,0.008066047914326191,0,-0.10217699408531189,0.9947659969329834,0.0008679798920638859,0,-0.007935049012303352,-0.001686984789557755,0.9999669790267944,0,0,0.5972499847412109,0,1,0.6694669723510742,-0.7426589727401733,-0.016489960253238678,0,0.7401959896087646,0.6687899827957153,-0.0694899708032608,0,0.06263495236635208,0.03431600704789162,0.9974460005760193,0,0,0.21713300049304962,0,1,0.6052230000495911,0.6493110060691833,0.4605439603328705,0,-0.3479500710964203,0.7361149787902832,-0.5805739760398865,0,-0.7159859538078308,0.19112998247146606,0.6714410781860352,0,-0.20180800557136536,0.17784300446510315,0.03112100064754486,1,0.3104906380176544,0.04999116435647011,0.9492607712745667,0,-0.924473762512207,-0.21653394401073456,0.31378665566444397,0,0.22123397886753082,-0.9749940037727356,-0.02101597934961319,0,-0.6236460208892822,0.95066899061203,0.005669999867677689,1,0.8283680081367493,0.558942973613739,-0.037262097001075745,0,-0.3948708474636078,0.6298008561134338,0.6689012050628662,0,0.3973451852798462,-0.5393831133842468,0.7424167990684509,0,0,1.290884017944336,0,1,0.6088204979896545,-0.7694635391235352,-0.19303728640079498,0,0.7932605743408203,0.5931456685066223,0.13753840327262878,0,0.008668793365359306,-0.23686480522155762,0.9715039730072021,0,0,1.5539849996566772,0,1,0.8558997511863708,-0.4494948983192444,0.2557126581668854,0,0.47632962465286255,0.8777636289596558,-0.05138710141181946,0,-0.20135721564292908,0.16578567028045654,0.9653862118721008,0,0,1.6298489570617676,0,1,-0.9901090264320374,0.12690100073814392,-0.059842001646757126,0,0.06508299708366394,0.7932680249214172,0.6053850054740906,0,0.12429500371217728,0.5955020189285278,-0.7936800122261047,0,0,0.39736101031303406,0,1,0.9976209998130798,0.022944999858736992,0.06499999761581421,0,0.011651000007987022,0.8732770085334778,-0.4870850145816803,0,-0.06793999671936035,0.48668399453163147,0.8709319829940796,0,0,0.27634701132774353,0,1,0.9610660076141357,0.1155410036444664,0.2510020136833191,0,0.14201000332832336,0.5727009773254395,-0.8073700070381165,0,-0.23703399300575256,0.811581015586853,0.5339949727058411,0,-0.020735999569296837,0.30976900458335876,-0.25726398825645447,1,-0.6388670206069946,-0.04980875551700592,0.7677029967308044,0,0.5885000824928284,-0.6743637323379517,0.44598427414894104,0,0.495496928691864,0.736717164516449,0.4601407051086426,0,0.7404659986495972,-0.41187000274658203,0.08265099674463272,1,0.941326916217804,-0.23463603854179382,-0.24259014427661896,0,-0.02094408869743347,0.6767939925193787,-0.7358750104904175,0,0.33684614300727844,0.6977789998054504,0.6321699619293213,0,0,2.7638309001922607,0,1,0.7222099900245667,-0.16788794100284576,0.6709889769554138,0,-0.32135701179504395,0.7775890827178955,0.5404489636421204,0,-0.6124879717826843,-0.6059449315071106,0.5076310634613037,0,0,2.6260359287261963,0,1,0.9970769882202148,-0.07262898236513138,-0.023738980293273926,0,0.06608297675848007,0.6636710166931152,0.7451000213623047,0,-0.03836100921034813,-0.7444900274276733,0.6665310263633728,0,0,0.5224059820175171,0,1,-0.90038001537323,0.3812408447265625,-0.20969317853450775,0,-0.4350939691066742,-0.7855449318885803,0.44001317024230957,0,0.0030278859194368124,0.48741522431373596,0.8731648921966553,0,-0.7404659986495972,-0.41187000274658203,0.03676199913024902,1,0.9907280206680298,0.004557903856039047,0.1357819139957428,0,0.10881298780441284,0.5717929005622864,-0.8131490349769592,0,-0.08134584873914719,0.8203850388526917,0.5659958720207214,0,0,2.7639710903167725,0,1,0.6549620628356934,0.6194339990615845,-0.4328119158744812,0,0.13978594541549683,0.4635579288005829,0.8749710321426392,0,0.7426209449768066,-0.633573055267334,0.217024028301239,0,0,2.6262319087982178,0,1,0.9964010119438171,0.033661048859357834,-0.07779402285814285,0,0.03224598616361618,0.6982409954071045,0.7151359915733337,0,0.07839105278253555,-0.7150710225105286,0.6946430206298828,0,0,0.5297219753265381,0,1
K0.100,0.5977720022201538,0.06430400162935257,0.7990829944610596,0,-0.08918700367212296,0.9959239959716797,-0.013425999321043491,0,-0.7966899871826172,-0.06324200332164764,0.601069986820221,0,0.04042699933052063,5.247551918029785,0.07008100301027298,1,0.999888002872467,-0.005020000506192446,-0.014073001220822334,0,0.007896000519394875,0.9771379828453064,0.212458997964859,0,0.012685000896453857,-0.21254700422286987,0.9770690202713013,0,0,0.7412130236625671,0.0217909999191761,1,0.9970160126686096,-0.053651999682188034,-0.055504001677036285,0,0.05843299999833107,0.9943670034408569,0.08843400329351425,0,0.050446998327970505,-0.0914129987359047,0.9945340156555176,0,0,0.8651220202445984,0,1,0.9971619844436646,-0.04538999870419502,-0.06005999818444252,0,0.038417998701334,0.9929059743881226,-0.112527996301651,0,0.06474100053310394,0.10990100353956223,0.9918320178985596,0,0,0.9887120127677917,0,1,0.9652019739151001,-0.01799199916422367,-0.26088500022888184,0,0.019370999187231064,0.9998090267181396,0.0027149999514222145,0,0.2607859969139099,-0.007674000225961208,0.965366005897522,0,0,1.1123000383377075,0,1,0.8859909772872925,-0.18099400401115417,-0.426921010017395,0,0.1490889936685562,0.9829810261726379,-0.10733199864625931,0,0.43908199667930603,0.03144599869847298,0.8978970050811768,0,0,0.3687860071659088,0.02936900034546852,1,0.1829800009727478,-0.02097800001502037,-0.9828929901123047,0,0.9469670057296753,-0.26485899090766907,0.18194499611854553,0,-0.26414498686790466,-0.9640589952468872,-0.02859799936413765,0,0.6236460208892822,0.9506149888038635,0.003836000105366111,1,0.9830880165100098,-0.028422998264431953,0.18091699481010437,0,-0.07430099695920944,0.8410189747810364,0.5358790159225464,0,-0.167385995388031,-0.54025799036026,0.8246840238571167,0,0,1.290884017944336,0,1,0.8389570116996765,0.5022429823875427,0.20952999591827393,0,-0.529263973236084,0.8426110148429871,0.09943299740552902,0,-0.12661300599575043,-0.19431699812412262,0.9727330207824707,0,0,1.5539430379867554,0,1,0.9944249987602234,0.08889500051736832,0.056717995554208755,0,-0.08715099841356277,0.9956640005111694,-0.03251700475811958,0,-0.059362996369600296,0.027392001822590828,0.9978610277175903,0,0,1.6298450231552124,0,1,0.9946309924125671,0.10346099734306335,0.002091000322252512,0,-0.10346899926662445,0.9946249723434448,0.00395999988541007,0,-0.0016700002597644925,-0.004155000206083059,0.9999899864196777,0,0,0.5972499847412109,0,1,0.66976398229599,-0.7422810196876526,-0.020862000063061714,0,0.7394800186157227,0.6692720055580139,-0.07241799682378769,0,0.06771700084209442,0.03307599946856499,0.997156023979187,0,0,0.21713300049304962,0,1,0.6037499904632568,0.6478559970855713,0.4645090103149414,0,-0.342943012714386,0.7371010184288025,-0.5823000073432922,0,-0.7196360230445862,0.19226400554180145,0.6672019958496094,0,-0.20180800557136536,0.17784300446510315,0.03112100064754486,1,0.21989299356937408,0.029239000752568245,0.975085973739624,0,-0.9497680068016052,-0.22175200283527374,0.22083300352096558,0,0.22268399596214294,-0.9746649861335754,-0.020990999415516853,0,-0.6236460208892822,0.95066899061203,0.005669999867677689,1,0.8435400128364563,0.5362409949302673,-0.029757000505924225,0,-0.40458300709724426,0.6709190011024475,0.6214349865913391,0,0.3532029986381531,-0.5121660232543945,0.7829009890556335,0,0,1.290884017944336,0,1,0.502705991268158,-0.8451570272445679,-0.18164999783039093,0,0.8585019707679749,0.46347299218177795,0.21946899592876434,0,-0.10129499435424805,-0.26627498865127563,0.9585599899291992,0,0,1.5539849996566772,0,1,0.8712810277938843,-0.29308900237083435,0.3936600089073181,0,0.37501001358032227,0.9150069952011108,-0.14875799417495728,0,-0.3166019916534424,0.2772369980812073,0.9071400165557861,0,0,1.6298489570617676,0,1,-0.9901090264320374,0.12690100073814392,-0.059842001646757126,0,0.06508299708366394,0.7932680249214172,0.6053850054740906,0,0.12429399788379669,0.5955020189285278,-0.7936800122261047,0,0,0.39736101031303406,0,1,0.9976209998130798,0.022944999858736992,0.06499999761581421,0,0.011651000007987022,0.8732770085334778,-0.4870850145816803,0,-0.06793999671936035,0.4866830110549927,0.8709329962730408,0,0,0.27634701132774353,0,1,0.9610660076141357,0.1155410036444664,0.2510020136833191,0,0.14201000332832336,0.572700023651123,-0.8073710203170776,0,-0.23703399300575256,0.8115820288658142,0.5339949727058411,0,-0.020735999569296837,0.30976900458335876,-0.25726398825645447,1,-0.6393880248069763,-0.0811149999499321,0.7645930051803589,0,0.5816760063171387,-0.70135098695755,0.4120190143585205,0,0.502826988697052,0.7081859707832336,0.49561798572540283,0,0.7404659986495972,-0.41187000274658203,0.08265099674463272,1,0.9472349882125854,-0.22799000144004822,-0.2253129929304123,0,-0.012570000253617764,0.6759570240974426,-0.7368339896202087,0,0.32029300928115845,0.7007870078086853,0.6374239921569824,0,0,2.7638309001922607,0,1,0.7174829840660095,-0.1807119995355606,0.6727269887924194,0,-0.3220059871673584,0.7703350186347961,0.5503600239753723,0,-0.6176819801330566,-0.6114959716796875,0.49451199173927307,0,0,2.6260359287261963,0,1,0.9970059990882874,-0.07299099862575531,-0.025522999465465546,0,0.06769199669361115,0.6643570065498352,0.7443429827690125,0,-0.03737400099635124,-0.7438420057296753,0.6673089861869812,0,0,0.5224059820175171,0,1,-0.8959410190582275,0.40291300415992737,-0.18695400655269623,0,-0.4437589943408966,-0.793757975101471,0.4159649908542633,0,0.019200999289751053,0.4556420147418976,0.889955997467041,0,-0.7404659986495972,-0.41187000274658203,0.03676199913024902,1,0.989109992980957,0.019480999559164047,0.1458829939365387,0,0.10666300356388092,0.5880939960479736,-0.8017280101776123,0,-0.10141199827194214,0.8085579872131348,0.5796120166778564,0,0,2.7639710903167725,0,1,0.6505270004272461,0.6174489855766296,-0.44223400950431824,0,0.14539000391960144,0.4702709913253784,0.870464026927948,0,0.7454370260238647,-0.6305570006370544,0.21615299582481384,0,0,2.6262319087982178,0,1,0.9969260096549988,0.027009999379515648,-0.07354699820280075,0,0.033941999077796936,0.6971619725227356,0.7161099910736084,0,0.07061599940061569,-0.7164049744606018,0.6941019892692566,0,0,0.5297219753265381,0,1
K0.133,0.5668425559997559,0.07829215377569199,0.8200972676277161,0,-0.0706368163228035,0.9964269995689392,-0.04630332067608833,0,-0.8207923173904419,-0.031682711094617844,0.5703476071357727,0,0.049174096435308456,5.262824058532715,0.12428870052099228,1,0.9999499917030334,0.004205106291919947,0.009118246845901012,0,-0.006030154414474964,0.977590024471283,0.21043094992637634,0,-0.008029219694435596,-0.21047596633434296,0.9775660037994385,0,0,0.7412130236625671,0.0217909999191761,1,0.9987670183181763,-0.044703882187604904,-0.02156663127243519,0,0.04639584943652153,0.9952449798583984,0.08563993126153946,0,0.0176356453448534,-0.08653491735458374,0.9960929751396179,0,0,0.8651220202445984,0,1,0.9990530014038086,-0.03344384953379631,-0.0278476495295763,0,0.030060891062021255,0.9930149912834167,-0.1140950545668602,0,0.03146863356232643,0.11314906179904938,0.9930800199508667,0,0,0.9887120127677917,0,1,0.9457277655601501,-0.018875962123274803,-0.32441169023513794,0,0.025172045454382896,0.9995669722557068,0.0152201596647501,0,0.32398369908332825,-0.022560177370905876,0.9457937479019165,0,0,1.1123000383377075,0,1,0.8549976348876953,-0.24409455060958862,-0.45759934186935425,0,0.20842452347278595,0.9696518182754517,-0.1278051882982254,0,0.47490835189819336,0.01389879547059536,0.8799258470535278,0,0,0.3687860071659088,0.02936900034546852,1,0.12560157477855682,-0.015171946957707405,-0.9919650554656982,0,0.9567450881004333,-0.26262903213500977,0.12515956163406372,0,-0.2624170184135437,-0.9647780060768127,-0.018470939248800278,0,0.6236460208892822,0.9506149888038635,0.003836000105366111,1,0.9830809235572815,-0.08177179843187332,0.16390877962112427,0,-0.01920514926314354,0.8438800573348999,0.5361878275871277,0,-0.18216422200202942,-0.5302637219429016,0.8280311226844788,0,0,1.290884017944336,0,1,0.8415499329566956,0.5259341597557068,0.12323398888111115,0,-0.53861403465271,0.8343399167060852,0.11735622584819794,0,-0.041098009794950485,-0.16513663530349731,0.9854140877723694,0,0,1.5539430379867554,0,1,0.9880079030990601,0.11328627169132233,0.10491259396076202,0,-0.11453138291835785,0.9934019446372986,0.005898585543036461,0,-0.10355249792337418,-0.01784370094537735,0.9944638609886169,0,0,1.6298450231552124,0,1,0.9944819808006287,0.1048310175538063,-0.004052053205668926,0,-0.1048000156879425,0.99446702003479,0.007205025292932987,0,0.004785055294632912,-0.00674101896584034,0.999966025352478,0,0,0.5972499847412109,0,1,0.670054018497467,-0.7418810129165649,-0.02530704066157341,0,0.7387300133705139,0.6697779893875122,-0.07533503323793411,0,0.07284004986286163,0.03178298845887184,0.9968370199203491,0,0,0.21713300049304962,0,1,0.6022409796714783,0.6463829874992371,0.4685020446777344,0,-0.3379259407520294,0.7381049990653992,-0.5839589834213257,0,-0.7232650518417358,0.19336500763893127,0.6629459261894226,0,-0.20180800557136536,0.17784300446510315,0.03112100064754486,1,0.13404308259487152,0.007125758565962315,0.9909500479698181,0,-0.9648040533065796,-0.2273559868335724,0.13214105367660522,0,0.22623997926712036,-0.9737859964370728,-0.023600025102496147,0,-0.6236460208892822,0.95066899061203,0.005669999867677689,1,0.8634472489356995,0.5020623803138733,-0.0489046648144722,0,-0.40151965618133545,0.7427289485931396,0.5358506441116333,0,0.30535265803337097,-0.44304272532463074,0.8428956270217896,0,0,1.290884017944336,0,1,0.3326258957386017,-0.9218924045562744,-0.1986803263425827,0,0.9159121513366699,0.26561668515205383,0.30091753602027893,0,-0.2246401011943817,-0.2820667624473572,0.9327247142791748,0,0,1.5539849996566772,0,1,0.8626556992530823,-0.07753784954547882,0.49981340765953064,0,0.22396214306354523,0.9445821046829224,-0.24001260101795197,0,-0.4535040557384491,0.31898748874664307,0.8322145342826843,0,0,1.6298489570617676,0,1,-0.9901090264320374,0.12690100073814392,-0.059842001646757126,0,0.06508299708366394,0.7932680249214172,0.6053850054740906,0,0.12429399788379669,0.5955020189285278,-0.7936800122261047,0,0,0.39736101031303406,0,1,0.9976209998130798,0.02294600009918213,0.0650010034441948,0,0.011651000007987022,0.8732770085334778,-0.4870840013027191,0,-0.06793999671936035,0.4866830110549927,0.8709329962730408,0,0,0.27634701132774353,0,1,0.9610660076141357,0.1155410036444664,0.2510020136833191,0,0.14201000332832336,0.572700023651123,-0.8073710203170776,0,-0.23703299462795258,0.8115820288658142,0.5339949727058411,0,-0.020735999569296837,0.30976900458335876,-0.25726398825645447,1,-0.6448691487312317,-0.12025340646505356,0.7547737956047058,0,0.5674828290939331,-0.736846387386322,0.3674525320529938,0,0.5119640827178955,0.6652794480323792,0.5434105396270752,0,0.7404659986495972,-0.41187000274658203,0.08265099674463272,1,0.9551271200180054,-0.21544083952903748,-0.20326772332191467,0,-0.004920909181237221,0.6746240258216858,-0.7381449937820435,0,0.29615670442581177,0.7060230374336243,0.6432910561561584,0,0,2.7638309001922607,0,1,0.7039897441864014,-0.20453932881355286,0.6801190972328186,0,-0.3220680058002472,0.76156085729599,0.56240314245224,0,-0.6329862475395203,-0.6149709820747375,0.4702546298503876,0,0,2.6260359287261963,0,1,0.9969630241394043,-0.07393799722194672,-0.02443196251988411,0,0.06745097041130066,0.6631719470024109,0.7454220652580261,0,-0.03891303017735481,-0.7448060512542725,0.6661449670791626,0,0,0.5224059820175171,0,1,-0.8878848552703857,0.4321223199367523,-0.15789169073104858,0,-0.4579951763153076,-0.7976890206336975,0.3923417925834656,0,0.04359128326177597,0.4206686317920685,0.906166136264801,0,-0.7404659986495972,-0.41187000274658203,0.03676199913024902,1,0.9854889512062073,0.04170124977827072,0.16453620791435242,0,0.10575295984745026,0.6073692440986633,-0.7873488068580627,0,-0.13276836276054382,0.793323814868927,0.594146192073822,0,0,2.7639710903167725,0,1,0.6463660001754761,0.6136479377746582,-0.45348310470581055,0,0.15162403881549835,0.47917211055755615,0.8645249605178833,0,0.7478100061416626,-0.6275589466094971,0.21667703986167908,0,0,2.6262319087982178,0,1,0.9974219799041748,0.019900929182767868,-0.06893995404243469,0,0.03569601848721504,0.6958280205726624,0.71732097864151,0,0.06224491447210312,-0.7179329991340637,0.6933240294456482,0,0,0.5297219753265381,0,1
