1.767,30,53,33
B0,mixamorig_Hips,-1,0.6347586512565613,0.07896820455789566,0.7686629891395569,0,-0.172998309135437,0.9840351939201355,0.04176674410700798,0,-0.7530946135520935,-0.15948940813541412,0.6382875442504883,0,-0.04064119607210159,5.0890302658081055,-0.13523222506046295,1
B1,mixamorig_Spine,0,0.9988375306129456,-0.00612296350300312,-0.04779942333698273,0,0.016522254794836044,0.9752870798110962,0.22032064199447632,0,0.04526906460523605,-0.22085441648960114,0.9742556810379028,0,0,0.6926249861717224,-0.010666999965906143,1
B2,mixamorig_Spine1,1,0.9913875460624695,-0.0779728963971138,-0.10521231591701508,0,0.08799194544553757,0.9916508793830872,0.09422613680362701,0,0.0969897210597992,-0.10267365723848343,0.989971399307251,0,0,0.8081579804420471,0,1
B3,mixamorig_Spine2,2,0.9918296337127686,-0.07632804661989212,-0.10221094638109207,0,0.06484000384807587,0.9916625618934631,-0.1113300770521164,0,0.109858937561512,0.10379240661859512,0.9885097146034241,0,0,0.9236099720001221,0,1
B4,mixamorig_Neck,3,0.9768974781036377,-0.04969548061490059,-0.20776812732219696,0,0.028468487784266472,0.9941596984863281,-0.10370039194822311,0,0.21172615885734558,0.09537797421216965,0.9726078510284424,0,0,1.0390599966049194,0,1
B5,mixamorig_Head,4,0.9370909929275513,-0.0185856893658638,-0.3485735356807709,0,0.016829408705234528,0.9997979998588562,-0.008056709542870522,0,0.34867748618125916,0.0016823060577735305,0.9372175931930542,0,0,0.4586620032787323,0.06377600133419037,1
B6,mixamorig_HeadTop_End,5,1,0,0,0,0,1,0,0,0,0,1,0,0,2.7444159984588623,0.38160499930381775,1
B7,mixamorig_LeftShoulder,3,0.2538278102874756,-0.022453265264630318,-0.966983437538147,0,0.9485858082771301,-0.189554825425148,0.2534029483795166,0,-0.18899103999137878,-0.9815971851348877,-0.026798082515597343,0,0.6075040102005005,0.945813000202179,-0.003561000106856227,1
B8,mixamorig_LeftArm,7,0.9685236811637878,0.05621820315718651,0.24238142371177673,0,-0.17998284101486206,0.8308972120285034,0.5264659523963928,0,-0.17180104553699493,-0.5535571575164795,0.8148964643478394,0,0,1.2394499778747559,0,1
B9,mixamorig_LeftForeArm,8,0.7339013814926147,0.6177356243133545,0.28238698840141296,0,-0.6578897833824158,0.7498994469642639,0.06934774667024612,0,-0.16894565522670746,-0.23666304349899292,0.9567751884460449,0,0,1.4628150463104248,0,1
B10,mixamorig_LeftHand,9,0.9993532299995422,0.0002082933933706954,-0.03575454652309418,0,-0.005238030105829239,0.9900360107421875,-0.14056698977947235,0,0.03534970432519913,0.14066660404205322,0.9894112944602966,0,0,1.8628530502319336,0,1
B11,mixamorig_LeftHandIndex1,10,0.9994781613349915,0.019989222288131714,0.02491498365998268,0,-0.023216381669044495,0.9902464747428894,0.13707907497882843,0,-0.021968945860862732,-0.137593075633049,0.9902142882347107,0,0,0.5151039958000183,0,1
B12,mixamorig_LeftHandIndex2,11,0.9190319180488586,-0.38138043880462646,-0.0995294451713562,0,0.39378097653388977,0.8996758460998535,0.18813633918762207,0,0.017795834690332413,-0.21209634840488434,0.9770112037658691,0,0,0.21173200011253357,0,1
B13,mixamorig_LeftHandIndex3,12,0.7591460943222046,-0.41480645537376404,-0.5015832781791687,0,0.6263808012008667,0.6751416921615601,0.3896324336528778,0,0.17701420187950134,-0.6099717020988464,0.7723580002784729,0,-0.09657900035381317,0.22366200387477875,0.018028000369668007,1
B14,mixamorig_LeftHandIndex4,13,1,0,0,0,0,1,0,0,0,0,1,0,-0.025630999356508255,0.01486000046133995,-0.010502000339329243,1
B15,mixamorig_RightShoulder,3,0.3663766384124756,0.067798912525177,0.9279908537864685,0,-0.9158564805984497,-0.1497209519147873,0.37252458930015564,0,0.16420061886310577,-0.986394464969635,0.007246841210871935,0,-0.6075040102005005,0.945747971534729,0.000686999992467463,1
B16,mixamorig_RightArm,15,0.8478419184684753,0.5095933079719543,-0.14626763761043549,0,-0.24555566906929016,0.6219515800476074,0.7435007691383362,0,0.4698808789253235,-0.5945070385932922,0.652511477470398,0,0,1.2394499778747559,0,1
B17,mixamorig_RightForeArm,16,0.557361900806427,-0.8031432628631592,-0.21034906804561615,0,0.8301222920417786,0.5350968837738037,0.15655432641506195,0,-0.013170433230698109,-0.26185303926467896,0.9650046825408936,0,0,1.462831974029541,0,1
B18,mixamorig_RightHand,17,0.8663413524627686,-0.4901077151298523,0.09516581892967224,0,0.4980328679084778,0.8617337346076965,-0.09544996172189713,0,-0.035371456295251846,0.13012643158435822,0.9908095598220825,0,0,1.8628220558166504,0,1
B19,mixamorig_RightHandIndex1,18,0.9877899885177612,-0.12005999684333801,0.09927699714899063,0,0.035325754433870316,0.7932680249214172,0.6078469753265381,0,-0.1517309993505478,-0.5969187617301941,0.7878232598304749,0,0,0.27894100546836853,0,1
B20,mixamorig_RightHandIndex2,19,0.9979199767112732,-0.03600599989295006,0.05347524583339691,0,-0.02267500013113022,0.5804539918899536,0.8139770030975342,0,-0.06034800037741661,-0.8134959936141968,0.5784299969673157,0,0,0.3043909966945648,0,1
B21,mixamorig_RightHandIndex3,20,0.9970809817314148,-0.01194700039923191,0.07540600001811981,0,-0.02538900077342987,0.879580020904541,0.4750730097293854,0,-0.07200100272893906,-0.4756009876728058,0.8767097592353821,0,0.006897000130265951,0.2651579976081848,0.06799700111150742,1
B22,mixamorig_RightHandIndex4,21,1,0,0,0,0,1,0,0,0,0,1,0,0.00851100031286478,0.07186800241470337,0.08019299805164337,1
B23,mixamorig_LeftUpLeg,0,-0.630222499370575,0.04101806879043579,0.7753297686576843,0,0.6054758429527283,-0.5991363525390625,0.5238549709320068,0,0.48601794242858887,0.7995892763137817,0.35275188088417053,0,0.7677279710769653,-0.38479098677635193,0.04862099885940552,1
B24,mixamorig_LeftLeg,23,0.9227069616317749,-0.26613423228263855,-0.2788960337638855,0,-0.040579453110694885,0.6523844599723816,-0.7567852139472961,0,0.383361279964447,0.7096081972122192,0.5911595225334167,0,0,2.8149828910827637,0,1
B25,mixamorig_LeftFoot,24,0.9116713404655457,-0.15338417887687683,0.3812188506126404,0,-0.20068487524986267,0.6433553695678711,0.7387906908988953,0,-0.35857707262039185,-0.7500393390655518,0.5557483434677124,0,0,2.666728973388672,0,1
B26,mixamorig_LeftToeBase,25,0.9593520164489746,-0.08200724422931671,0.2700360119342804,0,-0.11032400280237198,0.7717249989509583,0.6263139843940735,0,-0.2597559988498688,-0.6306470036506653,0.7313079833984375,0,0,0.5788760185241699,0,1
B27,mixamorig_LeftToe_End,26,1,0,0,0,0,1,0,0,0,0,1,0,0,0.32979699969291687,0,1
B28,mixamorig_RightUpLeg,0,-0.8978345990180969,0.36076101660728455,-0.2524760961532593,0,-0.4398244619369507,-0.7071866393089294,0.5535711050033569,0,0.021159108728170395,0.6080604195594788,0.7936084270477295,0,-0.7677279710769653,-0.38479098677635193,0.06475500017404556,1
B29,mixamorig_RightLeg,28,0.9925681948661804,-0.022142423316836357,0.11964867264032364,0,0.11782395094633102,0.42047226428985596,-0.8996227383613586,0,-0.030389176681637764,0.9070342183113098,0.41995638608932495,0,0,2.815056085586548,0,1
B30,mixamorig_RightFoot,29,0.8171309232711792,0.5531688928604126,-0.16217441856861115,0,0.053884077817201614,0.20680342614650726,0.9768973588943481,0,0.5739275217056274,-0.8069911003112793,0.1391778290271759,0,0,2.6650030612945557,0,1
B31,mixamorig_RightToeBase,30,0.9787229895591736,0.046216752380132675,-0.19991399347782135,0,0.09713900089263916,0.753836989402771,0.6498410105705261,0,0.1807360053062439,-0.6554340124130249,0.7333082556724548,0,0,0.5352979898452759,0,1
B32,mixamorig_RightToe_End,31,1,0,0,0,0,1,0,0,0,0,1,0,0,0.3322939872741699,0,1
@28,0,1,2,3,4,5,7,8,9,10,11,12,13,15,16,17,18,19,20,21,23,24,25,26,28,29,30,31
K0.000,0.637598991394043,0.040178000926971436,0.769320011138916,0,-0.1268559992313385,0.990481972694397,0.053408000618219376,0,-0.7598519921302795,-0.13164499402046204,0.6366279721260071,0,0.03330700099468231,5.2179670333862305,0.004046999849379063,1,0.9981859922409058,-0.025217000395059586,-0.05467899888753891,0,0.0343639999628067,0.9842510223388672,0.17340199649333954,0,0.04944499954581261,-0.1749659925699234,0.9833319783210754,0,0,0.6926249861717224,-0.010666999965906143,1,0.9925029873847961,-0.06239800155162811,-0.1050959974527359,0,0.07285699993371964,0.9924349784851074,0.09881599992513657,0,0.09813500195741653,-0.10573200136423111,0.9895399808883667,0,0,0.8081579804420471,0,1,0.9925029873847961,-0.06235700100660324,-0.10512000322341919,0,0.05111299827694893,0.9930030107498169,-0.10644999891519547,0,0.11102300137281418,0.10027900338172913,0.9887459874153137,0,0,0.9236099720001221,0,1,0.9866660237312317,0.004459999967366457,-0.16269800066947937,0,0.004569999873638153,0.9984710216522217,0.05508799850940704,0,0.1626950055360794,-0.05509699881076813,0.9851369857788086,0,0,1.0390599966049194,0,1,0.9176589846611023,-0.08968400210142136,-0.3871150016784668,0,0.056501999497413635,0.9937490224838257,-0.09628599882125854,0,0.39333099126815796,0.06648500263690948,0.9169899821281433,0,0,0.4586620032787323,0.06377600133419037,1,0.2725909948348999,-0.03190400078892708,-0.9616010189056396,0,0.9452829957008362,-0.1773349940776825,0.2738490104675293,0,-0.17926199734210968,-0.9836329817771912,-0.018182000145316124,0,0.6075040102005005,0.945813000202179,-0.003561000106856227,1,0.9826210141181946,-0.01955999992787838,0.18459199368953705,0,-0.09865500032901764,0.7873319983482361,0.608585000038147,0,-0.15723900496959686,-0.6162189841270447,0.7717189788818359,0,0,1.2394499778747559,0,1,0.8311390280723572,0.43101900815963745,0.3513279855251312,0,-0.49030399322509766,0.866096019744873,0.09736499935388565,0,-0.2623170018196106,-0.25318101048469543,0.9311760067939758,0,0,1.4628150463104248,0,1,0.9982320070266724,0.04650599882006645,-0.037018001079559326,0,-0.050537001341581345,0.9918860197067261,-0.11665400117635727,0,0.03129199892282486,0.11831799894571304,0.9924830198287964,0,0,1.8628530502319336,0,1,0.994297981262207,0.10037700086832047,0.036006998270750046,0,-0.10056599974632263,0.994924008846283,0.0034620000515133142,0,-0.03547700121998787,-0.007062999997287989,0.9993460178375244,0,0,0.5151039958000183,0,1,0.9185420274734497,-0.3948740065097809,-0.018851999193429947,0,0.3949280083179474,0.9187110066413879,-0.0008759999764151871,0,0.017666000872850418,-0.006641000043600798,0.9998220205307007,0,0,0.21173200011253357,0,1,0.7821879982948303,-0.47383299469947815,-0.40455299615859985,0,0.6089770197868347,0.7186269760131836,0.3357419967651367,0,0.13163700699806213,-0.5089769959449768,0.8506550192832947,0,-0.09657900035381317,0.22366200387477875,0.018028000369668007,1,0.4130829870700836,0.08192799985408783,0.9070010185241699,0,-0.8981990218162537,-0.12775500118732452,0.42061400413513184,0,0.15033400058746338,-0.9884160161018372,0.020813999697566032,0,-0.6075040102005005,0.945747971534729,0.000686999992467463,1,0.8076900243759155,0.58924400806427,0.020680999383330345,0,-0.4137580096721649,0.5414609909057617,0.7318639755249023,0,0.4200490117073059,-0.5996760129928589,0.6811370253562927,0,0,1.2394499778747559,0,1,0.6640589833259583,-0.7011889815330505,-0.259537011384964,0,0.739766001701355,0.6665480136871338,0.09197700023651123,0,0.10850100219249725,-0.2530750036239624,0.961342990398407,0,0,1.462831974029541,0,1,0.8143640160560608,-0.5803269743919373,-0.005683000199496746,0,0.5754070281982422,0.8061059713363647,0.13819999992847443,0,-0.07562000304460526,-0.11581499874591827,0.9903879761695862,0,0,1.8628220558166504,0,1,0.9877899885177612,-0.12005999684333801,0.09927699714899063,0,0.035326000303030014,0.7932680249214172,0.6078469753265381,0,-0.15173199772834778,-0.5969190001487732,0.7878230214118958,0,0,0.27894100546836853,0,1,0.9979199767112732,-0.03600500151515007,0.05347499996423721,0,-0.02267500013113022,0.5804539918899536,0.8139770030975342,0,-0.060346998274326324,-0.813497006893158,0.5784299969673157,0,0,0.3043909966945648,0,1,0.9970809817314148,-0.01194700039923191,0.07540600001811981,0,-0.02538900077342987,0.879580020904541,0.4750730097293854,0,-0.07200200110673904,-0.475600004196167,0.8767099976539612,0,0.006897000130265951,0.2651579976081848,0.06799700111150742,1,-0.6478589773178101,0.015348000451922417,0.7616050243377686,0,0.5893930196762085,-0.6232929825782776,0.5139279961585999,0,0.48259100317955017,0.781836986541748,0.39476001262664795,0,0.7677279710769653,-0.38479098677635193,0.04862099885940552,1,0.9348530173301697,-0.21448899805545807,-0.2829209864139557,0,-0.072113998234272,0.6655539870262146,-0.7428579926490784,0,0.3476339876651764,0.7148650288581848,0.6067270040512085,0,0,2.8149828910827637,0,1,0.9160630106925964,-0.1626179963350296,0.366582989692688,0,-0.1914680004119873,0.6258360147476196,0.7560880184173584,0,-0.35237500071525574,-0.7628139853477478,0.5421689748764038,0,0,2.666728973388672,0,1,0.9593520164489746,-0.08200699836015701,0.2700349986553192,0,-0.11032400280237198,0.7717249989509583,0.6263139843940735,0,-0.2597549855709076,-0.6306470036506653,0.7313079833984375,0,0,0.5788760185241699,0,1,-0.9072530269622803,0.346127986907959,-0.23893000185489655,0,-0.41999199986457825,-0.7757499814033508,0.47097599506378174,0,-0.022331999614834785,0.5276430249214172,0.8491730093955994,0,-0.7677279710769653,-0.38479098677635193,0.06475500017404556,1,0.9913259744644165,-0.031214000657200813,0.12766499817371368,0,0.1238040030002594,0.5477579832077026,-0.827426016330719,0,-0.04410199820995331,0.8360549807548523,0.5468710064888,0,0,2.815056085586548,0,1,0.8056809902191162,0.5573300123214722,-0.20065300166606903,0,0.04678500071167946,0.2778100073337555,0.959496021270752,0,0.5904989838600159,-0.7824349999427795,0.1977510005235672,0,0,2.6650030612945557,0,1,0.9787189960479736,0.0462459996342659,-0.19992700219154358,0,0.09713499993085861,0.7538049817085266,0.649878978729248,0,0.180759996175766,-0.6554679870605469,0.7332710027694702,0,0,0.5352979898452759,0,1
K0.033,0.6392050981521606,0.03502894192934036,0.7682378888130188,0,-0.11232182383537292,0.992501974105835,0.04820195212960243,0,-0.7607889175415039,-0.11710082739591599,0.6383471488952637,0,0.04476509243249893,5.206704139709473,0.01912911981344223,1,0.9982489943504333,-0.029329119250178337,-0.05136893689632416,0,0.03812111169099808,0.9830089807510376,0.17955611646175385,0,0.04522990807890892,-0.18120011687278748,0.9824060201644897,0,0,0.6926249861717224,-0.010666999965906143,1,0.9940429925918579,-0.05199780687689781,-0.09578581899404526,0,0.06169779226183891,0.9929460287094116,0.10125403106212616,0,0.08984484523534775,-0.10656100511550903,0.9902390241622925,0,0,0.8081579804420471,0,1,0.9939450025558472,-0.05075778439640999,-0.09745185822248459,0,0.040613804012537,0.9938099980354309,-0.10339895635843277,0,0.10209683328866959,0.09881497919559479,0.9898539781570435,0,0,0.9236099720001221,0,1,0.9842609167098999,0.047504525631666183,-0.17021524906158447,0,-0.035288501530885696,0.9966269135475159,0.07408906519412994,0,0.17316029965877533,-0.06691594421863556,0.9826179146766663,0,0,1.0390599966049194,0,1,0.9129079580307007,-0.12326940149068832,-0.3891069293022156,0,0.08997239917516708,0.9906309247016907,-0.10274308919906616,0,0.3981259763240814,0.05878593027591705,0.9154450297355652,0,0,0.4586620032787323,0.06377600133419037,1,0.285887211561203,-0.0318710021674633,-0.9577329158782959,0,0.942423939704895,-0.17161403596401215,0.2870282232761383,0,-0.17350901663303375,-0.9846490025520325,-0.019027043133974075,0,0.6075040102005005,0.945813000202179,-0.003561000106856227,1,0.984915018081665,-0.04163530096411705,0.16795480251312256,0,-0.07403367012739182,0.7759068608283997,0.6264881491661072,0,-0.15640102326869965,-0.6294721364974976,0.7611199021339417,0,0,1.2394499778747559,0,1,0.8205058574676514,0.4534403085708618,0.34808188676834106,0,-0.5141072869300842,0.8515757918357849,0.1025320440530777,0,-0.24992579221725464,-0.26308006048202515,0.9318400621414185,0,0,1.4628150463104248,0,1,0.9991850256919861,0.03186182305216789,-0.02479579485952854,0,-0.03503379970788956,0.9894869327545166,-0.14031532406806946,0,0.020064817741513252,0.14107032120227814,0.9897959232330322,0,0,1.8628530502319336,0,1,0.9954869747161865,0.08792968839406967,0.035698968917131424,0,-0.08880870044231415,0.9957640171051025,0.023812513798475266,0,-0.03345394879579544,-0.02687550149857998,0.9990789890289307,0,0,0.5151039958000183,0,1,0.9186099767684937,-0.39392298460006714,-0.03131931275129318,0,0.3947699964046478,0.9183499217033386,0.02811172977089882,0,0.017688000574707985,-0.03818679228425026,0.999113917350769,0,0,0.21173200011253357,0,1,0.7790349125862122,-0.46562379598617554,-0.41988039016723633,0,0.6114250421524048,0.7124428153038025,0.34436219930648804,0,0.13879817724227905,-0.5249954462051392,0.8397117257118225,0,-0.09657900035381317,0.22366200387477875,0.018028000369668007,1,0.4089638292789459,0.08395499736070633,0.9086810350418091,0,-0.8983590602874756,-0.1378881335258484,0.4170578420162201,0,0.16031011939048767,-0.9868829846382141,0.019029971212148666,0,-0.6075040102005005,0.945747971534729,0.000686999992467463,1,0.8023151159286499,0.5965997576713562,-0.01896161399781704,0,-0.40336358547210693,0.5653174519538879,0.7195238471031189,0,0.4399871230125427,-0.5696357488632202,0.694209098815918,0,0,1.2394499778747559,0,1,0.6572290062904358,-0.7039389610290527,-0.2692951560020447,0,0.7463499903678894,0.6576129198074341,0.10250017791986465,0,0.10493797063827515,-0.26835525035858154,0.957586944103241,0,0,1.462831974029541,0,1,0.832764208316803,-0.5535017848014832,-0.011823076754808426,0,0.5508877635002136,0.8263301849365234,0.11705681681632996,0,-0.05502180755138397,-0.10399390012025833,0.993054986000061,0,0,1.8628220558166504,0,1,0.9877899885177612,-0.12005999684333801,0.09927699714899063,0,0.03532499819993973,0.7932680249214172,0.6078469753265381,0,-0.1517309993505478,-0.5969190001487732,0.7878230214118958,0,0,0.27894100546836853,0,1,0.9979199767112732,-0.03600599989295006,0.05347499996423721,0,-0.02267500013113022,0.5804539918899536,0.8139770030975342,0,-0.06034800037741661,-0.813497006893158,0.5784299969673157,0,0,0.3043909966945648,0,1,0.9970809817314148,-0.01194700039923191,0.07540600001811981,0,-0.02538900077342987,0.879580020904541,0.4750730097293854,0,-0.07200200110673904,-0.4756009876728058,0.8767099976539612,0,0.006897000130265951,0.2651579976081848,0.06799700111150742,1,-0.6457710862159729,0.006386950146406889,0.7635040283203125,0,0.5955359935760498,-0.6215739250183105,0.508903980255127,0,0.4778248965740204,0.7833290696144104,0.3975910246372223,0,0.7677279710769653,-0.38479098677635193,0.04862099885940552,1,0.9277108907699585,-0.23149724304676056,-0.29284918308258057,0,-0.07585306465625763,0.6512238383293152,-0.7550851106643677,0,0.3655112683773041,0.7227140665054321,0.5865877866744995,0,0,2.8149828910827637,0,1,0.9110769629478455,-0.16119393706321716,0.3794131577014923,0,-0.20700319111347198,0.6170379519462585,0.7592200040817261,0,-0.3564940392971039,-0.7702470421791077,0.5288018584251404,0,0,2.666728973388672,0,1,0.9593520164489746,-0.082007996737957,0.2700349986553192,0,-0.11032400280237198,0.7717249989509583,0.6263139843940735,0,-0.2597549855709076,-0.6306470036506653,0.7313079833984375,0,0,0.5788760185241699,0,1,-0.906781017780304,0.34769102931022644,-0.2384520322084427,0,-0.42067304253578186,-0.7836961150169373,0.4570057690143585,0,-0.0279771126806736,0.5147148370742798,0.8569051027297974,0,-0.7677279710769653,-0.38479098677635193,0.06475500017404556,1,0.9915109872817993,-0.037987105548381805,0.12434590607881546,0,0.12471197545528412,0.5483109951019287,-0.8269230127334595,0,-0.036767855286598206,0.835411012172699,0.5483940243721008,0,0,2.815056085586548,0,1,0.8067730069160461,0.5593550801277161,-0.19036588072776794,0,0.03456687927246094,0.276949942111969,0.9602620005607605,0,0.5898489952087402,-0.7812939882278442,0.20410101115703583,0,0,2.6650030612945557,0,1,0.9787189960479736,0.0462459996342659,-0.19992700219154358,0,0.09713499993085861,0.7538049817085266,0.649878978729248,0,0.180759996175766,-0.6554679870605469,0.7332710027694702,0,0,0.5352979898452759,0,1
K0.067,0.65218585729599,0.029126057401299477,0.7575001120567322,0,-0.09463118016719818,0.9945729970932007,0.04323204979300499,0,-0.7521300315856934,-0.09987816959619522,0.6514028906822205,0,0.0539059117436409,5.189304828643799,0.030962882563471794,1,0.9981409907341003,-0.041241880506277084,-0.04486806318163872,0,0.04912189021706581,0.9802049994468689,0.19179488718509674,0,0.0360700897872448,-0.19364188611507416,0.9804090261459351,0,0,0.6926249861717224,-0.010666999965906143,1,0.9964029788970947,-0.03259919211268425,-0.07821517437696457,0,0.040701206773519516,0.9937090277671814,0.1043359711766243,0,0.0743221566081047,-0.10714399069547653,0.991461992263794,0,0,0.8081579804420471,0,1,0.9961090087890625,-0.029021216556429863,-0.0832151398062706,0,0.02074519731104374,0.994907021522522,-0.0986410453915596,0,0.08565416187047958,0.09653102606534958,0.9916380047798157,0,0,0.9236099720001221,0,1,0.9754570722579956,0.09999947994947433,-0.19617074728012085,0,-0.08562250435352325,0.9930720329284668,0.080471932888031,0,0.20285870134830475,-0.06170105189085007,0.9772620797157288,0,0,1.0390599966049194,0,1,0.9091410636901855,-0.163252592086792,-0.3831580579280853,0,0.12986759841442108,0.9852270483970642,-0.11163391172885895,0,0.39572301506996155,0.05173107236623764,0.9169120192527771,0,0,0.4586620032787323,0.06377600133419037,1,0.3071998059749603,-0.03227199614048004,-0.9510980844497681,0,0.9353030323982239,-0.1741819679737091,0.3080087900161743,0,-0.17560498416423798,-0.9841840267181396,-0.02332395687699318,0,0.6075040102005005,0.945813000202179,-0.003561000106856227,1,0.9863479733467102,-0.07166869938373566,0.1482601910829544,0,-0.04110032692551613,0.764690101146698,0.6430858373641968,0,-0.15946297347545624,-0.6403998732566833,0.751305103302002,0,0,1.2394499778747559,0,1,0.8080851435661316,0.4827286899089813,0.3375960886478424,0,-0.5425156950950623,0.8331731557846069,0.10723395645618439,0,-0.22951120138168335,-0.2698049545288086,0.9351629614830017,0,0,1.4628150463104248,0,1,0.9998859763145447,0.014462172985076904,-0.004356203135102987,0,-0.014997199177742004,0.9847880601882935,-0.1731126755475998,0,0.001786181703209877,0.1731576919555664,0.9848920702934265,0,0,1.8628530502319336,0,1,0.9978510141372681,0.056777309626340866,0.03271302953362465,0,-0.059105295687913895,0.9954130053520203,0.0752284824848175,0,-0.028292052447795868,-0.07700049877166748,0.9966300129890442,0,0,0.5151039958000183,0,1,0.9188129901885986,-0.38971203565597534,-0.06251168996095657,0,0.39429599046707153,0.9134100675582886,0.10106127709150314,0,0.01771399937570095,-0.11750420928001404,0.992914080619812,0,0,0.21173200011253357,0,1,0.770512044429779,-0.44364720582962036,-0.45769861340522766,0,0.617919921875,0.6961371898651123,0.3654707968235016,0,0.1564808189868927,-0.5644205808639526,0.8105202913284302,0,-0.09657900035381317,0.22366200387477875,0.018028000369668007,1,0.3923351764678955,0.08373299986124039,0.9160029292106628,0,-0.9035489559173584,-0.15140986442565918,0.4008411467075348,0,0.17225487530231476,-0.9849179983139038,0.016253028064966202,0,-0.6075040102005005,0.945747971534729,0.000686999992467463,1,0.8150628805160522,0.573756217956543,-0.0804733857512474,0,-0.36190542578697205,0.6126595139503479,0.7026181817054749,0,0.45243486762046814,-0.5435542464256287,0.7070018649101257,0,0,1.2394499778747559,0,1,0.6559990048408508,-0.6989620327949524,-0.2848108410835266,0,0.7478489875793457,0.6528910398483276,0.12022682279348373,0,0.10191702842712402,-0.2918637692928314,0.9510140419006348,0,0,1.462831974029541,0,1,0.8492838144302368,-0.5275782346725464,-0.01945292390882969,0,0.5267312526702881,0.8442798256874084,0.09871617704629898,0,-0.03565719351172447,-0.09408409893512726,0.9949250221252441,0,0,1.8628220558166504,0,1,0.9877899885177612,-0.12005999684333801,0.09927699714899063,0,0.03532499819993973,0.7932680249214172,0.6078479886054993,0,-0.1517309993505478,-0.5969190001487732,0.7878230214118958,0,0,0.27894100546836853,0,1,0.9979199767112732,-0.03600500151515007,0.05347499996423721,0,-0.02267500013113022,0.5804539918899536,0.8139770030975342,0,-0.060346998274326324,-0.8134959936141968,0.5784310102462769,0,0,0.3043909966945648,0,1,0.9970809817314148,-0.011947999708354473,0.07540600001811981,0,-0.025388000532984734,0.879580020904541,0.4750730097293854,0,-0.07200200110673904,-0.4756009876728058,0.8767099976539612,0,0.006897000130265951,0.2651579976081848,0.06799700111150742,1,-0.6489879488945007,0.0013940496137365699,0.7607979774475098,0,0.5983099937438965,-0.6167520880699158,0.5115100145339966,0,0.4699361026287079,0.7871569395065308,0.39942997694015503,0,0.7677279710769653,-0.38479098677635193,0.04862099885940552,1,0.9156091213226318,-0.25564977526664734,-0.31032782793045044,0,-0.08279593288898468,0.6353991627693176,-0.7677319049835205,0,0.3934527337551117,0.7286369204521179,0.5606102347373962,0,0,2.8149828910827637,0,1,0.9051200747489929,-0.15595704317092896,0.39551785588264465,0,-0.22685280442237854,0.6096370816230774,0.7595260143280029,0,-0.35957595705986023,-0.777186930179596,0.5164161324501038,0,0,2.666728973388672,0,1,0.9593520164489746,-0.08200699836015701,0.2700349986553192,0,-0.11032400280237198,0.7717249989509583,0.6263139843940735,0,-0.2597549855709076,-0.6306459903717041,0.7313089966773987,0,0,0.5788760185241699,0,1,-0.9051830172538757,0.35030296444892883,-0.24069099128246307,0,-0.42321696877479553,-0.7950308918952942,0.4345272183418274,0,-0.03913988918066025,0.49519121646881104,0.8679018616676331,0,-0.7677279710769653,-0.38479098677635193,0.06475500017404556,1,0.9921979904174805,-0.048566896468400955,0.11481909453868866,0,0.12264101952314377,0.545665979385376,-0.828980028629303,0,-0.022392142564058304,0.8365939855575562,0.5473660230636597,0,0,2.815056085586548,0,1,0.8055400252342224,0.5649299621582031,-0.17877312004566193,0,0.0228241179138422,0.2718980610370636,0.9620550274848938,0,0.5921019911766052,-0.7790539860725403,0.2061309814453125,0,0,2.6650030612945557,0,1,0.9787189960479736,0.04624500125646591,-0.19992700219154358,0,0.09713499993085861,0.7538049817085266,0.649878978729248,0,0.180759996175766,-0.6554679870605469,0.7332710027694702,0,0,0.5352979898452759,0,1
K0.100,0.6953489780426025,0.016124999150633812,0.7184910178184509,0,-0.07210300117731094,0.9962689876556396,0.04742199927568436,0,-0.7150459885597229,-0.0847800001502037,0.693917989730835,0,0.041767001152038574,5.165761947631836,0.031339000910520554,1,0.9973689913749695,-0.06453900039196014,-0.03301500156521797,0,0.06959100067615509,0.9799590110778809,0.18664799630641937,0,0.02030700072646141,-0.18845400214195251,0.981872022151947,0,0,0.6926249861717224,-0.010666999965906143,1,0.9988790154457092,0.00274899834766984,-0.04724600166082382,0,0.0028360015712678432,0.9930390119552612,0.11774999648332596,0,0.04724099859595299,-0.11775200068950653,0.9919189810752869,0,0,0.8081579804420471,0,1,0.9983059763908386,0.008494998328387737,-0.05755100026726723,0,-0.01318999845534563,0.9965689778327942,-0.08171000331640244,0,0.05665900185704231,0.08233100175857544,0.9949929714202881,0,0,0.9236099720001221,0,1,0.9704740047454834,0.14823800325393677,-0.1902790069580078,0,-0.13377900421619415,0.9872050285339355,0.08677700161933899,0,0.20070800185203552,-0.05875900015234947,0.977886974811554,0,0,1.0390599966049194,0,1,0.9323989748954773,-0.14407199621200562,-0.3314729928970337,0,0.112574003636837,0.9872609972953796,-0.1124430000782013,0,0.34345000982284546,0.06752700358629227,0.936739981174469,0,0,0.4586620032787323,0.06377600133419037,1,0.3289250135421753,-0.033027999103069305,-0.9437779784202576,0,0.9269130229949951,-0.1799059957265854,0.3293429911136627,0,-0.18066899478435516,-0.9831290245056152,-0.028562000021338463,0,0.6075040102005005,0.945813000202179,-0.003561000106856227,1,0.9864000082015991,-0.09753400087356567,0.1322930008172989,0,-0.013158001005649567,0.7554500102996826,0.6550740003585815,0,-0.16383300721645355,-0.6479060053825378,0.743893027305603,0,0,1.2394499778747559,0,1,0.7887439727783203,0.5202890038490295,0.3273870050907135,0,-0.5789939761161804,0.8076969981193542,0.11131399869918823,0,-0.20651400089263916,-0.27735400199890137,0.938310980796814,0,0,1.4628150463104248,0,1,0.9997180104255676,-0.012808999046683311,0.019977997988462448,0,0.016762997955083847,0.9770359992980957,-0.2124139964580536,0,-0.016798999160528183,0.21268899738788605,0.9769759774208069,0,0,1.8628530502319336,0,1,0.9993879795074463,0.02349500171840191,0.02590000070631504,0,-0.02669600211083889,0.9910079836845398,0.1311109960079193,0,-0.022585999220609665,-0.13172300159931183,0.9910290241241455,0,0,0.5151039958000183,0,1,0.9190340042114258,-0.382315993309021,-0.09596999734640121,0,0.393775999546051,0.901453971862793,0.17978200316429138,0,0.017779000103473663,-0.203016996383667,0.979013979434967,0,0,0.21173200011253357,0,1,0.7603260278701782,-0.41769900918006897,-0.49742600321769714,0,0.6255009770393372,0.677266001701355,0.38737601041793823,0,0.1750829964876175,-0.6056720018386841,0.7762140035629272,0,-0.09657900035381317,0.22366200387477875,0.018028000369668007,1,0.35655099153518677,0.07962799817323685,0.9308760166168213,0,-0.9164040088653564,-0.16414399445056915,0.36504900455474854,0,0.18186600506305695,-0.9832170009613037,0.014445999637246132,0,-0.6075040102005005,0.945747971534729,0.000686999992467463,1,0.8379660248756409,0.525530993938446,-0.1470710039138794,0,-0.3013029992580414,0.6702359914779663,0.6782330274581909,0,0.4550049901008606,-0.5240240097045898,0.7199789881706238,0,0,1.2394499778747559,0,1,0.6784700155258179,-0.6711310148239136,-0.29876700043678284,0,0.7261809706687927,0.6741979718208313,0.1346070021390915,0,0.11108899861574173,-0.30828601121902466,0.9447849988937378,0,0,1.462831974029541,0,1,0.8544189929962158,-0.5190230011940002,-0.024174999445676804,0,0.5190820097923279,0.8506190180778503,0.08367399871349335,0,-0.022864999249577522,-0.08404199779033661,0.9962000250816345,0,0,1.8628220558166504,0,1,0.9877899885177612,-0.12005999684333801,0.09927699714899063,0,0.035326000303030014,0.7932680249214172,0.6078469753265381,0,-0.15173199772834778,-0.5969190001487732,0.7878230214118958,0,0,0.27894100546836853,0,1,0.9979199767112732,-0.03600500151515007,0.05347499996423721,0,-0.02267500013113022,0.5804529786109924,0.8139780163764954,0,-0.060346998274326324,-0.813497006893158,0.5784299969673157,0,0,0.3043909966945648,0,1,0.9970809817314148,-0.011947999708354473,0.07540600001811981,0,-0.02538900077342987,0.879580020904541,0.4750730097293854,0,-0.07200200110673904,-0.4756009876728058,0.8767099976539612,0,0.006897000130265951,0.2651579976081848,0.06799700111150742,1,-0.6628130078315735,0.009566999971866608,0.7487229704856873,0,0.5957729816436768,-0.5989639759063721,0.5350660085678101,0,0.45357799530029297,0.8007180094718933,0.3913019895553589,0,0.7677279710769653,-0.38479098677635193,0.04862099885940552,1,0.8885279893875122,-0.2987230122089386,-0.34825700521469116,0,-0.09509900212287903,0.6226379871368408,-0.7767099738121033,0,0.44885900616645813,0.7232469916343689,0.524823009967804,0,0,2.8149828910827637,0,1,0.8983280062675476,-0.13899199664592743,0.41675999760627747,0,-0.2536889910697937,0.6103730201721191,0.7503910064697266,0,-0.3586769998073578,-0.77982497215271,0.5130540132522583,0,0,2.666728973388672,0,1,0.9593520164489746,-0.082007996737957,0.2700349986553192,0,-0.11032400280237198,0.7717249989509583,0.6263139843940735,0,-0.2597559988498688,-0.6306470036506653,0.7313079833984375,0,0,0.5788760185241699,0,1,-0.903889000415802,0.3454819917678833,-0.2522439956665039,0,-0.4218769967556,-0.8174840211868286,0.39209601283073425,0,-0.07074300199747086,0.4608269929885864,0.8846660256385803,0,-0.7677279710769653,-0.38479098677635193,0.06475500017404556,1,0.9935160279273987,-0.07374099642038345,0.08653700351715088,0,0.11273500323295593,0.5402820110321045,-0.8338980078697205,0,0.014737998135387897,0.8382470011711121,0.545091986656189,0,0,2.815056085586548,0,1,0.7990930080413818,0.5783929824829102,-0.1640470027923584,0,0.011912001296877861,0.25757700204849243,0.9661840200424194,0,0.6010890007019043,-0.7740259766578674,0.19893799722194672,0,0,2.6650030612945557,0,1,0.9787189960479736,0.046247001737356186,-0.1999260038137436,0,0.09713400155305862,0.7538049817085266,0.649878978729248,0,0.180759996175766,-0.6554679870605469,0.7332710027694702,0,0,0.5352979898452759,0,1
K0.133,0.7823719382286072,-0.01740260235965252,0.6225674748420715,0,-0.024227125570178032,0.9980030059814453,0.05834288150072098,0,-0.6223394870758057,-0.0607295036315918,0.7803879976272583,0,-0.011701839976012707,5.148390769958496,0.026768000796437263,1,0.9961000084877014,-0.08770617097616196,-0.009656783193349838,0,0.08804111182689667,0.980638861656189,0.17491552233695984,0,-0.00587129732593894,-0.17508350312709808,0.9845358729362488,0,0,0.6926249861717224,-0.010666999965906143,1,0.9993249773979187,0.03665513917803764,-0.0023076182696968317,0,-0.036101169884204865,0.9918850660324097,0.12190362811088562,0,0.006756618153303862,-0.12173765152692795,0.9925390481948853,0,0,0.8081579804420471,0,1,0.9988579750061035,0.04479121044278145,-0.016643647104501724,0,-0.045885175466537476,0.9963099360466003,-0.07253432273864746,0,0.01333361305296421,0.0732153058052063,0.9972270131111145,0,0,0.9236099720001221,0,1,0.9822638630867004,0.1767629086971283,-0.06253858655691147,0,-0.160592719912529,0.965283989906311,0.20600245893001556,0,0.09678225219249725,-0.19230587780475616,0.9765499830245972,0,0,1.0390599966049194,0,1,0.9878138303756714,0.030670011416077614,-0.15258657932281494,0,-0.051368597894907,0.9896997213363647,-0.1336236298084259,0,0.1469172239303589,0.13983331620693207,0.9792150259017944,0,0,0.4586620032787323,0.06377600133419037,1,0.4234652519226074,-0.037660058587789536,-0.9051293134689331,0,0.8819542527198792,-0.21112222969532013,0.42140722274780273,0,-0.20696312189102173,-0.976733922958374,-0.056188371032476425,0,0.6075040102005005,0.945813000202179,-0.003561000106856227,1,0.9795559048652649,-0.11019467562437057,0.16830873489379883,0,-0.02918054535984993,0.7499596476554871,0.6608400940895081,0,-0.1990455836057663,-0.6522404551506042,0.7314116358757019,0,0,1.2394499778747559,0,1,0.8119282722473145,0.514893114566803,0.27505767345428467,0,-0.5568048357963562,0.8246030211448669,0.09999142587184906,0,-0.1753280758857727,-0.23433946073055267,0.9562142491340637,0,0,1.4628150463104248,0,1,0.9907885789871216,-0.12993156909942627,-0.03815312683582306,0,0.11267466098070145,0.9472780227661133,-0.29994794726371765,0,0.07511395215988159,0.29288649559020996,0.9531920552253723,0,0,1.8628530502319336,0,1,0.9955708980560303,-0.0889166072010994,-0.03054763376712799,0,0.09401381760835648,0.9384823441505432,0.33228224515914917,0,-0.0008768516127020121,-0.3336822986602783,0.9426854252815247,0,0,0.5151039958000183,0,1,0.9198089838027954,-0.33028143644332886,-0.21181267499923706,0,0.39193499088287354,0.7987068295478821,0.45656663179397583,0,0.01838100701570511,-0.5029717683792114,0.8641076683998108,0,0,0.21173200011253357,0,1,0.7146826386451721,-0.30409109592437744,-0.6298866868019104,0,0.6579472422599792,0.5978674292564392,0.45788636803627014,0,0.23734936118125916,-0.7416757941246033,0.6273608207702637,0,-0.09657900035381317,0.22366200387477875,0.018028000369668007,1,0.3123864531517029,0.07530003786087036,0.9469661712646484,0,-0.9285339713096619,-0.1862967312335968,0.3211205005645752,0,0.20059670507907867,-0.9796038269996643,0.011721940711140633,0,-0.6075040102005005,0.945747971534729,0.000686999992467463,1,0.8473997712135315,0.495216429233551,-0.19150592386722565,0,-0.27384865283966064,0.7166481018066406,0.6414225697517395,0,0.45488497614860535,-0.4910973608493805,0.7429013848304749,0,0,1.2394499778747559,0,1,0.7136011123657227,-0.6235806345939636,-0.31924834847450256,0,0.6856216788291931,0.715242326259613,0.1354718804359436,0,0.14386247098445892,-0.3155560791492462,0.93793785572052,0,0,1.462831974029541,0,1,0.8617731928825378,-0.5062206983566284,-0.032973069697618484,0,0.5070877075195312,0.8577571511268616,0.08434795588254929,0,-0.014415889047086239,-0.0894090011715889,0.9958909749984741,0,0,1.8628220558166504,0,1,0.9877899885177612,-0.12005999684333801,0.09927699714899063,0,0.035326000303030014,0.7932680249214172,0.6078469753265381,0,-0.15173199772834778,-0.596917986869812,0.7878239750862122,0,0,0.27894100546836853,0,1,0.9979199767112732,-0.03600500151515007,0.05347499996423721,0,-0.02267500013113022,0.5804550051689148,0.8139770030975342,0,-0.060346998274326324,-0.8134959936141968,0.5784310102462769,0,0,0.3043909966945648,0,1,0.9970809817314148,-0.01194700039923191,0.07540600001811981,0,-0.02538900077342987,0.879580020904541,0.4750730097293854,0,-0.07200200110673904,-0.4756009876728058,0.876708984375,0,0.006897000130265951,0.2651579976081848,0.06799700111150742,1,-0.6900432705879211,0.02746407873928547,0.723246693611145,0,0.5846208333969116,-0.567955732345581,0.5793484449386597,0,0.426682710647583,0.8226011991500854,0.375857949256897,0,0.7677279710769653,-0.38479098677635193,0.04862099885940552,1,0.8293960690498352,-0.3694768249988556,-0.41903388500213623,0,-0.11563624441623688,0.6202850341796875,-0.7758058905601501,0,0.5465621948242188,0.6919053792953491,0.471737265586853,0,0,2.8149828910827637,0,1,0.8931040167808533,-0.10119547694921494,0.4383201003074646,0,-0.2852872312068939,0.6259533166885376,0.7258056402206421,0,-0.3478167951107025,-0.7732667922973633,0.5301713943481445,0,0,2.666728973388672,0,1,0.9593510031700134,-0.08200699836015701,0.2700360119342804,0,-0.11032500118017197,0.7717249989509583,0.6263139843940735,0,-0.2597559988498688,-0.6306459903717041,0.7313079833984375,0,0,0.5788760185241699,0,1,-0.9017220139503479,0.32421261072158813,-0.28597742319107056,0,-0.40385231375694275,-0.8677776455879211,0.28959521651268005,0,-0.15427419543266296,0.3766273260116577,0.9134282469749451,0,-0.7677279710769653,-0.38479098677635193,0.06475500017404556,1,0.9932079315185547,-0.11364945769309998,0.02493204176425934,0,0.08392255753278732,0.5513144731521606,-0.8300657272338867,0,0.08059089630842209,0.826520562171936,0.5571073889732361,0,0,2.815056085586548,0,1,0.7882248759269714,0.5974511504173279,-0.1474929302930832,0,0.002214909764006734,0.2369179129600525,0.9715269804000854,0,0.6153832077980042,-0.7661088705062866,0.185420960187912,0,0,2.6650030612945557,0,1,0.9787189960479736,0.0462459996342659,-0.19992700219154358,0,0.09713499993085861,0.7538049817085266,0.649878978729248,0,0.180759996175766,-0.6554679870605469,0.7332710027694702,0,0,0.5352979898452759,0,1
