9.933,30,298,33
B0,mixamorig_Hips,-1,0.9985686540603638,-0.03637995943427086,0.039165981113910675,0,0.037168264389038086,0.999116837978363,-0.01956043392419815,0,-0.03841925412416458,0.020989565178751945,0.9990395903587341,0,0.1470419466495514,6.108837604522705,-0.11888246983289719,1
B1,mixamorig_Spine,0,0.9999935626983643,-0.0035719461739063263,-0.0009969972306862473,0,0.003567209467291832,0.9999836683273315,-0.004430751316249371,0,0.0010127869900316,0.004427277948707342,0.99998939037323,0,0,0.6926249861717224,-0.010666999965906143,1
B2,mixamorig_Spine1,1,0.9993786811828613,-0.008111224509775639,0.03430692106485367,0,0.007683813106268644,0.9998906850814819,0.012575513683259487,0,-0.03440581262111664,-0.012304621748626232,0.9993314743041992,0,0,0.8081579804420471,0,1
B3,mixamorig_Spine2,2,0.9993807077407837,-0.007710231933742762,0.03433402627706528,0,0.007275609765201807,0.9998916983604431,0.012764351442456245,0,-0.034428443759679794,-0.012506933882832527,0.9993280172348022,0,0,0.9236099720001221,0,1
B4,mixamorig_Neck,3,0.999894380569458,-0.0026752566918730736,-0.014235849492251873,0,0.002530832076445222,0.9999444484710693,-0.010157979093492031,0,0.014263010583817959,0.010119921527802944,0.9998465776443481,0,0,1.0390599966049194,0,1
B5,mixamorig_Head,4,0.9974042177200317,0.06671535223722458,0.027085354551672935,0,-0.07008714228868484,0.9857667088508606,0.15280871093273163,0,-0.01650531031191349,-0.15431107580661774,0.9878842830657959,0,0,0.4586620032787323,0.06377600133419037,1
B6,mixamorig_HeadTop_End,5,1,0,0,0,0,1,0,0,0,0,1,0,0,2.7444159984588623,0.38160499930381775,1
B7,mixamorig_LeftShoulder,3,-0.16810117661952972,-0.01229513343423605,-0.985687792301178,0,0.9791995286941528,-0.1172945648431778,-0.16553142666816711,0,-0.11357945948839188,-0.9930207133293152,0.03175761550664902,0,0.6075040102005005,0.945813000202179,-0.003561000106856227,1
B8,mixamorig_LeftArm,7,0.9074182510375977,0.39543625712394714,-0.14216020703315735,0,-0.059562020003795624,0.4559239149093628,0.8880183100700378,0,0.4159727394580841,-0.7973408102989197,0.4372759759426117,0,0,1.2394499778747559,0,1
B9,mixamorig_LeftForeArm,8,0.8668335676193237,0.4985930323600769,0.0019977367483079433,0,-0.4985920190811157,0.8667995929718018,0.008056736551225185,0,0.0022857366129755974,-0.007980473339557648,0.999966025352478,0,0,1.4628150463104248,0,1
B10,mixamorig_LeftHand,9,0.9654282331466675,-0.22323255240917206,-0.13458095490932465,0,0.24616341292858124,0.9506038427352905,0.18908581137657166,0,0.08572287857532501,-0.2156800627708435,0.9726927876472473,0,0,1.8628530502319336,0,1
B11,mixamorig_LeftHandIndex1,10,0.99958735704422,-0.024284837767481804,0.01535339467227459,0,0.01783566176891327,0.9434415698051453,0.3310425579547882,0,-0.022526198998093605,-0.33063170313835144,0.9434853792190552,0,0,0.5151039958000183,0,1
B12,mixamorig_LeftHandIndex2,11,0.879138708114624,-0.4159672260284424,-0.2325596660375595,0,0.47653651237487793,0.7619272470474243,0.4385998845100403,0,-0.005251242313534021,-0.4964130222797394,0.8680638670921326,0,0,0.21173200011253357,0,1
B13,mixamorig_LeftHandIndex3,12,0.7354248762130737,-0.45006734132766724,-0.5065406560897827,0,0.659597635269165,0.646687388420105,0.38304299116134644,0,0.1551763415336609,-0.6158131957054138,0.7724535465240479,0,-0.09657900035381317,0.22366200387477875,0.018028000369668007,1
B14,mixamorig_LeftHandIndex4,13,1,0,0,0,0,1,0,0,0,0,1,0,-0.025630999356508255,0.01486000046133995,-0.010502000339329243,1
B15,mixamorig_RightShoulder,3,0.05389607325196266,-0.019254639744758606,0.9983428716659546,0,-0.9937856197357178,-0.09832284599542618,0.051748182624578476,0,0.09715579450130463,-0.9949614405632019,-0.024454288184642792,0,-0.6075040102005005,0.945747971534729,0.000686999992467463,1
B16,mixamorig_RightArm,15,0.9315366744995117,-0.3544878363609314,0.0810837522149086,0,0.06770889461040497,0.3881499767303467,0.919096052646637,0,-0.35727664828300476,-0.8506847620010376,0.3855803906917572,0,0,1.2394499778747559,0,1
B17,mixamorig_RightForeArm,16,0.8826109170913696,-0.4700968265533447,-0.0023032077588140965,0,0.4701008200645447,0.8825832009315491,0.0070874691009521484,0,-0.0012992079136893153,-0.007338205352425575,0.9999719858169556,0,0,1.462831974029541,0,1
B18,mixamorig_RightHand,17,0.972082257270813,0.23304694890975952,-0.02726566419005394,0,-0.23323562741279602,0.9724118113517761,-0.003892718581482768,0,0.02560710906982422,0.010142384096980095,0.9996197819709778,0,0,1.8628220558166504,0,1
B19,mixamorig_RightHandIndex1,18,0.9973019957542419,0.07310833781957626,0.006561921443790197,0,-0.07329481840133667,0.9870119690895081,0.14295154809951782,0,0.003974261227995157,-0.14304643869400024,0.9897080063819885,0,0,0.27894100546836853,0,1
B20,mixamorig_RightHandIndex2,19,0.9927125573158264,0.11147090047597885,0.04578131437301636,0,-0.12036967277526855,0.899164080619812,0.42072775959968567,0,0.005734550300985575,-0.4231724441051483,0.9060295224189758,0,0,0.3043909966945648,0,1
B21,mixamorig_RightHandIndex3,20,0.9965372085571289,0.08301055431365967,0.004745605867356062,0,-0.07378385961055756,0.9091969132423401,-0.40977662801742554,0,-0.03833039104938507,0.40800735354423523,0.9121732711791992,0,0.006897000130265951,0.2651579976081848,0.06799700111150742,1
B22,mixamorig_RightHandIndex4,21,1,0,0,0,0,1,0,0,0,0,1,0,0.00851100031286478,0.07186800241470337,0.08019299805164337,1
B23,mixamorig_LeftUpLeg,0,-0.997613251209259,-0.02777797542512417,0.06321254372596741,0,0.03875097632408142,-0.9829747676849365,0.17959477007389069,0,0.057149115949869156,0.18161524832248688,0.9817051887512207,0,0.7677279710769653,-0.38479098677635193,0.04862099885940552,1
B24,mixamorig_LeftLeg,23,0.9863578677177429,0.08054836094379425,0.1435628980398178,0,-0.004750074818730354,0.8856644630432129,-0.4642747938632965,0,-0.1645452082157135,0.45725852251052856,0.8739647269248962,0,0,2.8149828910827637,0,1
B25,mixamorig_LeftFoot,24,0.8972502946853638,-0.13703665137290955,0.4197142720222473,0,-0.32867711782455444,0.42741891741752625,0.8421822786331177,0,-0.29479965567588806,-0.8936019539833069,0.33846408128738403,0,0,2.666728973388672,0,1
B26,mixamorig_LeftToeBase,25,0.941519021987915,0,0.33695971965789795,0,-0.21500499546527863,0.7699750065803528,0.6007582545280457,0,-0.2594510018825531,-0.6380739808082581,0.7249469757080078,0,0,0.5788760185241699,0,1
B27,mixamorig_LeftToe_End,26,1,0,0,0,0,1,0,0,0,0,1,0,0,0.32979699969291687,0,1
B28,mixamorig_RightUpLeg,0,-0.9632896184921265,0.06945432722568512,-0.2593151330947876,0,-0.1067415177822113,-0.9854068756103516,0.13257794082164764,0,-0.24632178246974945,0.1553923785686493,0.9566463828086853,0,-0.7677279710769653,-0.38479098677635193,0.06475500017404556,1
B29,mixamorig_RightLeg,28,0.9970870614051819,-0.050467051565647125,-0.05715091899037361,0,0.030909400433301926,0.9527714252471924,-0.30210691690444946,0,0.06969933211803436,0.29946276545524597,0.9515566825866699,0,0,2.815056085586548,0,1
B30,mixamorig_RightFoot,29,0.8898622393608093,0.1576075404882431,-0.42813631892204285,0,0.2370828241109848,0.6420182585716248,0.7291073799133301,0,0.3897821307182312,-0.7503135800361633,0.5339440703392029,0,0,2.6650030612945557,0,1
B31,mixamorig_RightToeBase,30,0.9754840135574341,0,-0.2200690060853958,0,0.14921100437641144,0.7350410223007202,0.6614009737968445,0,0.16176000237464905,-0.6780229806900024,0.7170209884643555,0,0,0.5352979898452759,0,1
B32,mixamorig_RightToe_End,31,1,0,0,0,0,1,0,0,0,0,1,0,0,0.3322939872741699,0,1
@28,0,1,2,3,4,5,7,8,9,10,11,12,13,15,16,17,18,19,20,21,23,24,25,26,28,29,30,31
K0.000,0.9998049736022949,-0.019605999812483788,0.0023509999737143517,0,0.01966099999845028,0.9994549751281738,-0.026511000469326973,0,-0.001829999964684248,0.026551999151706696,0.999646008014679,0,-0.018028000369668007,6.106522083282471,-0.05206599831581116,1,0.9999970197677612,0.0012659999774768949,0.00228599994443357,0,-0.0012700000079348683,0.9999979734420776,0.0014990000054240227,0,-0.002283999929204583,-0.0015020000282675028,0.9999960064888,0,0,0.6926249861717224,-0.010666999965906143,1,0.9990609884262085,0.0011139999842271209,0.04330100119113922,0,-0.001883000019006431,0.9998409748077393,0.01772099919617176,0,-0.04327499866485596,-0.017785999923944473,0.9989050030708313,0,0,0.8081579804420471,0,1,0.9990620017051697,0.0018729999428614974,0.04326299950480461,0,-0.0026370000559836626,0.9998419880867004,0.01759999990463257,0,-0.043223001062870026,-0.01769700087606907,0.9989089965820312,0,0,0.9236099720001221,0,1,0.9995719790458679,-0.025398999452590942,-0.014538999646902084,0,0.02490900084376335,0.9991459846496582,-0.032965000718832016,0,0.015363999642431736,0.03258899971842766,0.9993510246276855,0,0,1.0390599966049194,0,1,0.9975690245628357,0.06154999881982803,0.032680999487638474,0,-0.06441199779510498,0.9933639764785767,0.09528599679470062,0,-0.026599999517202377,-0.09715999662876129,0.9949129819869995,0,0,0.4586620032787323,0.06377600133419037,1,-0.13406699895858765,-0.006395999807864428,-0.9909520149230957,0,0.9814299941062927,-0.13929599523544312,-0.1318800002336502,0,-0.1371919959783554,-0.9902300238609314,0.024952000007033348,0,0.6075040102005005,0.945813000202179,-0.003561000106856227,1,0.9123690128326416,0.39656201004981995,-0.10159099847078323,0,-0.08476399630308151,0.42579299211502075,0.900842010974884,0,0.4004960060119629,-0.8132889866828918,0.42209500074386597,0,0,1.2394499778747559,0,1,0.8721449971199036,0.4892440140247345,0.0019120000069960952,0,-0.4892430007457733,0.872111976146698,0.007906000129878521,0,0.002199999988079071,-0.007829999551177025,0.9999669790267944,0,0,1.4628150463104248,0,1,0.9605879783630371,-0.24272899329662323,-0.13547800481319427,0,0.2657260000705719,0.944907009601593,0.19115300476551056,0,0.08161599934101105,-0.2196200042963028,0.9721660017967224,0,0,1.8628530502319336,0,1,0.9993669986724854,-0.03311200067400932,0.013024000450968742,0,0.026211999356746674,0.9326500296592712,0.35982999205589294,0,-0.02406099997460842,-0.35926100611686707,0.9329270124435425,0,0,0.5151039958000183,0,1,0.8776519894599915,-0.4137510061264038,-0.24194400012493134,0,0.47924599051475525,0.7501050233840942,0.4557029902935028,0,-0.007065000012516975,-0.5159000158309937,0.8566200137138367,0,0,0.21173200011253357,0,1,0.7265880107879639,-0.4381459951400757,-0.529242992401123,0,0.667631983757019,0.6321769952774048,0.393216997385025,0,0.16228899359703064,-0.6390460133552551,0.7518529891967773,0,-0.09657900035381317,0.22366200387477875,0.018028000369668007,1,0.04458199813961983,-0.0174809992313385,0.9988530278205872,0,-0.996641993522644,-0.06951600313186646,0.04326700046658516,0,0.06868000328540802,-0.9974279999732971,-0.020521000027656555,0,-0.6075040102005005,0.945747971534729,0.000686999992467463,1,0.9087820053100586,-0.4166649878025055,0.022471999749541283,0,0.14249899983406067,0.3605189919471741,0.9218029975891113,0,-0.39218398928642273,-0.8345159888267517,0.38700801134109497,0,0,1.2394499778747559,0,1,0.8902699947357178,-0.45542800426483154,-0.0021879998967051506,0,0.4554319977760315,0.8902440071105957,0.0068660001270473,0,-0.0011790000135079026,-0.007108999881893396,0.9999740123748779,0,0,1.462831974029541,0,1,0.9661250114440918,0.255513995885849,-0.03626300022006035,0,-0.254952996969223,0.9667590260505676,0.019411999732255936,0,0.04001700133085251,-0.00950899999588728,0.9991539716720581,0,0,1.8628220558166504,0,1,0.9956240057945251,0.0925619974732399,0.012885999865829945,0,-0.09332200139760971,0.977383017539978,0.18977099657058716,0,0.004970999900251627,-0.19014300405979156,0.9817439913749695,0,0,0.27894100546836853,0,1,0.9929829835891724,0.10981199890375137,0.043877001851797104,0,-0.11815900355577469,0.9065660238265991,0.4051879942417145,0,0.00471699982881546,-0.40752899646759033,0.9131799936294556,0,0,0.3043909966945648,0,1,0.9968270063400269,0.07958699762821198,0.001053999993018806,0,-0.07127600163221359,0.8984689712524414,-0.433212012052536,0,-0.03542499989271164,0.4317620098590851,0.9012920260429382,0,0.006897000130265951,0.2651579976081848,0.06799700111150742,1,-0.9963279962539673,-0.038022998720407486,0.07671699672937393,0,0.04969000071287155,-0.986437976360321,0.15643100440502167,0,0.06972900032997131,0.15966899693012238,0.9847049713134766,0,0.7677279710769653,-0.38479098677635193,0.04862099885940552,1,0.9865339994430542,0.08466999977827072,0.13993699848651886,0,-0.013561000116169453,0.8949769735336304,-0.44590601325035095,0,-0.16299599409103394,0.4380030035972595,0.88407301902771,0,0,2.8149828910827637,0,1,0.9142379760742188,-0.15252700448036194,0.3753730058670044,0,-0.2772879898548126,0.4399769902229309,0.8541259765625,0,-0.2954320013523102,-0.8849610090255737,0.3599500060081482,0,0,2.666728973388672,0,1,0.9407250285148621,-0.004155000206083059,0.3391450047492981,0,-0.21511299908161163,0.7657729983329773,0.6060680150985718,0,-0.2622259855270386,-0.643097996711731,0.7194880247116089,0,0,0.5788760185241699,0,1,-0.9671260118484497,0.06751000136137009,-0.24517099559307098,0,-0.10308700054883957,-0.9854270219802856,0.13530200719833374,0,-0.232464000582695,0.15612800419330597,0.959991991519928,0,-0.7677279710769653,-0.38479098677635193,0.06475500017404556,1,0.996973991394043,-0.05158200114965439,-0.058152999728918076,0,0.026897000148892403,0.9308130145072937,-0.3645060062408447,0,0.07293199747800827,0.3618389964103699,0.9293829798698425,0,0,2.815056085586548,0,1,0.8696860074996948,0.17428000271320343,-0.4618149995803833,0,0.2807900011539459,0.5947930216789246,0.7532449960708618,0,0.40595999360084534,-0.784758985042572,0.4683470129966736,0,0,2.6650030612945557,0,1,0.9754840135574341,0,-0.2200690060853958,0,0.14921100437641144,0.7350410223007202,0.6614000201225281,0,0.16176000237464905,-0.6780229806900024,0.7170209884643555,0,0,0.5352979898452759,0,1
K0.033,0.9997699856758118,-0.02128501422703266,0.0026740015018731356,0,0.021350014954805374,0.9994099736213684,-0.0269010029733181,0,-0.002100000623613596,0.026952004060149193,0.9996349811553955,0,-0.0069538927637040615,6.103975772857666,-0.054304007440805435,1,0.9999970197677612,0.0010749978246167302,0.002024997491389513,0,-0.0010799977462738752,0.9999970197677612,0.0021530056837946177,0,-0.002021997468546033,-0.002156005473807454,0.9999960064888,0,0,0.6926249861717224,-0.010666999965906143,1,0.9990770220756531,0.0008539970149286091,0.04295399785041809,0,-0.0016689974581822753,0.9998189806938171,0.01895001158118248,0,-0.0429299958050251,-0.019004011526703835,0.9988970160484314,0,0,0.8081579804420471,0,1,0.9990770220756531,0.0016369972145184875,0.042917996644973755,0,-0.002447997685521841,0.9998199939727783,0.018838010728359222,0,-0.042879994958639145,-0.018925011157989502,0.9989010095596313,0,0,0.9236099720001221,0,1,0.9995980262756348,-0.024518992751836777,-0.014202997088432312,0,0.02404899336397648,0.9991850256919861,-0.03241198882460594,0,0.01498599722981453,0.0320579893887043,0.9993739724159241,0,0,1.0390599966049194,0,1,0.9975100159645081,0.06233600899577141,0.03297100216150284,0,-0.0652020052075386,0.9933879971504211,0.09449400007724762,0,-0.026862001046538353,-0.09640900045633316,0.9949790239334106,0,0,0.4586620032787323,0.06377600133419037,1,-0.13163398206233978,-0.006242999341338873,-0.9912790060043335,0,0.9818940162658691,-0.13823899626731873,-0.12951698899269104,0,-0.13622500002384186,-0.9903789758682251,0.024326996877789497,0,0.6075040102005005,0.945813000202179,-0.003561000106856227,1,0.9115219712257385,0.39875900745391846,-0.10058799386024475,0,-0.0862090066075325,0.42443200945854187,0.9013469815254211,0,0.4021129906177521,-0.8129259943962097,0.42125600576400757,0,0,1.2394499778747559,0,1,0.872331976890564,0.4889099895954132,0.001908999984152615,0,-0.48890799283981323,0.8722990155220032,0.007899999618530273,0,0.002196999965235591,-0.007825000211596489,0.9999669790267944,0,0,1.4628150463104248,0,1,0.9604979753494263,-0.242467001080513,-0.1365780085325241,0,0.26574501395225525,0.9448270201683044,0.1915230005979538,0,0.08260501176118851,-0.22025200724601746,0.9719390273094177,0,0,1.8628530502319336,0,1,0.9993540048599243,-0.03352300450205803,0.012914999388158321,0,0.026590004563331604,0.9319660067558289,0.3615700304508209,0,-0.024158000946044922,-0.36099302768707275,0.9322559833526611,0,0,0.5151039958000183,0,1,0.8778690099716187,-0.41409000754356384,-0.240571990609169,0,0.4788520038127899,0.7518630027770996,0.45321395993232727,0,-0.0067939977161586285,-0.513060986995697,0.8583250045776367,0,0,0.21173200011253357,0,1,0.727042019367218,-0.4387679994106293,-0.5281029939651489,0,0.6672229766845703,0.6329209804534912,0.3927139937877655,0,0.16193699836730957,-0.6378819942474365,0.7529159784317017,0,-0.09657900035381317,0.22366200387477875,0.018028000369668007,1,0.04881702736020088,-0.018279002979397774,0.9986400008201599,0,-0.9962630271911621,-0.07222001254558563,0.0473790243268013,0,0.07125601172447205,-0.9972209930419922,-0.021736007183790207,0,-0.6075040102005005,0.945747971534729,0.000686999992467463,1,0.9082099795341492,-0.4178990125656128,0.022686000913381577,0,0.14357000589370728,0.3620170056819916,0.9210489988327026,0,-0.3931179940700531,-0.8332489728927612,0.3887859880924225,0,0,1.2394499778747559,0,1,0.8897929787635803,-0.45635899901390076,-0.002194999950006604,0,0.4563620090484619,0.8897669911384583,0.00687999976798892,0,-0.0011869999580085278,-0.0071229999884963036,0.9999740123748779,0,0,1.462831974029541,0,1,0.9663050174713135,0.2547520101070404,-0.03682802990078926,0,-0.25422900915145874,0.9669700264930725,0.018324995413422585,0,0.04028002545237541,-0.008344991132616997,0.9991539716720581,0,0,1.8628220558166504,0,1,0.9956979751586914,0.09177400171756744,0.012787002138793468,0,-0.09252499788999557,0.977279007434845,0.19069501757621765,0,0.005005000624805689,-0.1910570114850998,0.9815660119056702,0,0,0.27894100546836853,0,1,0.9929879903793335,0.10978200286626816,0.04384300112724304,0,-0.1181190013885498,0.9066939949989319,0.40491199493408203,0,0.004699999466538429,-0.4072510004043579,0.9133039712905884,0,0,0.3043909966945648,0,1,0.9968370199203491,0.07946799695491791,0.0009289977606385946,0,-0.07119099795818329,0.8980889916419983,-0.4340139925479889,0,-0.03532399982213974,0.432574987411499,0.9009060263633728,0,0.006897000130265951,0.2651579976081848,0.06799700111150742,1,-0.9962509870529175,-0.0382390022277832,0.0775970071554184,0,0.05025700479745865,-0.9859369993209839,0.15938101708889008,0,0.07041100412607193,0.16268301010131836,0.9841629862785339,0,0.7677279710769653,-0.38479098677635193,0.04862099885940552,1,0.9867219924926758,0.08433899283409119,0.13880498707294464,0,-0.012713990174233913,0.892096996307373,-0.45166507363319397,0,-0.16192097961902618,0.4439030587673187,0.8813239932060242,0,0,2.8149828910827637,0,1,0.9141839742660522,-0.15207499265670776,0.37568700313568115,0,-0.2789290249347687,0.43644097447395325,0.8554049730300903,0,-0.29405099153518677,-0.886788010597229,0.35656896233558655,0,0,2.666728973388672,0,1,0.9407569766044617,-0.003989999648183584,0.3390589952468872,0,-0.21510900557041168,0.7659410238265991,0.6058570146560669,0,-0.2621159851551056,-0.6428989768028259,0.7197059988975525,0,0,0.5788760185241699,0,1,-0.9666950106620789,0.06727000325918198,-0.2469310164451599,0,-0.10322500020265579,-0.9853619933128357,0.13567200303077698,0,-0.2341890186071396,0.15664300322532654,0.9594889879226685,0,-0.7677279710769653,-0.38479098677635193,0.06475500017404556,1,0.9969080090522766,-0.05272601172327995,-0.05826100334525108,0,0.027889009565114975,0.9305970072746277,-0.364982008934021,0,0.07346101105213165,0.36222800612449646,0.9291899800300598,0,0,2.815056085586548,0,1,0.8705549836158752,0.1755090206861496,-0.45970696210861206,0,0.27776896953582764,0.595874011516571,0.7535110116004944,0,0.40617498755455017,-0.7836650013923645,0.4699900150299072,0,0,2.6650030612945557,0,1,0.9754840135574341,0,-0.2200690060853958,0,0.14921100437641144,0.735040009021759,0.6614009737968445,0,0.16176000237464905,-0.6780229806900024,0.7170199751853943,0,0,0.5352979898452759,0,1
K0.067,0.9997360110282898,-0.022816985845565796,0.002804998541250825,0,0.02288498543202877,0.9993640184402466,-0.027358995750546455,0,-0.002178999362513423,0.02741599641740322,0.9996219873428345,0,0.003741893684491515,6.101977825164795,-0.05507699400186539,1,0.9999979734420776,0.0008540021954104304,0.0017580026760697365,0,-0.0008580022258684039,0.9999960064888,0.00271599437110126,0,-0.0017560026608407497,-0.0027169943787157536,0.9999949932098389,0,0,0.6926249861717224,-0.010666999965906143,1,0.9990950226783752,0.0005560029530897737,0.04252500459551811,0,-0.0014080025721341372,0.9997979998588562,0.020028987899422646,0,-0.04250500351190567,-0.020070988684892654,0.998894989490509,0,0,0.8081579804420471,0,1,0.9990959763526917,0.0013620026875287294,0.04249100387096405,0,-0.0022110024001449347,0.9997990131378174,0.019928988069295883,0,-0.04245600476861,-0.020004989579319954,0.9988980293273926,0,0,0.9236099720001221,0,1,0.9996209740638733,-0.0237440075725317,-0.013926003128290176,0,0.023297008126974106,0.9992330074310303,-0.031459011137485504,0,0.014662003144621849,0.031123008579015732,0.9994080066680908,0,0,1.0390599966049194,0,1,0.9974539875984192,0.06308399140834808,0.033267997205257416,0,-0.06597499549388885,0.9933369755744934,0.09449300169944763,0,-0.027084998786449432,-0.09644699841737747,0.9949700236320496,0,0,0.4586620032787323,0.06377600133419037,1,-0.13055302202701569,-0.006178000476211309,-0.9914219975471497,0,0.9821270108222961,-0.13755899667739868,-0.12847201526165009,0,-0.1355849951505661,-0.9904739856719971,0.024027002975344658,0,0.6075040102005005,0.945813000202179,-0.003561000106856227,1,0.9112679958343506,0.3994869887828827,-0.09999800473451614,0,-0.08694299310445786,0.42398199439048767,0.9014880061149597,0,0.4025300145149231,-0.8128029704093933,0.42109400033950806,0,0,1.2394499778747559,0,1,0.8725829720497131,0.48846200108528137,0.0019049999536946416,0,-0.4884600043296814,0.8725500106811523,0.007892999798059464,0,0.0021929999347776175,-0.007818000391125679,0.9999669790267944,0,0,1.4628150463104248,0,1,0.9603440165519714,-0.24230200052261353,-0.13794398307800293,0,0.26588401198387146,0.9447969794273376,0.19148199260234833,0,0.08393198251724243,-0.22056500613689423,0.9717540144920349,0,0,1.8628530502319336,0,1,0.9993410110473633,-0.03398199751973152,0.012787001207470894,0,0.02701999619603157,0.93128901720047,0.36327695846557617,0,-0.024253997951745987,-0.3626919686794281,0.9315930008888245,0,0,0.5151039958000183,0,1,0.8780689835548401,-0.4143970012664795,-0.23931200802326202,0,0.4784890115261078,0.7534679770469666,0.4509250223636627,0,-0.006548002362251282,-0.5104519724845886,0.8598809838294983,0,0,0.21173200011253357,0,1,0.7274619936943054,-0.4393419921398163,-0.5270469784736633,0,0.6668440103530884,0.6336089968681335,0.3922469913959503,0,0.16161100566387177,-0.6368029713630676,0.7538989782333374,0,-0.09657900035381317,0.22366200387477875,0.018028000369668007,1,0.05134597420692444,-0.018740996718406677,0.9985049962997437,0,-0.9960439801216125,-0.07356998324394226,0.04983797296881676,0,0.0725259855389595,-0.9971140027046204,-0.022444993257522583,0,-0.6075040102005005,0.945747971534729,0.000686999992467463,1,0.9076870083808899,-0.41903600096702576,0.022650999948382378,0,0.14409400522708893,0.3619120121002197,0.9210079908370972,0,-0.3941340148448944,-0.8327230215072632,0.38888299465179443,0,0,1.2394499778747559,0,1,0.8895360231399536,-0.4568600058555603,-0.0021989999804645777,0,0.45686399936676025,0.8895099759101868,0.006887999828904867,0,-0.0011909999884665012,-0.0071319998241961,0.9999740123748779,0,0,1.462831974029541,0,1,0.9664220213890076,0.25388601422309875,-0.03962797299027443,0,-0.2533529996871948,0.9672060012817383,0.018028004094958305,0,0.04290597513318062,-0.007383009884506464,0.9990519881248474,0,0,1.8628220558166504,0,1,0.9956889748573303,0.09184499830007553,0.012933998368680477,0,-0.09261299669742584,0.976885974407196,0.19265899062156677,0,0.005059999413788319,-0.19302698969841003,0.9811800122261047,0,0,0.27894100546836853,0,1,0.9930030107498169,0.10968799889087677,0.04373700171709061,0,-0.1179950013756752,0.9071000218391418,0.4040389955043793,0,0.0046440004371106625,-0.406372994184494,0.9136959910392761,0,0,0.3043909966945648,0,1,0.9968540072441101,0.07925800234079361,0.0007090021972544491,0,-0.071042001247406,0.8974210023880005,-0.4354180097579956,0,-0.03514700010418892,0.4339979887008667,0.9002280235290527,0,0.006897000130265951,0.2651579976081848,0.06799700111150742,1,-0.99617999792099,-0.03846199810504913,0.07839199155569077,0,0.05075599625706673,-0.9855780005455017,0.16143198311328888,0,0.07105199247598648,0.1647939831018448,0.9837650060653687,0,0.7677279710769653,-0.38479098677635193,0.04862099885940552,1,0.9869639873504639,0.08354800939559937,0.1375560164451599,0,-0.011720010079443455,0.8897420167922974,-0.45631295442581177,0,-0.1605130136013031,0.44875192642211914,0.8791229724884033,0,0,2.8149828910827637,0,1,0.9140790104866028,-0.15139000117778778,0.3762190043926239,0,-0.28075698018074036,0.43319302797317505,0.856456995010376,0,-0.2926349937915802,-0.8884959816932678,0.35346904397010803,0,0,2.666728973388672,0,1,0.9407680034637451,-0.003934000618755817,0.3390290141105652,0,-0.2151069939136505,0.7659969925880432,0.6057860255241394,0,-0.26207900047302246,-0.6428319811820984,0.7197790145874023,0,0,0.5788760185241699,0,1,-0.9663010239601135,0.06720100343227386,-0.24848899245262146,0,-0.1033099964261055,-0.9854109883308411,0.1352510005235672,0,-0.23577497899532318,0.15636399388313293,0.9591460227966309,0,-0.7677279710769653,-0.38479098677635193,0.06475500017404556,1,0.9968140125274658,-0.05394798889756203,-0.05874999612569809,0,0.028879990801215172,0.9307060241699219,-0.3646259903907776,0,0.07434899359941483,0.3617680072784424,0.929298996925354,0,0,2.815056085586548,0,1,0.871399998664856,0.1767299920320511,-0.4576340317726135,0,0.2747080326080322,0.597091019153595,0.753669023513794,0,0.4064449965953827,-0.782463014125824,0.4717559814453125,0,0,2.6650030612945557,0,1,0.9754840135574341,0,-0.2200690060853958,0,0.14921100437641144,0.7350410223007202,0.6614009737968445,0,0.16176000237464905,-0.6780229806900024,0.7170209884643555,0,0,0.5352979898452759,0,1
K0.100,0.9997130036354065,-0.02383599989116192,0.002437999937683344,0,0.02389499917626381,0.99931800365448,-0.028145000338554382,0,-0.0017659999430179596,0.02819499932229519,0.9996010065078735,0,0.013194000348448753,6.10154914855957,-0.051826998591423035,1,0.9999989867210388,0.0005520000122487545,0.001500000013038516,0,-0.0005559999844990671,0.9999949932098389,0.0030559999868273735,0,-0.0014979999978095293,-0.0030559999868273735,0.9999939799308777,0,0,0.6926249861717224,-0.010666999965906143,1,0.9991220235824585,0.00013500000932253897,0.0419050008058548,0,-0.0010059999767690897,0.999783992767334,0.020757000893354416,0,-0.04189400002360344,-0.020780999213457108,0.9989060163497925,0,0,0.8081579804420471,0,1,0.9991220235824585,0.0009629999985918403,0.04187599942088127,0,-0.001829999964684248,0.9997850060462952,0.02067199908196926,0,-0.041847001761198044,-0.0207310002297163,0.9989089965820312,0,0,0.9236099720001221,0,1,0.999629020690918,-0.023444000631570816,-0.013868999667465687,0,0.02302899956703186,0.9993020296096802,-0.02941799908876419,0,0.014549000188708305,0.02908799983561039,0.9994710087776184,0,0,1.0390599966049194,0,1,0.997402012348175,0.06373800337314606,0.033567000180482864,0,-0.06670600175857544,0.9931110143661499,0.09634000062942505,0,-0.027194999158382416,-0.09832900017499924,0.9947819709777832,0,0,0.4586620032787323,0.06377600133419037,1,-0.13024799525737762,-0.006138000171631575,-0.991461992263794,0,0.9821760058403015,-0.1374800056219101,-0.1281770020723343,0,-0.13551899790763855,-0.9904860258102417,0.023934999480843544,0,0.6075040102005005,0.945813000202179,-0.003561000106856227,1,0.9113609790802002,0.3993139863014221,-0.09984699636697769,0,-0.08723200112581253,0.4244439899921417,0.9012420177459717,0,0.4022580087184906,-0.8126469850540161,0.42165499925613403,0,0,1.2394499778747559,0,1,0.8728839755058289,0.4879249930381775,0.0019000000320374966,0,-0.4879229962825775,0.8728510141372681,0.007884000428020954,0,0.002188999904319644,-0.007809000089764595,0.9999669790267944,0,0,1.4628150463104248,0,1,0.9601259827613831,-0.24236899614334106,-0.13933999836444855,0,0.26623600721359253,0.9447579979896545,0.19118399918079376,0,0.08530600368976593,-0.22065800428390503,0.9716140031814575,0,0,1.8628530502319336,0,1,0.9993330240249634,-0.03424200043082237,0.012709000147879124,0,0.02727000042796135,0.9309759736061096,0.36406099796295166,0,-0.02429799921810627,-0.36347201466560364,0.9312880039215088,0,0,0.5151039958000183,0,1,0.8781599998474121,-0.4145349860191345,-0.23873800039291382,0,0.4783239960670471,0.7541970014572144,0.449880987405777,0,-0.006436000112444162,-0.5092620253562927,0.8605870008468628,0,0,0.21173200011253357,0,1,0.7276530265808105,-0.4396030008792877,-0.5265650153160095,0,0.6666719913482666,0.6339219808578491,0.39203399419784546,0,0.1614619940519333,-0.6363109946250916,0.7543460130691528,0,-0.09657900035381317,0.22366200387477875,0.018028000369668007,1,0.0528389997780323,-0.01901799999177456,0.9984220266342163,0,-0.9959269762039185,-0.07415600121021271,0.0512939989566803,0,0.07306399941444397,-0.997065007686615,-0.02285899966955185,0,-0.6075040102005005,0.945747971534729,0.000686999992467463,1,0.9071120023727417,-0.42027899622917175,0.022657999768853188,0,0.14416900277137756,0.3608439862728119,0.9214159846305847,0,-0.39542800188064575,-0.8325610160827637,0.38791701197624207,0,0,1.2394499778747559,0,1,0.8893420100212097,-0.45723700523376465,-0.002202000003308058,0,0.4572409987449646,0.8893160223960876,0.006893999874591827,0,-0.0011940000113099813,-0.0071379998698830605,0.9999740123748779,0,0,1.462831974029541,0,1,0.9664769768714905,0.2530120015144348,-0.04367399960756302,0,-0.2524400055408478,0.9674410223960876,0.018232999369502068,0,0.04686500132083893,-0.006597000174224377,0.9988790154457092,0,0,1.8628220558166504,0,1,0.9954530000686646,0.09425400197505951,0.01375999953597784,0,-0.09511300176382065,0.9757090210914612,0.19734600186347961,0,0.0051739998161792755,-0.19775700569152832,0.9802370071411133,0,0,0.27894100546836853,0,1,0.9930469989776611,0.10941299796104431,0.043428000062704086,0,-0.11763100326061249,0.908282995223999,0.40147900581359863,0,0.004482000134885311,-0.40379598736763,0.9148380160331726,0,0,0.3043909966945648,0,1,0.9968889951705933,0.07881300151348114,0.00024600003962405026,0,-0.07072900235652924,0.8960000276565552,-0.4383859932422638,0,-0.03477099910378456,0.43700501322746277,0.8987870216369629,0,0.006897000130265951,0.2651579976081848,0.06799700111150742,1,-0.9961680173873901,-0.03868899866938591,0.07844100147485733,0,0.05094800144433975,-0.985660970211029,0.160863995552063,0,0.07109300047159195,0.16424399614334106,0.9838550090789795,0,0.7677279710769653,-0.38479098677635193,0.04862099885940552,1,0.9872949719429016,0.08156999945640564,0.13636000454425812,0,-0.010192999616265297,0.8889200091362,-0.45794999599456787,0,-0.15856799483299255,0.4507420063018799,0.8784580230712891,0,0,2.8149828910827637,0,1,0.9138010144233704,-0.15015000104904175,0.37738901376724243,0,-0.2831059992313385,0.4307810068130493,0.8569009900093079,0,-0.2912349998950958,-0.88987797498703,0.35113999247550964,0,0,2.666728973388672,0,1,0.940742015838623,-0.00406799977645278,0.3390989899635315,0,-0.21511100232601166,0.765861988067627,0.6059560179710388,0,-0.2621679902076721,-0.6429920196533203,0.7196030020713806,0,0,0.5788760185241699,0,1,-0.9660559892654419,0.06772000342607498,-0.2493000030517578,0,-0.1033099964261055,-0.9857770204544067,0.1325560063123703,0,-0.23677699267864227,0.1538120061159134,0.9593110084533691,0,-0.7677279710769653,-0.38479098677635193,0.06475500017404556,1,0.9966530203819275,-0.055323000997304916,-0.06018799915909767,0,0.029850000515580177,0.9316719770431519,-0.36207300424575806,0,0.076105996966362,0.3590649962425232,0.9302039742469788,0,0,2.815056085586548,0,1,0.8720809817314148,0.17795999348163605,-0.45585599541664124,0,0.2717219889163971,0.5986409783363342,0.7535229921340942,0,0.4069899916648865,-0.7809990048408508,0.47370800375938416,0,0,2.6650030612945557,0,1,0.9754840135574341,0,-0.2200690060853958,0,0.14921100437641144,0.7350410223007202,0.6614009737968445,0,0.16176000237464905,-0.6780229806900024,0.7170209884643555,0,0,0.5352979898452759,0,1
K0.133,0.999692976474762,-0.024680009111762047,0.0019509935518726707,0,0.024726008996367455,0.9992700219154358,-0.02911101095378399,0,-0.0012319930829107761,0.029150011017918587,0.9995740056037903,0,0.021880080923438072,6.100599765777588,-0.048538967967033386,1,0.9999989867210388,0.00018999550957232714,0.0012479970464482903,0,-0.00019499548943713307,0.9999939799308777,0.003440004074946046,0,-0.001246997038833797,-0.003440004074946046,0.9999930262565613,0,0,0.6926249861717224,-0.010666999965906143,1,0.9991459846496582,-0.00037800613790750504,0.041326992213726044,0,-0.0005139940767548978,0.999767005443573,0.021570010110735893,0,-0.04132499173283577,-0.021573008969426155,0.9989129900932312,0,0,0.8081579804420471,0,1,0.9991469979286194,0.0004739941214211285,0.04130099341273308,0,-0.0013639943208545446,0.9997680187225342,0.02150500938296318,0,-0.041280992329120636,-0.02154300920665264,0.9989150166511536,0,0,0.9236099720001221,0,1,0.9996330142021179,-0.02327699586749077,-0.013854999095201492,0,0.022895995527505875,0.9993709921836853,-0.027091972529888153,0,0.014476997777819633,0.026764972135424614,0.9995369911193848,0,0,1.0390599966049194,0,1,0.9973430037498474,0.06449100375175476,0.03388200327754021,0,-0.0675240084528923,0.9929220080375671,0.0977030098438263,0,-0.027341002598404884,-0.09973100572824478,0.994638979434967,0,0,0.4586620032787323,0.06377600133419037,1,-0.1299639791250229,-0.006082999054342508,-0.9915000200271606,0,0.9821709990501404,-0.13777700066566467,-0.12789598107337952,0,-0.13582700490951538,-0.9904450178146362,0.02388099581003189,0,0.6075040102005005,0.945813000202179,-0.003561000106856227,1,0.9118430018424988,0.39816197752952576,-0.10005000233650208,0,-0.08697699010372162,0.4255309998989105,0.9007539749145508,0,0.4012199640274048,-0.8126440048217773,0.42264801263809204,0,0,1.2394499778747559,0,1,0.8732489943504333,0.4872710108757019,0.0018939998699352145,0,-0.4872699975967407,0.8732159733772278,0.007873999886214733,0,0.0021830000914633274,-0.007799000013619661,0.9999669790267944,0,0,1.4628150463104248,0,1,0.959837019443512,-0.24277600646018982,-0.1406160145998001,0,0.266865998506546,0.9447069764137268,0.1905529797077179,0,0.08657900989055634,-0.22042599320411682,0.9715539813041687,0,0,1.8628530502319336,0,1,0.9993540048599243,-0.033523984253406525,0.012959005311131477,0,0.026535984128713608,0.9313730001449585,0.3630969822406769,0,-0.02424199879169464,-0.36251896619796753,0.9316610097885132,0,0,0.5151039958000183,0,1,0.878117024898529,-0.41446998715400696,-0.23900900781154633,0,0.4784019887447357,0.753853976726532,0.4503730237483978,0,-0.006489001680165529,-0.5098230242729187,0.8602550029754639,0,0,0.21173200011253357,0,1,0.7275440096855164,-0.43945398926734924,-0.526839017868042,0,0.6667699813842773,0.633745014667511,0.3921549916267395,0,0.1615470051765442,-0.6365900039672852,0.7540919780731201,0,-0.09657900035381317,0.22366200387477875,0.018028000369668007,1,0.05384701490402222,-0.019237004220485687,0.9983639717102051,0,-0.9958509802818298,-0.07448500394821167,0.052277013659477234,0,0.07335800677537918,-0.9970369935035706,-0.023168005049228668,0,-0.6075040102005005,0.945747971534729,0.000686999992467463,1,0.9065240025520325,-0.4215269982814789,0.02300301007926464,0,0.14370198547840118,0.3593589961528778,0.9220690131187439,0,-0.39694300293922424,-0.8325719833374023,0.38634198904037476,0,0,1.2394499778747559,0,1,0.8890789747238159,-0.4577479958534241,-0.0022060000337660313,0,0.457751989364624,0.8890529870986938,0.006901999935507774,0,-0.0011980001581832767,-0.007145999930799007,0.9999740123748779,0,0,1.462831974029541,0,1,0.9664790034294128,0.2521750032901764,-0.04822704195976257,0,-0.2515510022640228,0.9676640033721924,0.018693003803491592,0,0.05138204246759415,-0.0059349932707846165,0.9986609816551208,0,0,1.8628220558166504,0,1,0.9952639937400818,0.09613201022148132,0.01441300380975008,0,-0.09706401079893112,0.9747949838638306,0.20088201761245728,0,0.005262000486254692,-0.2013300210237503,0.9795089960098267,0,0,0.27894100546836853,0,1,0.9930729866027832,0.10925199836492538,0.04324899986386299,0,-0.11741899698972702,0.9089699983596802,0.3999829888343811,0,0.004387000110000372,-0.4022909998893738,0.9155020117759705,0,0,0.3043909966945648,0,1,0.9969159960746765,0.07847800105810165,-0.0001010014966595918,0,-0.07049500197172165,0.8949289917945862,-0.4406050145626068,0,-0.034487999975681305,0.4392530024051666,0.8977010250091553,0,0.006897000130265951,0.2651579976081848,0.06799700111150742,1,-0.9962999820709229,-0.038975004106760025,0.07660295814275742,0,0.05089299753308296,-0.98574298620224,0.16037899255752563,0,0.06925995647907257,0.16368399560451508,0.9840790033340454,0,0.7677279710769653,-0.38479098677635193,0.04862099885940552,1,0.9873690009117126,0.0800660029053688,0.13672001659870148,0,-0.008291979320347309,0.8878520131111145,-0.46005502343177795,0,-0.1582220196723938,0.4531100392341614,0.8773009777069092,0,0,2.8149828910827637,0,1,0.9135310053825378,-0.1493230015039444,0.3783699870109558,0,-0.28514501452445984,0.4282909631729126,0.8574730157852173,0,-0.29009300470352173,-0.8912180066108704,0.34867796301841736,0,0,2.666728973388672,0,1,0.9407129883766174,-0.00421900162473321,0.3391779959201813,0,-0.2151149958372116,0.7657080292701721,0.6061480045318604,0,-0.262268990278244,-0.6431739926338196,0.7194039821624756,0,0,0.5788760185241699,0,1,-0.9658610224723816,0.06836900860071182,-0.24987800419330597,0,-0.10350000113248825,-0.9860619902610779,0.13026899099349976,0,-0.2374880015850067,0.1516839861869812,0.9594740271568298,0,-0.7677279710769653,-0.38479098677635193,0.06475500017404556,1,0.9965370297431946,-0.05651601031422615,-0.06098499894142151,0,0.030785009264945984,0.9321439862251282,-0.36077800393104553,0,0.07723600417375565,0.3576509952545166,0.9306560158729553,0,0,2.815056085586548,0,1,0.872314989566803,0.17953602969646454,-0.4547879993915558,0,0.2694639563560486,0.5996140241622925,0.7535600066184998,0,0.4079890251159668,-0.7798910140991211,0.4746739864349365,0,0,2.6650030612945557,0,1,0.9754840135574341,0,-0.2200690060853958,0,0.14921200275421143,0.7350410223007202,0.6614000201225281,0,0.16175900399684906,-0.6780229806900024,0.7170209884643555,0,0,0.5352979898452759,0,1
