2.400,30,72,33
B0,mixamorig_Hips,-1,0.8936302661895752,0.16581220924854279,0.41102129220962524,0,-0.261182963848114,0.9474963545799255,0.18335101008415222,0,-0.3586621582508087,-0.27222922444343567,0.8901188969612122,0,0.5378409624099731,5.217921733856201,-0.0001176097066490911,1
B1,mixamorig_Spine,0,0.9963812232017517,0.05474394932389259,0.06486725807189941,0,-0.06471049040555954,0.9845011830329895,0.16295258700847626,0,-0.05495058372616768,-0.1665523499250412,0.9844892024993896,0,0,0.6926249861717224,-0.010666999965906143,1
B2,mixamorig_Spine1,1,0.9871290326118469,0.10734622925519943,0.1182217225432396,0,-0.11740177124738693,0.9897273182868958,0.0812617763876915,0,-0.10831698030233383,-0.09406525641679764,0.9896136522293091,0,0,0.8081579804420471,0,1
B3,mixamorig_Spine2,2,0.9871290326118469,0.1073007583618164,0.11826299875974655,0,-0.09261246770620346,0.9879602789878845,-0.12364626675844193,0,-0.13014854490756989,0.11114110797643661,0.9852107167243958,0,0,0.9236099720001221,0,1
B4,mixamorig_Neck,3,0.9186578392982483,0.35720792412757874,-0.16538850963115692,0,-0.36609047651290894,0.9299320578575134,-0.02434540167450905,0,0.14549672603607178,0.08248254656791687,0.9856363534927368,0,0,1.0390599966049194,0,1
B5,mixamorig_Head,4,0.8582139611244202,-0.38390055298805237,-0.3400786221027374,0,0.3628728687763214,0.923122763633728,-0.12637893855571747,0,0.3624323010444641,-0.015142830088734627,0.9317575693130493,0,0,0.4586620032787323,0.06377600133419037,1
B6,mixamorig_HeadTop_End,5,1,0,0,0,0,1,0,0,0,0,1,0,0,2.7444159984588623,0.38160499930381775,1
B7,mixamorig_LeftShoulder,3,0.07238753139972687,0.018094198778271675,-0.9969356060028076,0,0.9904440641403198,-0.11678129434585571,0.06977807730436325,0,-0.11506213247776031,-0.9929789304733276,-0.026440102607011795,0,0.6075040102005005,0.945813000202179,-0.003561000106856227,1
B8,mixamorig_LeftArm,7,0.845917820930481,-0.3106279671192169,-0.433356910943985,0,0.511154055595398,0.7037020325660706,0.49326878786087036,0,0.1516362577676773,-0.638852059841156,0.7541617751121521,0,0,1.2394499778747559,0,1
B9,mixamorig_LeftForeArm,8,0.9709475636482239,0.18683193624019623,0.14805111289024353,0,-0.21900014579296112,0.9447909593582153,0.24342387914657593,0,-0.09450604766607285,-0.26863157749176025,0.9584266543388367,0,0,1.4628150463104248,0,1
B10,mixamorig_LeftHand,9,0.9983769655227661,-0.05300482362508774,-0.017845921218395233,0,0.04259417951107025,0.9269170761108398,-0.37239930033683777,0,0.03612973168492317,0.3710576593875885,0.9277837872505188,0,0,1.8628530502319336,0,1
B11,mixamorig_LeftHandIndex1,10,0.9942939877510071,0.10042800009250641,0.03595774620771408,0,-0.10061625391244888,0.9949190020561218,0.0034600249491631985,0,-0.035426996648311615,-0.00705802533775568,0.9993469715118408,0,0,0.5151039958000183,0,1
B12,mixamorig_LeftHandIndex2,11,0.9185280203819275,-0.39490801095962524,-0.01882375404238701,0,0.39496299624443054,0.9186969995498657,-0.0008629770018160343,0,0.01763400062918663,-0.006642024964094162,0.9998220205307007,0,0,0.21173200011253357,0,1
B13,mixamorig_LeftHandIndex3,12,0.782217264175415,-0.47381898760795593,-0.40451404452323914,0,0.608951985836029,0.7186182141304016,0.3358049988746643,0,0.13158001005649567,-0.5090019702911377,0.8506489992141724,0,-0.09657900035381317,0.22366200387477875,0.018028000369668007,1
B14,mixamorig_LeftHandIndex4,13,1,0,0,0,0,1,0,0,0,0,1,0,-0.025630999356508255,0.01486000046133995,-0.010502000339329243,1
B15,mixamorig_RightShoulder,3,-0.08475549519062042,-0.19773034751415253,0.9764631986618042,0,-0.9958198070526123,-0.014457732439041138,-0.08944975584745407,0,0.031915172934532166,-0.9800573587417603,-0.19562290608882904,0,-0.6075040102005005,0.945747971534729,0.000686999992467463,1
B16,mixamorig_RightArm,15,0.39642325043678284,-0.01964261569082737,-0.9178021550178528,0,-0.18427380919456482,0.9774415493011475,-0.10024253278970718,0,0.8990728855133057,0.2088605761528015,0.38385093212127686,0,0,1.2394499778747559,0,1
B17,mixamorig_RightForeArm,16,-0.5943697094917297,0.06730636954307556,-0.7996121048927307,0,0.19054052233695984,0.9797157049179077,-0.06010599434375763,0,0.779384434223175,-0.18777507543563843,-0.5952461957931519,0,0,1.462831974029541,0,1
B18,mixamorig_RightHand,17,0.9649809002876282,-0.211878702044487,0.1433807760477066,0,0.2516650855541229,0.8870363831520081,-0.38283389806747437,0,-0.046451982110738754,0.40636399388313293,0.9124762415885925,0,0,1.8628220558166504,0,1
B19,mixamorig_RightHandIndex1,18,0.9877899885177612,-0.1200607493519783,0.09927725046873093,0,0.035326000303030014,0.7932680249214172,0.6078472137451172,0,-0.15173199772834778,-0.5969190001487732,0.7878230214118958,0,0,0.27894100546836853,0,1
B20,mixamorig_RightHandIndex2,19,0.9979199767112732,-0.036005254834890366,0.05347499996423721,0,-0.02267500013113022,0.5804529786109924,0.8139780163764954,0,-0.060346998274326324,-0.813497006893158,0.5784297585487366,0,0,0.3043909966945648,0,1
B21,mixamorig_RightHandIndex3,20,0.9970809817314148,-0.011947744525969028,0.07540625333786011,0,-0.02538900077342987,0.879580020904541,0.47507375478744507,0,-0.07200200110673904,-0.4756017327308655,0.8767092227935791,0,0.006897000130265951,0.2651579976081848,0.06799700111150742,1
B22,mixamorig_RightHandIndex4,21,1,0,0,0,0,1,0,0,0,0,1,0,0.00851100031286478,0.07186800241470337,0.08019299805164337,1
B23,mixamorig_LeftUpLeg,0,-0.9097763299942017,-0.14765480160713196,0.38648277521133423,0,0.3902304172515869,-0.6164150238037109,0.6831473708152771,0,0.13746124505996704,0.773333728313446,0.6188507676124573,0,0.7677279710769653,-0.38479098677635193,0.04862099885940552,1
B24,mixamorig_LeftLeg,23,0.9695249795913696,-0.23239359259605408,-0.07623062282800674,0,0.1103423684835434,0.693881630897522,-0.7115755677223206,0,0.21826080977916718,0.6815134286880493,0.6983563899993896,0,0,2.8149828910827637,0,1
B25,mixamorig_LeftFoot,24,0.9158521294593811,-0.1772884726524353,0.3597741723060608,0,-0.20157362520694733,0.5718711018562317,0.7951228022575378,0,-0.34673675894737244,-0.8007299304008484,0.4881957173347473,0,0,2.666728973388672,0,1
B26,mixamorig_LeftToeBase,25,0.9343762397766113,-0.09049156308174133,0.3442678451538086,0,-0.14727115631103516,0.7821542620658875,0.6054149270057678,0,-0.32406046986579895,-0.6164321899414062,0.7174743413925171,0,0,0.5788760185241699,0,1
B27,mixamorig_LeftToe_End,26,1,0,0,0,0,1,0,0,0,0,1,0,0,0.32979699969291687,0,1
B28,mixamorig_RightUpLeg,0,-0.7688242793083191,0.37367457151412964,-0.5180041193962097,0,-0.595269501209259,-0.7068457007408142,0.37485501170158386,0,-0.22763954102993011,0.5980061888694763,0.7653951048851013,0,-0.7677279710769653,-0.38479098677635193,0.06475500017404556,1
B29,mixamorig_RightLeg,28,0.9638736844062805,-0.2476653903722763,0.09759598970413208,0,0.232475146651268,0.6047976016998291,-0.7614232301712036,0,0.12940719723701477,0.7567155361175537,0.6405526995658875,0,0,2.815056085586548,0,1
B30,mixamorig_RightFoot,29,0.7227405905723572,0.6695836186408997,-0.1711127907037735,0,-0.10554780811071396,0.3515571355819702,0.9301183819770813,0,0.6829264163970947,-0.6542027592658997,0.3247789442539215,0,0,2.6650030612945557,0,1
B31,mixamorig_RightToeBase,30,0.9799282550811768,0.1197071224451065,-0.153289332985878,0,0.01217682845890522,0.7485901117324829,0.6616752743721008,0,0.19454020261764526,-0.6507485508918762,0.7337097525596619,0,0,0.5352979898452759,0,1
B32,mixamorig_RightToe_End,31,1,0,0,0,0,1,0,0,0,0,1,0,0,0.3322939872741699,0,1
@28,0,1,2,3,4,5,7,8,9,10,11,12,13,15,16,17,18,19,20,21,23,24,25,26,28,29,30,31
K0.000,0.637598991394043,0.040178000926971436,0.769320011138916,0,-0.1268559992313385,0.990481972694397,0.053408000618219376,0,-0.7598519921302795,-0.13164600729942322,0.6366279721260071,0,0.03330700099468231,5.217967987060547,0.0040480000898242,1,0.9981849789619446,-0.025217000395059586,-0.05467899888753891,0,0.0343639999628067,0.9842510223388672,0.17340199649333954,0,0.04944499954581261,-0.1749659925699234,0.9833319783210754,0,0,0.6926249861717224,-0.010666999965906143,1,0.9925029873847961,-0.06239800155162811,-0.1050959974527359,0,0.07285699993371964,0.9924349784851074,0.09881599992513657,0,0.09813500195741653,-0.10573200136423111,0.9895399808883667,0,0,0.8081579804420471,0,1,0.9925029873847961,-0.06235700100660324,-0.10512000322341919,0,0.05111299827694893,0.9930030107498169,-0.10644999891519547,0,0.11102300137281418,0.10027900338172913,0.9887459874153137,0,0,0.9236099720001221,0,1,0.9866660237312317,0.004459000192582607,-0.16269700229167938,0,0.00457100011408329,0.9984710216522217,0.05508499965071678,0,0.16269400715827942,-0.055093999952077866,0.9851369857788086,0,0,1.0390599966049194,0,1,0.9176589846611023,-0.08968199789524078,-0.3871159851551056,0,0.05650100111961365,0.9937490224838257,-0.09628300368785858,0,0.39333099126815796,0.06648200005292892,0.9169899821281433,0,0,0.4586620032787323,0.06377600133419037,1,0.27300700545310974,-0.031950999051332474,-0.961480975151062,0,0.9451500177383423,-0.17739999294281006,0.27426400780677795,0,-0.1793300062417984,-0.9836199879646301,-0.018232999369502068,0,0.6075040102005005,0.945813000202179,-0.003561000106856227,1,0.9826059937477112,-0.019971000030636787,0.18462400138378143,0,-0.0983320027589798,0.7874240279197693,0.6085190176963806,0,-0.15752999484539032,-0.6160889863967896,0.7717639803886414,0,0,1.2394499778747559,0,1,0.8311390280723572,0.43101799488067627,0.35132700204849243,0,-0.49030300974845886,0.866096019744873,0.09736400097608566,0,-0.2623170018196106,-0.25317999720573425,0.931177020072937,0,0,1.4628150463104248,0,1,0.9982320070266724,0.04650599882006645,-0.03701699897646904,0,-0.05053599923849106,0.9918860197067261,-0.11665300279855728,0,0.03129199892282486,0.11831799894571304,0.9924830198287964,0,0,1.8628530502319336,0,1,0.994297981262207,0.10037700086832047,0.036006998270750046,0,-0.10056599974632263,0.994924008846283,0.0034620000515133142,0,-0.03547700121998787,-0.007062999997287989,0.9993460178375244,0,0,0.5151039958000183,0,1,0.9185420274734497,-0.3948729932308197,-0.018851999193429947,0,0.3949280083179474,0.9187120199203491,-0.0008759999764151871,0,0.01766500063240528,-0.006639999803155661,0.9998220205307007,0,0,0.21173200011253357,0,1,0.7821879982948303,-0.47383299469947815,-0.40455299615859985,0,0.6089770197868347,0.7186269760131836,0.3357419967651367,0,0.13163700699806213,-0.5089769959449768,0.8506550192832947,0,-0.09657900035381317,0.22366200387477875,0.018028000369668007,1,0.41367799043655396,0.08195199817419052,0.9067270159721375,0,-0.8979189991950989,-0.12777000665664673,0.4212070107460022,0,0.1503710001707077,-0.9884120225906372,0.0207310002297163,0,-0.6075040102005005,0.945747971534729,0.000686999992467463,1,0.8073070049285889,0.5897719860076904,0.020591000095009804,0,-0.41406700015068054,0.5412430167198181,0.7318500280380249,0,0.42048001289367676,-0.5993540287017822,0.6811550259590149,0,0,1.2394499778747559,0,1,0.6640589833259583,-0.7011889815330505,-0.2595379948616028,0,0.7397649884223938,0.666549026966095,0.09197700023651123,0,0.10850200057029724,-0.2530750036239624,0.961342990398407,0,0,1.462831974029541,0,1,0.8143630027770996,-0.5803269743919373,-0.005683999974280596,0,0.5754079818725586,0.8061059713363647,0.13819999992847443,0,-0.07561899721622467,-0.11581499874591827,0.9903879761695862,0,0,1.8628220558166504,0,1,0.9877899885177612,-0.12005999684333801,0.09927699714899063,0,0.03532499819993973,0.7932680249214172,0.6078469753265381,0,-0.15173199772834778,-0.5969190001487732,0.7878230214118958,0,0,0.27894100546836853,0,1,0.9979199767112732,-0.03600500151515007,0.05347499996423721,0,-0.02267500013113022,0.5804550051689148,0.8139770030975342,0,-0.060346998274326324,-0.8134959936141968,0.5784310102462769,0,0,0.3043909966945648,0,1,0.9970809817314148,-0.01194700039923191,0.07540600001811981,0,-0.02538900077342987,0.879580020904541,0.4750730097293854,0,-0.07200100272893906,-0.4756009876728058,0.8767099976539612,0,0.006897000130265951,0.2651579976081848,0.06799700111150742,1,-0.6478589773178101,0.015348000451922417,0.7616050243377686,0,0.5893930196762085,-0.6232929825782776,0.5139279961585999,0,0.48259100317955017,0.7818379998207092,0.39476001262664795,0,0.7677279710769653,-0.38479098677635193,0.04862099885940552,1,0.9348530173301697,-0.21448899805545807,-0.2829209864139557,0,-0.072113998234272,0.6655529737472534,-0.7428579926490784,0,0.3476339876651764,0.7148659825325012,0.6067270040512085,0,0,2.8149828910827637,0,1,0.9160630106925964,-0.1626189947128296,0.36658400297164917,0,-0.1914689987897873,0.6258350014686584,0.7560889720916748,0,-0.35237500071525574,-0.7628139853477478,0.5421680212020874,0,0,2.666728973388672,0,1,0.9593520164489746,-0.08200699836015701,0.2700349986553192,0,-0.11032400280237198,0.7717249989509583,0.6263139843940735,0,-0.2597549855709076,-0.6306470036506653,0.7313089966773987,0,0,0.5788760185241699,0,1,-0.9072530269622803,0.346127986907959,-0.23893000185489655,0,-0.41999199986457825,-0.7757490277290344,0.4709779918193817,0,-0.02233099937438965,0.5276449918746948,0.849170982837677,0,-0.7677279710769653,-0.38479098677635193,0.06475500017404556,1,0.9913259744644165,-0.031210999935865402,0.12766599655151367,0,0.12380500137805939,0.5477529764175415,-0.8274289965629578,0,-0.04410500079393387,0.8360580205917358,0.5468659996986389,0,0,2.815056085586548,0,1,0.8056820034980774,0.5573269724845886,-0.200655996799469,0,0.04678500071167946,0.2778159976005554,0.9594939947128296,0,0.5904970169067383,-0.7824360132217407,0.19775700569152832,0,0,2.6650030612945557,0,1,0.9787189960479736,0.0462459996342659,-0.19992700219154358,0,0.09713499993085861,0.7538049817085266,0.649878978729248,0,0.180759996175766,-0.6554690003395081,0.7332710027694702,0,0,0.5352979898452759,0,1
K0.033,0.6213157773017883,0.043802034109830856,0.7823351621627808,0,-0.1255539506673813,0.9911010265350342,0.0442228689789772,0,-0.7734362483024597,-0.1257018893957138,0.6212857365608215,0,0.03431598097085953,5.222494125366211,-0.001570101478137076,1,0.9982200264930725,-0.025164000689983368,-0.05406495928764343,0,0.034165993332862854,0.984387993812561,0.17266200482845306,0,0.04887595772743225,-0.17420199513435364,0.9834960103034973,0,0,0.6926249861717224,-0.010666999965906143,1,0.9926819801330566,-0.06181199103593826,-0.10373591631650925,0,0.07198098301887512,0.9926450252532959,0.0973370149731636,0,0.09695591777563095,-0.10409200936555862,0.9898300170898438,0,0,0.8081579804420471,0,1,0.9926819801330566,-0.06177099421620369,-0.10375991463661194,0,0.05049900338053703,0.9928719997406006,-0.10795698314905167,0,0.10968891531229019,0.1019279956817627,0.988726019859314,0,0,0.9236099720001221,0,1,0.9848649501800537,0.0017230479279533029,-0.17331421375274658,0,0.008884988725185394,0.9981340169906616,0.0604151226580143,0,0.1730952113866806,-0.06104011461138725,0.9830119609832764,0,0,1.0390599966049194,0,1,0.9167659878730774,-0.09600920975208282,-0.38771501183509827,0,0.06176216900348663,0.9930809736251831,-0.09987613558769226,0,0.3946210443973541,0.06761705130338669,0.9163529872894287,0,0,0.4586620032787323,0.06377600133419037,1,0.23538066446781158,-0.030836984515190125,-0.9714140892028809,0,0.9517440795898438,-0.19520118832588196,0.23681165277957916,0,-0.19692419469356537,-0.980277955532074,-0.016597984358668327,0,0.6075040102005005,0.945813000202179,-0.003561000106856227,1,0.984408974647522,-0.028548097237944603,0.1735638827085495,0,-0.08128780871629715,0.8012171983718872,0.5928268432617188,0,-0.1559869647026062,-0.5976927876472473,0.7864041924476624,0,0,1.2394499778747559,0,1,0.8340639472007751,0.44687730073928833,0.3234776258468628,0,-0.49867621064186096,0.8614928722381592,0.09566895663738251,0,-0.23592163622379303,-0.2411048412322998,0.9413871169090271,0,0,1.4628150463104248,0,1,0.9979329705238342,0.0544561892747879,-0.034126996994018555,0,-0.0585021935403347,0.9895659685134888,-0.13166822493076324,0,0.026600953191518784,0.13339222967624664,0.9907059669494629,0,0,1.8628530502319336,0,1,0.9942970275878906,0.10038699954748154,0.03600599989295006,0,-0.10092800855636597,0.9948019981384277,0.01352827437222004,0,-0.034460969269275665,-0.017085274681448936,0.9992600083351135,0,0,0.5151039958000183,0,1,0.9185420274734497,-0.3946639895439148,-0.022832108661532402,0,0.3949289917945862,0.9186729788780212,0.008378252387046814,0,0.01766899973154068,-0.01671227626502514,0.9997040033340454,0,0,0.21173200011253357,0,1,0.7806679606437683,-0.4698798954486847,-0.4120312035083771,0,0.6101610660552979,0.7156389355659485,0.3399471044540405,0,0.1351310908794403,-0.5167912244796753,0.8453788757324219,0,-0.09657900035381317,0.22366200387477875,0.018028000369668007,1,0.3844945728778839,0.0860750675201416,0.9191051721572876,0,-0.9091651439666748,-0.13720321655273438,0.3931845724582672,0,0.1599482297897339,-0.986795961856842,0.025502054020762444,0,-0.6075040102005005,0.945747971534729,0.000686999992467463,1,0.7999659180641174,0.5934950113296509,0.08842051774263382,0,-0.4568434953689575,0.5068650841712952,0.731014609336853,0,0.38903650641441345,-0.6251809597015381,0.6766092777252197,0,0,1.2394499778747559,0,1,0.5965266227722168,-0.7632152438163757,-0.2483121156692505,0,0.799153208732605,0.5934435725212097,0.09581010788679123,0,0.07423486560583115,-0.2555932104587555,0.9639299511909485,0,0,1.462831974029541,0,1,0.8873234391212463,-0.46004804968833923,0.0318262092769146,0,0.4585040509700775,0.8875124454498291,0.04577254131436348,0,-0.04930400103330612,-0.026022547855973244,0.9984449744224548,0,0,1.8628220558166504,0,1,0.9877899885177612,-0.12005999684333801,0.09927699714899063,0,0.035326000303030014,0.7932680249214172,0.6078469753265381,0,-0.1517309993505478,-0.596917986869812,0.7878239750862122,0,0,0.27894100546836853,0,1,0.9979199767112732,-0.03600500151515007,0.05347499996423721,0,-0.022676000371575356,0.5804539918899536,0.8139780163764954,0,-0.060346998274326324,-0.813497006893158,0.5784299969673157,0,0,0.3043909966945648,0,1,0.9970809817314148,-0.01194700039923191,0.07540600001811981,0,-0.02538900077342987,0.879580020904541,0.4750730097293854,0,-0.07200100272893906,-0.4756009876728058,0.876708984375,0,0.006897000130265951,0.2651579976081848,0.06799700111150742,1,-0.6452599167823792,0.006142832338809967,0.7639390826225281,0,0.5878900289535522,-0.6346011757850647,0.5016637444496155,0,0.48787808418273926,0.7728158235549927,0.40587118268013,0,0.7677279710769653,-0.38479098677635193,0.04862099885940552,1,0.9405640363693237,-0.19644972681999207,-0.27703291177749634,0,-0.07787707448005676,0.6692270636558533,-0.7389659285545349,0,0.33056774735450745,0.7166190147399902,0.614151120185852,0,0,2.8149828910827637,0,1,0.9145399928092957,-0.17530718445777893,0.3645319640636444,0,-0.18241485953330994,0.6256129741668701,0.7585070133209229,0,-0.36102813482284546,-0.7601809501647949,0.5401700139045715,0,0,2.666728973388672,0,1,0.9588119983673096,-0.07872994989156723,0.27291107177734375,0,-0.1138380616903305,0.7737640142440796,0.6231609582901001,0,-0.26023098826408386,-0.6285619735717773,0.7329319715499878,0,0,0.5788760185241699,0,1,-0.9058290123939514,0.3500560224056244,-0.23860999941825867,0,-0.4233030378818512,-0.7704729437828064,0.476639062166214,0,-0.01699194870889187,0.5327580571174622,0.846096932888031,0,-0.7677279710769653,-0.38479098677635193,0.06475500017404556,1,0.9907739758491516,-0.02050783298909664,0.13396210968494415,0,0.1232689842581749,0.5471029877662659,-0.827938973903656,0,-0.056311193853616714,0.8368139863014221,0.5445839762687683,0,0,2.815056085586548,0,1,0.8132601380348206,0.5473928451538086,-0.19740495085716248,0,0.044288963079452515,0.2800310552120209,0.958968997001648,0,0.5802118182182312,-0.7886341214179993,0.2034951001405716,0,0,2.6650030612945557,0,1,0.9787189960479736,0.0462459996342659,-0.1999260038137436,0,0.09713499993085861,0.7538049817085266,0.649878978729248,0,0.180758997797966,-0.6554690003395081,0.7332710027694702,0,0,0.5352979898452759,0,1
K0.067,0.5948772430419922,0.047099966555833817,0.8024348020553589,0,-0.1207510456442833,0.9921900033950806,0.03127913177013397,0,-0.7946947813034058,-0.11550210416316986,0.5959192514419556,0,0.032414019107818604,5.234669208526611,-0.011717899702489376,1,0.9984359741210938,-0.025217000395059586,-0.04989304021000862,0,0.03351900726556778,0.984300971031189,0.17328700423240662,0,0.044740039855241776,-0.17468899488449097,0.9836069941520691,0,0,0.6926249861717224,-0.010666999965906143,1,0.9935809969902039,-0.06100500747561455,-0.09526608139276505,0,0.07041601836681366,0.9926149845123291,0.09877598285675049,0,0.08853708207607269,-0.10484999418258667,0.990539014339447,0,0,0.8081579804420471,0,1,0.9935809969902039,-0.06096700578927994,-0.09528908133506775,0,0.05069899559020996,0.9929980039596558,-0.10669401288032532,0,0.10112708061933517,0.10117800533771515,0.9897149801254272,0,0,0.9236099720001221,0,1,0.9808740615844727,0.006517952308058739,-0.1945337951183319,0,0.0077560110948979855,0.9973369836807251,0.07251988351345062,0,0.1944887936115265,-0.07264188677072525,0.9782110452651978,0,0,1.0390599966049194,0,1,0.9141219854354858,-0.1168207898736,-0.38824400305747986,0,0.07852383702993393,0.9904710054397583,-0.11314186453819275,0,0.3977619707584381,0.0729389488697052,0.9145849943161011,0,0,0.4586620032787323,0.06377600133419037,1,0.2007533460855484,-0.02926301397383213,-0.9792049527168274,0,0.9555869698524475,-0.21429280936717987,0.2023153454065323,0,-0.21575680375099182,-0.9763310551643372,-0.015056014992296696,0,0.6075040102005005,0.945813000202179,-0.003561000106856227,1,0.9861739873886108,-0.038269903510808945,0.1612331122159958,0,-0.06207719072699547,0.8168038129806519,0.5735651850700378,0,-0.1536470353603363,-0.5756442546844482,0.8031347990036011,0,0,1.2394499778747559,0,1,0.8306640386581421,0.4775736927986145,0.28621935844421387,0,-0.5197697877883911,0.8494301438331604,0.09114804118871689,0,-0.19959335029125214,-0.22448216378688812,0.9538188576698303,0,0,1.4628150463104248,0,1,0.9967139959335327,0.07362380623817444,-0.03378400206565857,0,-0.07797680795192719,0.984993040561676,-0.1539747714996338,0,0.02194104716181755,0.15610277652740479,0.9874970316886902,0,0,1.8628530502319336,0,1,0.9942880272865295,0.10050100088119507,0.035920001566410065,0,-0.10194699466228485,0.9939450025558472,0.04098472744226456,0,-0.03158402815461159,-0.044412728399038315,0.9985139966011047,0,0,0.5151039958000183,0,1,0.9186030030250549,-0.39374399185180664,-0.033679891377687454,0,0.39478600025177,0.9181579947471619,0.03362274914979935,0,0.017684999853372574,-0.044182728976011276,0.9988669753074646,0,0,0.21173200011253357,0,1,0.7764090299606323,-0.45869213342666626,-0.4321928024291992,0,0.6134249567985535,0.7073220610618591,0.35129088163375854,0,0.1445649117231369,-0.5378637909889221,0.830544114112854,0,-0.09657900035381317,0.22366200387477875,0.018028000369668007,1,0.34166643023490906,0.0927499309182167,0.9352338314056396,0,-0.9219948649406433,-0.15981777012348175,0.35267943143844604,0,0.1821787804365158,-0.9827790856361389,0.030910946428775787,0,-0.6075040102005005,0.945747971534729,0.000686999992467463,1,0.7925470471382141,0.5936059951782227,0.13964849710464478,0,-0.5068375468254089,0.5138699412345886,0.6921363472938538,0,0.33909550309181213,-0.6193300485610962,0.7081276774406433,0,0,1.2394499778747559,0,1,0.5606873631477356,-0.7858457565307617,-0.2609138786792755,0,0.8257977366447449,0.553801417350769,0.10659489780664444,0,0.060727134346961975,-0.2752287983894348,0.9594590663909912,0,0,1.462831974029541,0,1,0.9301615953445435,-0.36333295702934265,0.05280479043722153,0,0.36384594440460205,0.9314596056938171,-0.00009454412793274969,0,-0.04915200173854828,0.0193005483597517,0.9986050128936768,0,0,1.8628220558166504,0,1,0.9877899885177612,-0.12005999684333801,0.09927699714899063,0,0.035326000303030014,0.7932680249214172,0.6078469753265381,0,-0.15173199772834778,-0.5969190001487732,0.7878230214118958,0,0,0.27894100546836853,0,1,0.9979199767112732,-0.03600599989295006,0.05347499996423721,0,-0.02267500013113022,0.5804539918899536,0.8139770030975342,0,-0.060346998274326324,-0.813497006893158,0.5784299969673157,0,0,0.3043909966945648,0,1,0.9970809817314148,-0.01194700039923191,0.07540600001811981,0,-0.02538900077342987,0.879580020904541,0.4750730097293854,0,-0.07200200110673904,-0.4756009876728058,0.876708984375,0,0.006897000130265951,0.2651579976081848,0.06799700111150742,1,-0.6382440328598022,-0.010599832981824875,0.7697609663009644,0,0.5875679850578308,-0.6527618169784546,0.47819024324417114,0,0.4974019229412079,0.7574892044067383,0.42284882068634033,0,0.7677279710769653,-0.38479098677635193,0.04862099885940552,1,0.9479809403419495,-0.1700642704963684,-0.26909008622169495,0,-0.0856059268116951,0.6779899597167969,-0.7300690412521362,0,0.3065992295742035,0.7151280045509338,0.6281628608703613,0,0,2.8149828910827637,0,1,0.911745011806488,-0.19388382136821747,0.36212003231048584,0,-0.1686941385269165,0.6270689964294434,0.7604780197143555,0,-0.37451887130737305,-0.7544490694999695,0.5390200018882751,0,0,2.666728973388672,0,1,0.9579179883003235,-0.07347805052995682,0.2774779498577118,0,-0.11957094073295593,0.7766709923744202,0.6184540390968323,0,-0.2609519958496094,-0.6256060004234314,0.7352010011672974,0,0,0.5788760185241699,0,1,-0.9049379825592041,0.3526979684829712,-0.23809899389743805,0,-0.42538097500801086,-0.7651940584182739,0.48324793577194214,0,-0.0117520522326231,0.5385929346084595,0.8424840569496155,0,-0.7677279710769653,-0.38479098677635193,0.06475500017404556,1,0.9896169900894165,-0.0038291658274829388,0.14367690682411194,0,0.12213201820850372,0.5494120121002197,-0.8265780210494995,0,-0.07577280700206757,0.8355429768562317,0.5441750288009644,0,0,2.815056085586548,0,1,0.8258458971977234,0.5298991799354553,-0.1928330510854721,0,0.04053003713488579,0.28530195355415344,0.9575799703598022,0,0.5624371767044067,-0.798629879951477,0.21413889527320862,0,0,2.6650030612945557,0,1,0.9787189960479736,0.0462459996342659,-0.19992700219154358,0,0.09713499993085861,0.7538049817085266,0.649878978729248,0,0.180759996175766,-0.6554679870605469,0.7332710027694702,0,0,0.5352979898452759,0,1
K0.100,0.5586789846420288,0.04565099999308586,0.8281270265579224,0,-0.11293700337409973,0.9933710098266602,0.021431000903248787,0,-0.8216590285301208,-0.1054999977350235,0.5601310133934021,0,0.026179000735282898,5.252885818481445,-0.02667899988591671,1,0.9988089799880981,-0.025404000654816628,-0.041662998497486115,0,0.032308001071214676,0.9841330051422119,0.17446599900722504,0,0.036570001393556595,-0.17560400068759918,0.9837809801101685,0,0,0.6926249861717224,-0.010666999965906143,1,0.9951300024986267,-0.05934999883174896,-0.07870099693536758,0,0.06722400337457657,0.9925609827041626,0.10150399804115295,0,0.07209199666976929,-0.1062999963760376,0.9917169809341431,0,0,0.8081579804420471,0,1,0.9951300024986267,-0.059317998588085175,-0.07872500270605087,0,0.050957001745700836,0.9932429790496826,-0.10426799952983856,0,0.08437799662351608,0.09974800050258636,0.9914289712905884,0,0,0.9236099720001221,0,1,0.974111020565033,0.01793600060045719,-0.2253579944372177,0,0.0008510003099218011,0.9965500235557556,0.08299300074577332,0,0.22606900334358215,-0.08103600144386292,0.9707350134849548,0,0,1.0390599966049194,0,1,0.9080389738082886,-0.14851799607276917,-0.3916729986667633,0,0.10635499656200409,0.9861379861831665,-0.12736299633979797,0,0.40515899658203125,0.07399400323629379,0.9112470149993896,0,0,0.4586620032787323,0.06377600133419037,1,0.16626299917697906,-0.026058999821543694,-0.9857370257377625,0,0.957735002040863,-0.23369599878787994,0.16771799325942993,0,-0.2347330003976822,-0.9719610214233398,-0.013898000121116638,0,0.6075040102005005,0.945813000202179,-0.003561000106856227,1,0.98682701587677,-0.05157500132918358,0.15333600342273712,0,-0.042068000882864,0.8334059715270996,0.5510579943656921,0,-0.1562120020389557,-0.5502499938011169,0.8202580213546753,0,0,1.2394499778747559,0,1,0.8217880129814148,0.5158470273017883,0.24200500547885895,0,-0.5475069880485535,0.8325080275535583,0.08465699851512909,0,-0.15780100226402283,-0.20206999778747559,0.966575026512146,0,0,1.4628150463104248,0,1,0.9945549964904785,0.09796600043773651,-0.03554999828338623,0,-0.10282299667596817,0.9780009984970093,-0.1814969927072525,0,0.016986999660730362,0.18416400253772736,0.9827489852905273,0,0,1.8628530502319336,0,1,0.994268000125885,0.10077299922704697,0.03570999950170517,0,-0.10340400040149689,0.9912800192832947,0.08167999982833862,0,-0.027166999876499176,-0.0849049985408783,0.9960190057754517,0,0,0.5151039958000183,0,1,0.9186919927597046,-0.3918299973011017,-0.04973600059747696,0,0.3945760130882263,0.916113018989563,0.07104600220918655,0,0.017726000398397446,-0.08489400148391724,0.9962319731712341,0,0,0.21173200011253357,0,1,0.7696549892425537,-0.4411650002002716,-0.46152299642562866,0,0.6185169816017151,0.6944670081138611,0.3676300048828125,0,0.15832699835300446,-0.5684080123901367,0.8073689937591553,0,-0.09657900035381317,0.22366200387477875,0.018028000369668007,1,0.27292400598526,0.10134600102901459,0.956682026386261,0,-0.936722993850708,-0.19862000644207,0.2882710099220276,0,0.2192309945821762,-0.974822998046875,0.04072500020265579,0,-0.6075040102005005,0.945747971534729,0.000686999992467463,1,0.8087390065193176,0.5673400163650513,0.15513600409030914,0,-0.5304489731788635,0.5895969867706299,0.6090970039367676,0,0.25409701466560364,-0.574891984462738,0.77777498960495,0,0,1.2394499778747559,0,1,0.5636640191078186,-0.767985999584198,-0.30410701036453247,0,0.8235909938812256,0.550661027431488,0.135903999209404,0,0.06308700144290924,-0.32706400752067566,0.9428939819335938,0,0,1.462831974029541,0,1,0.9560909867286682,-0.28413501381874084,0.07181300222873688,0,0.2861059904098511,0.9580169916152954,-0.018623000010848045,0,-0.06350699812173843,0.03835200145840645,0.9972440004348755,0,0,1.8628220558166504,0,1,0.9877899885177612,-0.12005999684333801,0.09927699714899063,0,0.035326000303030014,0.7932680249214172,0.6078469753265381,0,-0.15173199772834778,-0.596917986869812,0.7878230214118958,0,0,0.27894100546836853,0,1,0.9979199767112732,-0.03600500151515007,0.053474001586437225,0,-0.02267500013113022,0.5804539918899536,0.8139770030975342,0,-0.060346998274326324,-0.813497006893158,0.5784299969673157,0,0,0.3043909966945648,0,1,0.9970809817314148,-0.01194700039923191,0.07540600001811981,0,-0.02538900077342987,0.879580020904541,0.4750730097293854,0,-0.07200200110673904,-0.4756009876728058,0.8767099976539612,0,0.006897000130265951,0.2651579976081848,0.06799700111150742,1,-0.63155198097229,-0.033573001623153687,0.7746059894561768,0,0.5882179737091064,-0.6716179847717285,0.4504770040512085,0,0.5051149725914001,0.740136981010437,0.44391000270843506,0,0.7677279710769653,-0.38479098677635193,0.04862099885940552,1,0.9579499959945679,-0.12695099413394928,-0.2573229968547821,0,-0.10113000124692917,0.6898720264434814,-0.7168329954147339,0,0.2685219943523407,0.7127130031585693,0.6480240225791931,0,0,2.8149828910827637,0,1,0.9064769744873047,-0.22274300456047058,0.35872799158096313,0,-0.14681600034236908,0.6302859783172607,0.7623540163040161,0,-0.39590999484062195,-0.74372398853302,0.5386369824409485,0,0,2.666728973388672,0,1,0.9566609859466553,-0.0663670003414154,0.2835400104522705,0,-0.12772299349308014,0.7794010043144226,0.6133689880371094,0,-0.26169800758361816,-0.623000979423523,0.7371460199356079,0,0,0.5788760185241699,0,1,-0.9070720076560974,0.3479579985141754,-0.236952006816864,0,-0.4208889901638031,-0.7610219717025757,0.4936569929122925,0,-0.008554000407457352,0.5475130081176758,0.8367540240287781,0,-0.7677279710769653,-0.38479098677635193,0.06475500017404556,1,0.9876090288162231,0.017031997442245483,0.1560090035200119,0,0.12042000144720078,0.5552340149879456,-0.8229299783706665,0,-0.1006380021572113,0.8315200209617615,0.5463029742240906,0,0,2.815056085586548,0,1,0.8423240184783936,0.5052980184555054,-0.18752199411392212,0,0.03610000014305115,0.2942509949207306,0.9550459980964661,0,0.5377619862556458,-0.811227023601532,0.22961300611495972,0,0,2.6650030612945557,0,1,0.9787189960479736,0.0462459996342659,-0.19992700219154358,0,0.09713499993085861,0.7538049817085266,0.649878978729248,0,0.180759996175766,-0.6554679870605469,0.7332710027694702,0,0,0.5352979898452759,0,1
K0.133,0.511811375617981,0.04354700446128845,0.8579933643341064,0,-0.10671499371528625,0.9942020177841187,0.013196912594139576,0,-0.8524443507194519,-0.09831498563289642,0.5134913921356201,0,0.017033904790878296,5.275272369384766,-0.04729238152503967,1,0.9991809725761414,-0.025959013029932976,-0.031030893325805664,0,0.03102099522948265,0.9839469790458679,0.17574600875377655,0,0.025969894602894783,-0.17656399309635162,0.9839460253715515,0,0,0.6926249861717224,-0.010666999965906143,1,0.996662974357605,-0.058288007974624634,-0.05714777857065201,0,0.06403498351573944,0.9924600124359131,0.10451502352952957,0,0.05062577873468399,-0.10782600939273834,0.9928799867630005,0,0,0.8081579804420471,0,1,0.996662974357605,-0.05826500803232193,-0.057171780616045,0,0.05225202813744545,0.9934560060501099,-0.10155997425317764,0,0.06271478533744812,0.09823299199342728,0.9931849837303162,0,0,0.9236099720001221,0,1,0.9632598161697388,0.030602063983678818,-0.2668214738368988,0,-0.006698026787489653,0.9959149956703186,0.09004198014736176,0,0.26848751306533813,-0.08494595438241959,0.9595308899879456,0,0,1.0390599966049194,0,1,0.8976649045944214,-0.18462033569812775,-0.4001411199569702,0,0.13626328110694885,0.9797989130020142,-0.14637917280197144,0,0.4190821647644043,0.07687501609325409,0.9046879410743713,0,0,0.4586620032787323,0.06377600133419037,1,0.13043661415576935,-0.02021189220249653,-0.9912510514259338,0,0.958603024482727,-0.25267016887664795,0.13129259645938873,0,-0.25311318039894104,-0.9673409461975098,-0.013582021929323673,0,0.6075040102005005,0.945813000202179,-0.003561000106856227,1,0.9853519201278687,-0.0707482397556305,0.15516413748264313,0,-0.021668795496225357,0.8505631685256958,0.5254266858100891,0,-0.1691492348909378,-0.5210926532745361,0.8365711569786072,0,0,1.2394499778747559,0,1,0.8084357976913452,0.5532283186912537,0.20092177391052246,0,-0.5760372281074524,0.813782811164856,0.07705491781234741,0,-0.12087780982255936,-0.17803283035755157,0.9765720367431641,0,0,1.4628150463104248,0,1,0.9918490052223206,0.12157116830348969,-0.03816203400492668,0,-0.1269291788339615,0.9689449071884155,-0.21221335232257843,0,0.011177940294146538,0.21532736718654633,0.9764779210090637,0,0,1.8628530502319336,0,1,0.9942409992218018,0.1011280044913292,0.03547099605202675,0,-0.10495201498270035,0.9857608675956726,0.13137754797935486,0,-0.021679937839508057,-0.13434354960918427,0.9906979203224182,0,0,0.5151039958000183,0,1,0.91880202293396,-0.3885919451713562,-0.0692802146077156,0,0.39431899785995483,0.9115249514579773,0.11676850914955139,0,0.017774999141693115,-0.1346055567264557,0.9907398819923401,0,0,0.21173200011253357,0,1,0.760723888874054,-0.4182097315788269,-0.4963863492012024,0,0.6251240372657776,0.6778918504714966,0.38688820600509644,0,0.1746961772441864,-0.6046183705329895,0.7771216630935669,0,-0.09657900035381317,0.22366200387477875,0.018028000369668007,1,0.20257626473903656,0.1064559817314148,0.9734631180763245,0,-0.9437770247459412,-0.24397045373916626,0.22307930886745453,0,0.26124438643455505,-0.9639219045639038,0.05104810371994972,0,-0.6075040102005005,0.945747971534729,0.000686999992467463,1,0.8392243385314941,0.5248044729232788,0.1424165964126587,0,-0.5191025137901306,0.6951600313186646,0.49727681279182434,0,0.1619713306427002,-0.49125489592552185,0.8558236360549927,0,0,1.2394499778747559,0,1,0.589552104473114,-0.7199655771255493,-0.36616554856300354,0,0.8021538853645325,0.5750411748886108,0.16086317598819733,0,0.09474430978298187,-0.3885585069656372,0.9165407419204712,0,0,1.462831974029541,0,1,0.9722111821174622,-0.21670210361480713,0.08857809007167816,0,0.21898609399795532,0.9755831956863403,-0.016813984140753746,0,-0.08277212083339691,0.035743918269872665,0.9959269762039185,0,0,1.8628220558166504,0,1,0.9877899885177612,-0.12005999684333801,0.09927800297737122,0,0.035326000303030014,0.7932680249214172,0.6078469753265381,0,-0.15173199772834778,-0.5969190001487732,0.7878230214118958,0,0,0.27894100546836853,0,1,0.9979199767112732,-0.03600599989295006,0.053474001586437225,0,-0.02267399989068508,0.5804539918899536,0.8139780163764954,0,-0.060346998274326324,-0.813497006893158,0.5784299969673157,0,0,0.3043909966945648,0,1,0.9970809817314148,-0.011947999708354473,0.07540600001811981,0,-0.025388000532984734,0.879580020904541,0.4750730097293854,0,-0.07200200110673904,-0.4756009876728058,0.8767099976539612,0,0.006897000130265951,0.2651579976081848,0.06799700111150742,1,-0.6253598928451538,-0.05887526273727417,0.7781120538711548,0,0.5868229866027832,-0.6927522420883179,0.41920560598373413,0,0.5143581628799438,0.7187687754631042,0.46776822209358215,0,0.7677279710769653,-0.38479098677635193,0.04862099885940552,1,0.9684511423110962,-0.07061740756034851,-0.2389896810054779,0,-0.12105314433574677,0.7049582004547119,-0.6988417506217957,0,0.2178284078836441,0.705724835395813,0.6741683483123779,0,0,2.8149828910827637,0,1,0.8971409201622009,-0.2600042223930359,0.3571219742298126,0,-0.12060578167438507,0.633553147315979,0.7642409205436707,0,-0.4249621629714966,-0.7287028431892395,0.5370281338691711,0,0,2.666728973388672,0,1,0.9576219320297241,-0.05650809407234192,0.28243008255958557,0,-0.13434500992298126,0.7797359228134155,0.6115250587463379,0,-0.25477713346481323,-0.6235530376434326,0.7391008734703064,0,0,0.5788760185241699,0,1,-0.9110440611839294,0.33891788125038147,-0.23480595648288727,0,-0.41228988766670227,-0.7543768882751465,0.5108153223991394,0,-0.004007906652987003,0.5621822476387024,0.8270038366317749,0,-0.7677279710769653,-0.38479098677635193,0.06475500017404556,1,0.9844299554824829,0.04140029102563858,0.17083017528057098,0,0.1183529794216156,0.5624330639839172,-0.8183279633522034,0,-0.1299593448638916,0.8258059620857239,0.5487769842147827,0,0,2.815056085586548,0,1,0.8612242341041565,0.4748755991458893,-0.18106892704963684,0,0.031025949865579605,0.30648714303970337,0.9513689279556274,0,0.5072766542434692,-0.8249601721763611,0.24922123551368713,0,0,2.6650030612945557,0,1,0.9787189960479736,0.046247001737356186,-0.1999260038137436,0,0.09713400155305862,0.7538049817085266,0.649878978729248,0,0.180759996175766,-0.6554679870605469,0.7332710027694702,0,0,0.5352979898452759,0,1
