3.167,30,95,33
B0,mixamorig_Hips,-1,0.6225928664207458,0.056926049292087555,0.78047114610672,0,-0.15171824395656586,0.987206757068634,0.04902271553874016,0,-0.7676964998245239,-0.14893397688865662,0.6232647895812988,0,0.00943680014461279,5.200137615203857,-0.1001359224319458,1
B1,mixamorig_Spine,0,0.9982233643531799,-0.0269135981798172,-0.05314994603395462,0,0.0359310619533062,0.9835967421531677,0.1767645627260208,0,0.04752074554562569,-0.17836029827594757,0.9828171730041504,0,0,0.6926249861717224,-0.010666999965906143,1
B2,mixamorig_Spine1,1,0.992682695388794,-0.06498046964406967,-0.10177391767501831,0,0.07574304193258286,0.9915061593055725,0.10572262108325958,0,0.0940396636724472,-0.11265837401151657,0.9891729354858398,0,0,0.8081579804420471,0,1
B3,mixamorig_Spine2,2,0.9929197430610657,-0.0648721307516098,-0.09950781613588333,0,0.054940566420555115,0.9935201406478882,-0.09949178993701935,0,0.10531719774007797,0.0933203175663948,0.9900496006011963,0,0,0.9236099720001221,0,1
B4,mixamorig_Neck,3,0.9859462976455688,-0.018205296248197556,-0.16606466472148895,0,0.0227934792637825,0.9994016885757446,0.025761248543858528,0,0.1654990315437317,-0.029183942824602127,0.9857719540596008,0,0,1.0390599966049194,0,1
B5,mixamorig_Head,4,0.9210184216499329,-0.0789114236831665,-0.38144049048423767,0,0.0405828095972538,0.9933737516403198,-0.107517309486866,0,0.38739752769470215,0.08354556560516357,0.9181194305419922,0,0,0.4586620032787323,0.06377600133419037,1
B6,mixamorig_HeadTop_End,5,1,0,0,0,0,1,0,0,0,0,1,0,0,2.7444159984588623,0.38160499930381775,1
B7,mixamorig_LeftShoulder,3,0.2892794907093048,-0.034728508442640305,-0.9566141366958618,0,0.937262237071991,-0.19284246861934662,0.29042887687683105,0,-0.19456207752227783,-0.9806141257286072,-0.023236501961946487,0,0.6075040102005005,0.945813000202179,-0.003561000106856227,1
B8,mixamorig_LeftArm,7,0.9793371558189392,-0.01787666417658329,0.20143960416316986,0,-0.10419462621212006,0.8090905547142029,0.5783710479736328,0,-0.17332322895526886,-0.5874099731445312,0.7905104160308838,0,0,1.2394499778747559,0,1
B9,mixamorig_LeftForeArm,8,0.8421909809112549,0.4073895215988159,0.35319334268569946,0,-0.469017893075943,0.8766570091247559,0.10719862580299377,0,-0.2659585475921631,-0.25593769550323486,0.9293874502182007,0,0,1.4628150463104248,0,1
B10,mixamorig_LeftHand,9,0.9983839988708496,0.05671340972185135,-0.0008865306153893471,0,-0.05596053600311279,0.9825224280357361,-0.1774424910545349,0,-0.00917838979512453,0.1772128939628601,0.9841157793998718,0,0,1.8628530502319336,0,1
B11,mixamorig_LeftHandIndex1,10,0.994297981262207,0.10037675499916077,0.03600624203681946,0,-0.10056575387716293,0.994924008846283,0.0034620000515133142,0,-0.03547624498605728,-0.007062999997287989,0.9993460178375244,0,0,0.5151039958000183,0,1
B12,mixamorig_LeftHandIndex2,11,0.9185420274734497,-0.3948737680912018,-0.01885124482214451,0,0.3949287533760071,0.918711245059967,-0.0008762438083067536,0,0.01766524463891983,-0.006640756037086248,0.9998220205307007,0,0,0.21173200011253357,0,1
B13,mixamorig_LeftHandIndex3,12,0.7821879982948303,-0.47383299469947815,-0.40455400943756104,0,0.6089770197868347,0.7186269760131836,0.335741251707077,0,0.13163800537586212,-0.5089769959449768,0.8506550192832947,0,-0.09657900035381317,0.22366200387477875,0.018028000369668007,1
B14,mixamorig_LeftHandIndex4,13,1,0,0,0,0,1,0,0,0,0,1,0,-0.025630999356508255,0.01486000046133995,-0.010502000339329243,1
B15,mixamorig_RightShoulder,3,0.4081481099128723,0.08101770281791687,0.909313440322876,0,-0.9007446765899658,-0.12636390328407288,0.4155614376068115,0,0.148572638630867,-0.9886699318885803,0.021400325000286102,0,-0.6075040102005005,0.945747971534729,0.000686999992467463,1
B16,mixamorig_RightArm,15,0.8043918013572693,0.5936740636825562,0.022368580102920532,0,-0.41873303055763245,0.5398458242416382,0.7302238345146179,0,0.421439528465271,-0.5967514514923096,0.6828410625457764,0,0,1.2394499778747559,0,1
B17,mixamorig_RightForeArm,16,0.607677698135376,-0.767365038394928,-0.2042614221572876,0,0.7917801737785339,0.605168342590332,0.08209631592035294,0,0.06066882237792015,-0.211591899394989,0.9754512906074524,0,0,1.462831974029541,0,1
B18,mixamorig_RightHand,17,0.7992485165596008,-0.5951202511787415,-0.08383019268512726,0,0.5985193848609924,0.8007261157035828,0.02223355881869793,0,0.053893253207206726,-0.06794311106204987,0.9961702823638916,0,0,1.8628220558166504,0,1
B19,mixamorig_RightHandIndex1,18,0.9877899885177612,-0.12005999684333801,0.09927699714899063,0,0.035326000303030014,0.793267011642456,0.6078479886054993,0,-0.15173175930976868,-0.5969190001487732,0.7878230214118958,0,0,0.27894100546836853,0,1
B20,mixamorig_RightHandIndex2,19,0.9979199767112732,-0.03600500151515007,0.05347475782036781,0,-0.02267500013113022,0.5804539918899536,0.8139770030975342,0,-0.060346998274326324,-0.8134962320327759,0.5784307718276978,0,0,0.3043909966945648,0,1
B21,mixamorig_RightHandIndex3,20,0.9970809817314148,-0.011947755701839924,0.07540624588727951,0,-0.02538900077342987,0.879580020904541,0.4750730097293854,0,-0.07200200110673904,-0.4756009876728058,0.8767092227935791,0,0.006897000130265951,0.2651579976081848,0.06799700111150742,1
B22,mixamorig_RightHandIndex4,21,1,0,0,0,0,1,0,0,0,0,1,0,0.00851100031286478,0.07186800241470337,0.08019299805164337,1
B23,mixamorig_LeftUpLeg,0,-0.6317534446716309,0.028924915939569473,0.7746292352676392,0,0.5922935605049133,-0.6266549229621887,0.5064483880996704,0,0.5000748038291931,0.7787591814994812,0.3787594437599182,0,0.7677279710769653,-0.38479098677635193,0.04862099885940552,1
B24,mixamorig_LeftLeg,23,0.9326977729797363,-0.21768809854984283,-0.28755292296409607,0,-0.05985758826136589,0.6928073763847351,-0.7186299562454224,0,0.3556566536426544,0.6874764561653137,0.6331502795219421,0,0,2.8149828910827637,0,1
B25,mixamorig_LeftFoot,24,0.911342442035675,-0.1610979437828064,0.37881654500961304,0,-0.1888953000307083,0.6539704203605652,0.7325534224510193,0,-0.3657495975494385,-0.7391635775566101,0.5655595660209656,0,0,2.666728973388672,0,1
B26,mixamorig_LeftToeBase,25,0.9599581956863403,-0.08559713512659073,0.26674389839172363,0,-0.10691020637750626,0.7681723237037659,0.6312523484230042,0,-0.2589400112628937,-0.6344941854476929,0.7282624840736389,0,0,0.5788760185241699,0,1
B27,mixamorig_LeftToe_End,26,1,0,0,0,0,1,0,0,0,0,1,0,0,0.32979699969291687,0,1
B28,mixamorig_RightUpLeg,0,-0.9114732146263123,0.34235647320747375,-0.22805136442184448,0,-0.4112531840801239,-0.7461827397346497,0.523518443107605,0,0.009059895761311054,0.5709616541862488,0.8209196329116821,0,-0.7677279710769653,-0.38479098677635193,0.06475500017404556,1
B29,mixamorig_RightLeg,28,0.9911742210388184,-0.027087586000561714,0.12977002561092377,0,0.12566208839416504,0.5037976503372192,-0.8546221852302551,0,-0.042228613048791885,0.8633869886398315,0.5027551054954529,0,0,2.815056085586548,0,1
B30,mixamorig_RightFoot,29,0.8115528225898743,0.5487424731254578,-0.20065805315971375,0,0.06096110865473747,0.262026846408844,0.9631312489509583,0,0.5810884237289429,-0.7938642501831055,0.17919625341892242,0,0,2.6650030612945557,0,1
B31,mixamorig_RightToeBase,30,0.9786959886550903,0.04671066626906395,-0.1999320238828659,0,0.09707038849592209,0.752801239490509,0.651050865650177,0,0.1809203177690506,-0.6565877199172974,0.7322294116020203,0,0,0.5352979898452759,0,1
B32,mixamorig_RightToe_End,31,1,0,0,0,0,1,0,0,0,0,1,0,0,0.3322939872741699,0,1
@28,0,1,2,3,4,5,7,8,9,10,11,12,13,15,16,17,18,19,20,21,23,24,25,26,28,29,30,31
K0.000,0.637598991394043,0.040178000926971436,0.769320011138916,0,-0.1268559992313385,0.990481972694397,0.053408000618219376,0,-0.7598519921302795,-0.13164499402046204,0.6366279721260071,0,0.03330700099468231,5.21796989440918,0.0040480000898242,1,0.9981849789619446,-0.025217000395059586,-0.054680000990629196,0,0.0343639999628067,0.9842510223388672,0.17340299487113953,0,0.04944600164890289,-0.17496700584888458,0.9833319783210754,0,0,0.6926249861717224,-0.010666999965906143,1,0.9925029873847961,-0.06239800155162811,-0.1050959974527359,0,0.07285699993371964,0.9924349784851074,0.09881599992513657,0,0.09813500195741653,-0.10573200136423111,0.9895399808883667,0,0,0.8081579804420471,0,1,0.9925029873847961,-0.062355998903512955,-0.10512000322341919,0,0.05111299827694893,0.9930030107498169,-0.10644999891519547,0,0.11102300137281418,0.10027900338172913,0.9887459874153137,0,0,0.9236099720001221,0,1,0.9866660237312317,0.004459000192582607,-0.16269800066947937,0,0.004569999873638153,0.9984710216522217,0.055080000311136246,0,0.1626950055360794,-0.05508900061249733,0.9851369857788086,0,0,1.0390599966049194,0,1,0.9176589846611023,-0.08967900276184082,-0.3871159851551056,0,0.05649999901652336,0.9937499761581421,-0.09627900272607803,0,0.39333099126815796,0.06647899746894836,0.9169899821281433,0,0,0.4586620032787323,0.06377600133419037,1,0.2725909948348999,-0.03190400078892708,-0.9616010189056396,0,0.9452829957008362,-0.1773349940776825,0.2738490104675293,0,-0.17926199734210968,-0.9836329817771912,-0.018182000145316124,0,0.6075040102005005,0.945813000202179,-0.003561000106856227,1,0.9826210141181946,-0.019558999687433243,0.18459199368953705,0,-0.09865500032901764,0.7873319983482361,0.608585000038147,0,-0.15723900496959686,-0.6162189841270447,0.7717189788818359,0,0,1.2394499778747559,0,1,0.8311390280723572,0.43101900815963745,0.3513279855251312,0,-0.49030399322509766,0.866096019744873,0.09736599773168564,0,-0.2623170018196106,-0.25318199396133423,0.9311760067939758,0,0,1.4628150463104248,0,1,0.9982320070266724,0.04650599882006645,-0.03701699897646904,0,-0.05053599923849106,0.9918860197067261,-0.11665400117635727,0,0.03129199892282486,0.11831899732351303,0.9924820065498352,0,0,1.8628530502319336,0,1,0.994297981262207,0.10037700086832047,0.036006998270750046,0,-0.10056599974632263,0.994924008846283,0.0034620000515133142,0,-0.03547700121998787,-0.007062999997287989,0.9993460178375244,0,0,0.5151039958000183,0,1,0.9185420274734497,-0.3948740065097809,-0.018851999193429947,0,0.3949289917945862,0.9187110066413879,-0.0008759999764151871,0,0.01766500063240528,-0.006641000043600798,0.9998220205307007,0,0,0.21173200011253357,0,1,0.7821890115737915,-0.47383299469947815,-0.40455299615859985,0,0.6089770197868347,0.7186269760131836,0.3357410132884979,0,0.13163700699806213,-0.5089759826660156,0.8506550192832947,0,-0.09657900035381317,0.22366200387477875,0.018028000369668007,1,0.4130760133266449,0.08192700147628784,0.9070039987564087,0,-0.8982030153274536,-0.12775300443172455,0.4206070005893707,0,0.1503320038318634,-0.9884160161018372,0.02081499993801117,0,-0.6075040102005005,0.945747971534729,0.000686999992467463,1,0.8076949715614319,0.5892379879951477,0.020681999623775482,0,-0.4137539863586426,0.5414630174636841,0.7318639755249023,0,0.4200429916381836,-0.5996800065040588,0.6811370253562927,0,0,1.2394499778747559,0,1,0.6640589833259583,-0.7011889815330505,-0.2595379948616028,0,0.7397649884223938,0.666549026966095,0.09197700023651123,0,0.10850200057029724,-0.2530750036239624,0.961342990398407,0,0,1.462831974029541,0,1,0.8143640160560608,-0.5803269743919373,-0.005683000199496746,0,0.5754070281982422,0.8061059713363647,0.13819999992847443,0,-0.07562000304460526,-0.11581499874591827,0.9903879761695862,0,0,1.8628220558166504,0,1,0.9877899885177612,-0.12005999684333801,0.09927699714899063,0,0.035326000303030014,0.7932680249214172,0.6078479886054993,0,-0.15173199772834778,-0.5969190001487732,0.7878230214118958,0,0,0.27894100546836853,0,1,0.9979199767112732,-0.03600500151515007,0.05347499996423721,0,-0.02267500013113022,0.5804539918899536,0.8139770030975342,0,-0.060346998274326324,-0.8134959936141968,0.5784310102462769,0,0,0.3043909966945648,0,1,0.9970809817314148,-0.01194700039923191,0.07540600001811981,0,-0.02538900077342987,0.879580020904541,0.4750730097293854,0,-0.07200200110673904,-0.4756009876728058,0.8767099976539612,0,0.006897000130265951,0.2651579976081848,0.06799700111150742,1,-0.6478599905967712,0.015348999761044979,0.7616050243377686,0,0.5893930196762085,-0.6232929825782776,0.513929009437561,0,0.48259100317955017,0.7818379998207092,0.39476001262664795,0,0.7677279710769653,-0.38479098677635193,0.04862099885940552,1,0.9348530173301697,-0.21448999643325806,-0.2829209864139557,0,-0.072113998234272,0.6655529737472534,-0.7428579926490784,0,0.3476339876651764,0.7148659825325012,0.6067270040512085,0,0,2.8149828910827637,0,1,0.9160630106925964,-0.1626179963350296,0.366582989692688,0,-0.1914689987897873,0.6258350014686584,0.7560889720916748,0,-0.35237398743629456,-0.7628139853477478,0.5421689748764038,0,0,2.666728973388672,0,1,0.9593520164489746,-0.082007996737957,0.2700349986553192,0,-0.11032500118017197,0.7717229723930359,0.6263160109519958,0,-0.2597549855709076,-0.6306489706039429,0.7313070297241211,0,0,0.5788760185241699,0,1,-0.9072530269622803,0.3461270034313202,-0.23893000185489655,0,-0.41999098658561707,-0.7757480144500732,0.4709799885749817,0,-0.02233099937438965,0.5276470184326172,0.8491700291633606,0,-0.7677279710769653,-0.38479098677635193,0.06475500017404556,1,0.9913259744644165,-0.031210999935865402,0.12766599655151367,0,0.12380500137805939,0.5477489829063416,-0.8274319767951965,0,-0.04410399869084358,0.8360599875450134,0.546862006187439,0,0,2.815056085586548,0,1,0.8056820034980774,0.557328999042511,-0.20065300166606903,0,0.046785999089479446,0.2778089940547943,0.959496021270752,0,0.5904979705810547,-0.7824370265007019,0.1977500021457672,0,0,2.6650030612945557,0,1,0.9787189960479736,0.0462459996342659,-0.19992700219154358,0,0.09713499993085861,0.7538049817085266,0.649878978729248,0,0.180759996175766,-0.6554679870605469,0.7332710027694702,0,0,0.5352979898452759,0,1
K0.033,0.5970965623855591,0.03419797122478485,0.8014402985572815,0,-0.11044883728027344,0.9930800199508667,0.03991285711526871,0,-0.7945293188095093,-0.11234980076551437,0.5967415571212769,0,0.039158958941698074,5.2131829261779785,0.023320237174630165,1,0.9982069730758667,-0.023930974304676056,-0.05486999824643135,0,0.033190976828336716,0.9840750098228455,0.17462502419948578,0,0.049817003309726715,-0.17613303661346436,0.9831050038337708,0,0,0.6926249861717224,-0.010666999965906143,1,0.9923220276832581,-0.061926983296871185,-0.10706305503845215,0,0.07283399999141693,0.9922000169754028,0.10116305947303772,0,0.09996304661035538,-0.10818406939506531,0.9890919923782349,0,0,0.8081579804420471,0,1,0.9920690059661865,-0.06025897338986397,-0.11031205207109451,0,0.0487859770655632,0.9933900237083435,-0.10390692949295044,0,0.11584404110908508,0.09770093113183975,0.9884510040283203,0,0,0.9236099720001221,0,1,0.9869610071182251,0.0061750286258757114,-0.1608419567346573,0,0.0036839765962213278,0.998134970664978,0.060930050909519196,0,0.1609189510345459,-0.0607280470430851,0.9850980043411255,0,0,1.0390599966049194,0,1,0.9184460043907166,-0.09067106992006302,-0.3850139379501343,0,0.06055810675024986,0.99413001537323,-0.08965593576431274,0,0.3908839523792267,0.059028904885053635,0.9185450673103333,0,0,0.4586620032787323,0.06377600133419037,1,0.25397175550460815,-0.030294977128505707,-0.9667370319366455,0,0.9512510299682617,-0.1730039417743683,0.25532475113868713,0,-0.1749839335680008,-0.9844549894332886,-0.015119964256882668,0,0.6075040102005005,0.945813000202179,-0.003561000106856227,1,0.9858050346374512,-0.016783053055405617,0.16705265641212463,0,-0.08913673460483551,0.7908660769462585,0.6054629683494568,0,-0.1422777771949768,-0.6117599010467529,0.7781431078910828,0,0,1.2394499778747559,0,1,0.8264119625091553,0.44302114844322205,0.3475279211997986,0,-0.5024991035461426,0.8587498664855957,0.10021406412124634,0,-0.2540428340435028,-0.25745007395744324,0.9322990775108337,0,0,1.4628150463104248,0,1,0.9975809454917908,0.04462595656514168,-0.05330443009734154,0,-0.050501998513936996,0.9921349883079529,-0.11453194171190262,0,0.047774430364370346,0.11694696545600891,0.9919880032539368,0,0,1.8628530502319336,0,1,0.9953969717025757,0.09131979942321777,0.029081793501973152,0,-0.0924357920885086,0.9949279427528381,0.03967493027448654,0,-0.02531173825263977,-0.042179908603429794,0.9987889528274536,0,0,0.5151039958000183,0,1,0.9179540276527405,-0.3954539895057678,-0.031241321936249733,0,0.39639604091644287,0.9174458980560303,0.034099895507097244,0,0.015176936984062195,-0.043685950338840485,0.9989299178123474,0,0,0.21173200011253357,0,1,0.7763098478317261,-0.46024560928344727,-0.4307156503200531,0,0.6142401099205017,0.705824613571167,0.35287442803382874,0,0.14160123467445374,-0.5385026931762695,0.8306403756141663,0,-0.09657900035381317,0.22366200387477875,0.018028000369668007,1,0.42169612646102905,0.08701001852750778,0.9025529623031616,0,-0.8919179439544678,-0.13942304253578186,0.43016812205314636,0,0.16326604783535004,-0.9864029884338379,0.018811970949172974,0,-0.6075040102005005,0.945747971534729,0.000686999992467463,1,0.8423963189125061,0.5388404726982117,0.004366840235888958,0,-0.37556156516075134,0.5812842845916748,0.7218459248542786,0,0.38642171025276184,-0.6097201108932495,0.6920400857925415,0,0,1.2394499778747559,0,1,0.6601250767707825,-0.7026408910751343,-0.265577107667923,0,0.7441049218177795,0.6600240468978882,0.10333005338907242,0,0.10268306732177734,-0.26582810282707214,0.9585359692573547,0,0,1.462831974029541,0,1,0.8385010957717896,-0.540549635887146,0.0687117800116539,0,0.5349677801132202,0.8406121730804443,0.08473636955022812,0,-0.10356433689594269,-0.03429308906197548,0.9940309524536133,0,0,1.8628220558166504,0,1,0.9877899885177612,-0.12005999684333801,0.09927699714899063,0,0.035326000303030014,0.7932680249214172,0.6078479886054993,0,-0.15173199772834778,-0.5969190001487732,0.7878230214118958,0,0,0.27894100546836853,0,1,0.9979199767112732,-0.03600599989295006,0.053474001586437225,0,-0.02267399989068508,0.5804539918899536,0.8139770030975342,0,-0.060346998274326324,-0.813497006893158,0.5784299969673157,0,0,0.3043909966945648,0,1,0.9970809817314148,-0.01194700039923191,0.0754069983959198,0,-0.02538900077342987,0.879580020904541,0.4750719964504242,0,-0.07200200110673904,-0.475600004196167,0.8767099976539612,0,0.006897000130265951,0.2651579976081848,0.06799700111150742,1,-0.6475582122802734,-0.03681350499391556,0.7611256837844849,0,0.6043610572814941,-0.6331809163093567,0.4835590422153473,0,0.4641285240650177,0.7731280326843262,0.4322704076766968,0,0.7677279710769653,-0.38479098677635193,0.04862099885940552,1,0.9391801357269287,-0.21174581348896027,-0.27037960290908813,0,-0.07721711695194244,0.6369421482086182,-0.7670345902442932,0,0.3346325159072876,0.7412616610527039,0.5818522572517395,0,0,2.8149828910827637,0,1,0.9078117609024048,-0.17941442131996155,0.3790622651576996,0,-0.20966826379299164,0.5886325240135193,0.7807372808456421,0,-0.36320436000823975,-0.7882402539253235,0.4967502951622009,0,0,2.666728973388672,0,1,0.9554670453071594,-0.07308442890644073,0.2859048545360565,0,-0.1259613037109375,0.7751471400260925,0.6190968155860901,0,-0.2668655514717102,-0.6275388598442078,0.7314212322235107,0,0,0.5788760185241699,0,1,-0.9109520316123962,0.3479750454425812,-0.22154055535793304,0,-0.41247183084487915,-0.7759260535240173,0.4772890508174896,0,-0.0058146207593381405,0.5261668562889099,0.8503610491752625,0,-0.7677279710769653,-0.38479098677635193,0.06475500017404556,1,0.9897459745407104,-0.011252997443079948,0.14239607751369476,0,0.1250680536031723,0.5498329997062683,-0.8258579969406128,0,-0.06900104135274887,0.8351989984512329,0.545602023601532,0,0,2.815056085586548,0,1,0.8176770210266113,0.5421169996261597,-0.19368396699428558,0,0.04040297120809555,0.281574010848999,0.9586880207061768,0,0.5742570161819458,-0.7917230129241943,0.20833399891853333,0,0,2.6650030612945557,0,1,0.9786779880523682,0.04707802087068558,-0.1999340057373047,0,0.09701699763536453,0.7520129680633545,0.6519700884819031,0,0.1810460090637207,-0.6574650406837463,0.7314109206199646,0,0,0.5352979898452759,0,1
K0.067,0.557608425617218,0.03136702999472618,0.8295117020606995,0,-0.09421516209840775,0.9952200055122375,0.025700140744447708,0,-0.8247407078742981,-0.09248320013284683,0.5578973293304443,0,0.03520004078745842,5.202791213989258,0.04701576381921768,1,0.9982630014419556,-0.021412024274468422,-0.05488000065088272,0,0.03087502159178257,0.9835699796676636,0.17786696553230286,0,0.05016999691724777,-0.17925196886062622,0.9825230240821838,0,0,0.6926249861717224,-0.010666999965906143,1,0.9918609857559204,-0.06057901307940483,-0.11199194937944412,0,0.07268399745225906,0.9915580153465271,0.1073809415102005,0,0.10454195737838745,-0.11464693397283554,0.9878900051116943,0,0,0.8081579804420471,0,1,0.9916139841079712,-0.057649027556180954,-0.11566794663667679,0,0.04647102206945419,0.9941880106925964,-0.09711406379938126,0,0.12059495598077774,0.09092406928539276,0.9885290265083313,0,0,0.9236099720001221,0,1,0.9877319931983948,0.009017972275614738,-0.15589503943920135,0,0.0013280233833938837,0.9978100061416626,0.06613194942474365,0,0.15615004301071167,-0.06552795320749283,0.9855570197105408,0,0,1.0390599966049194,0,1,0.9204710125923157,-0.09763393551111221,-0.37841805815696716,0,0.07127689570188522,0.9939910173416138,-0.08307906985282898,0,0.3842560648918152,0.04950009286403656,0.9218989610671997,0,0,0.4586620032787323,0.06377600133419037,1,0.2291402518749237,-0.02797202207148075,-0.972991943359375,0,0.9585309624671936,-0.16752305626869202,0.23055025935173035,0,-0.16944706439971924,-0.9854710102081299,-0.011575035750865936,0,0.6075040102005005,0.945813000202179,-0.003561000106856227,1,0.9908419251441956,-0.021935949102044106,0.1332293450832367,0,-0.06262525916099548,0.7995049357414246,0.5973860621452332,0,-0.11962222307920456,-0.6002581119537354,0.7908098697662354,0,0,1.2394499778747559,0,1,0.8228880763053894,0.4573538601398468,0.3371680974960327,0,-0.5161618590354919,0.8497740626335144,0.10705693066120148,0,-0.2375531643629074,-0.26212894916534424,0.9353379607200623,0,0,1.4628150463104248,0,1,0.9945720434188843,0.03997504338622093,-0.09606657177209854,0,-0.05040699988603592,0.992792010307312,-0.10873305797576904,0,0.09102756530046463,0.1129850372672081,0.9894180297851562,0,0,1.8628530502319336,0,1,0.997439980506897,0.07099620252847672,0.008501204662024975,0,-0.07149621099233627,0.9885790348052979,0.13266707956790924,0,0.001014738343656063,-0.13293509185314178,0.9911240339279175,0,0,0.5151039958000183,0,1,0.9164050221443176,-0.3951919972896576,-0.06343667954206467,0,0.4001539647579193,0.9080930948257446,0.12346211075782776,0,0.008815063163638115,-0.1385260671377182,0.9903190732002258,0,0,0.21173200011253357,0,1,0.7594711780548096,-0.42150840163230896,-0.49551334977149963,0,0.6290318965911865,0.6700633764266968,0.3941255807876587,0,0.16589775681495667,-0.6110202670097351,0.7740365266799927,0,-0.09657900035381317,0.22366200387477875,0.018028000369668007,1,0.4339948892593384,0.08822598308324814,0.8965850472450256,0,-0.8851730823516846,-0.1434689611196518,0.4425888955593109,0,0.16767995059490204,-0.9857140183448792,0.015831029042601585,0,-0.6075040102005005,0.945747971534729,0.000686999992467463,1,0.8744366765022278,0.4850005507469177,-0.01159284170717001,0,-0.3301474452018738,0.6124116778373718,0.7183000445365906,0,0.3554753065109253,-0.6242808699607849,0.6956369280815125,0,0,1.2394499778747559,0,1,0.6677159667015076,-0.6912931203842163,-0.2761688828468323,0,0.736297070980072,0.667945921421051,0.10823294520378113,0,0.10964493453502655,-0.27561190724372864,0.9549950361251831,0,0,1.462831974029541,0,1,0.8494988679885864,-0.5066623687744141,0.14712122082710266,0,0.5093902349472046,0.8602707982063293,0.02134762890636921,0,-0.1373806595802307,0.05680709332227707,0.9888880848884583,0,0,1.8628220558166504,0,1,0.9877899885177612,-0.1200610026717186,0.09927699714899063,0,0.035326000303030014,0.7932680249214172,0.6078469753265381,0,-0.15173199772834778,-0.5969190001487732,0.7878230214118958,0,0,0.27894100546836853,0,1,0.9979199767112732,-0.03600599989295006,0.053474001586437225,0,-0.02267399989068508,0.5804539918899536,0.8139770030975342,0,-0.060346998274326324,-0.8134959936141968,0.5784299969673157,0,0,0.3043909966945648,0,1,0.9970809817314148,-0.01194700039923191,0.07540600001811981,0,-0.02538900077342987,0.879580020904541,0.4750730097293854,0,-0.07200100272893906,-0.4756009876728058,0.8767099976539612,0,0.006897000130265951,0.2651579976081848,0.06799700111150742,1,-0.6736917495727539,-0.087397500872612,0.7338262796401978,0,0.6110439300537109,-0.6243680715560913,0.4866109788417816,0,0.415648490190506,0.7762259244918823,0.4740355908870697,0,0.7677279710769653,-0.38479098677635193,0.04862099885940552,1,0.9535778760910034,-0.19183818995952606,-0.2321343868970871,0,-0.0893268808722496,0.5559618473052979,-0.8263943791389465,0,0.28759247064590454,0.8087673187255859,0.5130166411399841,0,0,2.8149828910827637,0,1,0.8865562677383423,-0.22085557878017426,0.4064987301826477,0,-0.23627972602844238,0.5392694473266602,0.8083066940307617,0,-0.39773163199424744,-0.8126567602157593,0.4259087145328522,0,0,2.666728973388672,0,1,0.9623079299926758,-0.015488572418689728,0.2715211510658264,0,-0.15617069602012634,0.7858918905258179,0.5983181595802307,0,-0.22265343368053436,-0.6181701421737671,0.7538507580757141,0,0,0.5788760185241699,0,1,-0.9187949299812317,0.35298293828964233,-0.17668944597244263,0,-0.3934301733970642,-0.7825259566307068,0.48256194591522217,0,0.03207162395119667,0.512890100479126,0.857854962348938,0,-0.7677279710769653,-0.38479098677635193,0.06475500017404556,1,0.9885810017585754,-0.010963003151118755,0.150288924574852,0,0.13164293766021729,0.5481659770011902,-0.8259440064430237,0,-0.07332795858383179,0.8362979888916016,0.5433499813079834,0,0,2.815056085586548,0,1,0.8169549703598022,0.5441589951515198,-0.19098502397537231,0,0.03736303001642227,0.28053000569343567,0.9591180086135864,0,0.5754899978637695,-0.7906919717788696,0.2088489979505539,0,0,2.6650030612945557,0,1,0.9785630106925964,0.04933497682213783,-0.19995200634002686,0,0.09671399742364883,0.7470910549163818,0.6576489210128784,0,0.18182697892189026,-0.6628889441490173,0.7263040542602539,0,0,0.5352979898452759,0,1
K0.100,0.5166659951210022,0.029722999781370163,0.8556709885597229,0,-0.07734700292348862,0.9969310164451599,0.012073000892996788,0,-0.8526859879493713,-0.07242099940776825,0.5173799991607666,0,0.028363000601530075,5.187992095947266,0.07488600164651871,1,0.9983350038528442,-0.017914000898599625,-0.05482200160622597,0,0.02765600010752678,0.982820987701416,0.1824759989976883,0,0.05061100050806999,-0.18368899822235107,0.9816809892654419,0,0,0.6926249861717224,-0.010666999965906143,1,0.991241991519928,-0.05843599885702133,-0.11842299997806549,0,0.07228299975395203,0.9905890226364136,0.11623000353574753,0,0.11051599681377411,-0.12377200275659561,0.9861369729042053,0,0,0.8081579804420471,0,1,0.9911550283432007,-0.05448000133037567,-0.12100899964570999,0,0.04403499886393547,0.9952020049095154,-0.0873740017414093,0,0.12518799304962158,0.08127199858427048,0.988798975944519,0,0,0.9236099720001221,0,1,0.9888020157814026,0.012601000256836414,-0.14870299398899078,0,-0.0020409997086972,0.9974780082702637,0.07094799727201462,0,0.1492220014333725,-0.06984999775886536,0.9863330125808716,0,0,1.0390599966049194,0,1,0.9231860041618347,-0.10874199867248535,-0.3686490058898926,0,0.0864579975605011,0.9933149814605713,-0.07649099826812744,0,0.3745020031929016,0.03874199837446213,0.9264159798622131,0,0,0.4586620032787323,0.06377600133419037,1,0.1868710070848465,-0.024104999378323555,-0.9820889830589294,0,0.9691579937934875,-0.1589680016040802,0.18831199407577515,0,-0.1606599986553192,-0.9869890213012695,-0.006345000583678484,0,0.6075040102005005,0.945813000202179,-0.003561000106856227,1,0.9961100220680237,-0.020656000822782516,0.08566699922084808,0,-0.03385800123214722,0.8078089952468872,0.5884720087051392,0,-0.08135800063610077,-0.5890830159187317,0.8039669990539551,0,0,1.2394499778747559,0,1,0.8194249868392944,0.474141001701355,0.3220750093460083,0,-0.5311899781227112,0.8392879962921143,0.11590299755334854,0,-0.21535900235176086,-0.26605701446533203,0.9395930171012878,0,0,1.4628150463104248,0,1,0.9871600270271301,0.03422100096940994,-0.15602700412273407,0,-0.05026800185441971,0.9937080144882202,-0.10009100288152695,0,0.15162000060081482,0.1066489964723587,0.9826679825782776,0,0,1.8628530502319336,0,1,0.998386025428772,0.051026999950408936,-0.024921998381614685,0,-0.042906999588012695,0.9653080105781555,0.2575649917125702,0,0.03720099851489067,-0.2560800015926361,0.965939998626709,0,0,0.5151039958000183,0,1,0.9142079949378967,-0.3906579911708832,-0.10774800181388855,0,0.40524500608444214,0.8814550042152405,0.24251699447631836,0,0.00023400038480758667,-0.2653749883174896,0.9641450047492981,0,0,0.21173200011253357,0,1,0.7327439785003662,-0.36045899987220764,-0.5771970152854919,0,0.6518189907073975,0.6154360175132751,0.443136990070343,0,0.19549499452114105,-0.7009339928627014,0.6859109997749329,0,-0.09657900035381317,0.22366200387477875,0.018028000369668007,1,0.45398300886154175,0.0894400030374527,0.8865100145339966,0,-0.8740580081939697,-0.1484529972076416,0.462583988904953,0,0.1729779988527298,-0.9848669767379761,0.010780000127851963,0,-0.6075040102005005,0.945747971534729,0.000686999992467463,1,0.9056910276412964,0.423785001039505,-0.011442000046372414,0,-0.2932190001010895,0.6456900238990784,0.7050579786300659,0,0.30618101358413696,-0.6352090239524841,0.7090579867362976,0,0,1.2394499778747559,0,1,0.6739510297775269,-0.6811969876289368,-0.28593799471855164,0,0.7291409969329834,0.6756250262260437,0.10901500284671783,0,0.11892600357532501,-0.28196001052856445,0.9520270228385925,0,0,1.462831974029541,0,1,0.8582329750061035,-0.4692400097846985,0.20796500146389008,0,0.4914329946041107,0.868162989616394,-0.06918099522590637,0,-0.14808499813079834,0.16157400608062744,0.9756870269775391,0,0,1.8628220558166504,0,1,0.9877899885177612,-0.1200610026717186,0.09927599877119064,0,0.035326000303030014,0.793267011642456,0.6078479886054993,0,-0.1517309993505478,-0.5969200134277344,0.7878230214118958,0,0,0.27894100546836853,0,1,0.9979199767112732,-0.03600500151515007,0.053474001586437225,0,-0.02267500013113022,0.5804550051689148,0.8139770030975342,0,-0.06034599989652634,-0.8134959936141968,0.5784310102462769,0,0,0.3043909966945648,0,1,0.9970809817314148,-0.01194700039923191,0.0754069983959198,0,-0.02538999915122986,0.879580020904541,0.4750730097293854,0,-0.07200200110673904,-0.4756009876728058,0.8767099976539612,0,0.006897000130265951,0.2651579976081848,0.06799700111150742,1,-0.6885889768600464,-0.12075699865818024,0.7150269746780396,0,0.6204569935798645,-0.6084849834442139,0.4947519898414612,0,0.37533900141716003,0.7843239903450012,0.4939199984073639,0,0.7677279710769653,-0.38479098677635193,0.04862099885940552,1,0.9742000102996826,-0.13517500460147858,-0.18072399497032166,0,-0.10205300152301788,0.45037901401519775,-0.8869860172271729,0,0.2012930065393448,0.882544994354248,0.4249640107154846,0,0,2.8149828910827637,0,1,0.8774060010910034,-0.3137750029563904,0.3629100024700165,0,-0.18991699814796448,0.46748998761177063,0.8633570075035095,0,-0.44055700302124023,-0.8264369964599609,0.35058701038360596,0,0,2.666728973388672,0,1,0.983473002910614,0.08546899259090424,0.15961399674415588,0,-0.16407400369644165,0.7934719920158386,0.5860729813575745,0,-0.07655800879001617,-0.6025750041007996,0.7943819761276245,0,0,0.5788760185241699,0,1,-0.9263949990272522,0.35882899165153503,-0.1141669973731041,0,-0.36700400710105896,-0.7925540208816528,0.48699700832366943,0,0.08426500111818314,0.4930509924888611,0.865909993648529,0,-0.7677279710769653,-0.38479098677635193,0.06475500017404556,1,0.9877520203590393,-0.020932000130414963,0.15462100505828857,0,0.14096499979496002,0.5445550084114075,-0.8267949819564819,0,-0.06689299643039703,0.8384640216827393,0.540835976600647,0,0,2.815056085586548,0,1,0.8080019950866699,0.5575119853019714,-0.19056099653244019,0,0.0342629998922348,0.278423011302948,0.9598469734191895,0,0.5881829857826233,-0.7820879817008972,0.20586399734020233,0,0,2.6650030612945557,0,1,0.9783869981765747,0.05265900120139122,-0.19996699690818787,0,0.09630999714136124,0.7397000193595886,0.6660100221633911,0,0.1829870045185089,-0.6708739995956421,0.7186409831047058,0,0,0.5352979898452759,0,1
K0.133,0.4713834524154663,0.026976948603987694,0.8815152645111084,0,-0.058877795934677124,0.9982650279998779,0.0009349279571324587,0,-0.879960298538208,-0.05234279856085777,0.4721544682979584,0,0.018465887755155563,5.170217990875244,0.10597033053636551,1,0.9984099864959717,-0.013251947239041328,-0.054784998297691345,0,0.02333894930779934,0.9819290041923523,0.18780405819416046,0,0.05130600929260254,-0.18878404796123505,0.9806770086288452,0,0,0.6926249861717224,-0.010666999965906143,1,0.9906089901924133,-0.05563196539878845,-0.12489305436611176,0,0.07150898873806,0.9893890023231506,0.12647810578346252,0,0.11653104424476624,-0.1342221051454544,0.9840760231018066,0,0,0.8081579804420471,0,1,0.9907119870185852,-0.050737954676151276,-0.12615704536437988,0,0.04134497046470642,0.9962509870529175,-0.0759928822517395,0,0.12954004108905792,0.07007189095020294,0.9890949726104736,0,0,0.9236099720001221,0,1,0.9899939894676208,0.016560038551688194,-0.1401309072971344,0,-0.005972040351480246,0.9971169829368591,0.07564505189657211,0,0.14097991585731506,-0.07405104488134384,0.9872390031814575,0,0,1.0390599966049194,0,1,0.9260910153388977,-0.12212814390659332,-0.3569868803024292,0,0.10392017662525177,0.9921309947967529,-0.06982793658971786,0,0.36270588636398315,0.027568889781832695,0.9314960837364197,0,0,0.4586620032787323,0.06377600133419037,1,0.14762260019779205,-0.020875971764326096,-0.9888230562210083,0,0.9773420691490173,-0.15025590360164642,0.14908060431480408,0,-0.15168888866901398,-0.9884269833564758,-0.0017779564950615168,0,0.6075040102005005,0.945813000202179,-0.003561000106856227,1,0.9991210103034973,-0.02934510074555874,0.02993740141391754,0,0.0066414279863238335,0.8159210681915283,0.5781249403953552,0,-0.041391562670469284,-0.5774179697036743,0.8153990507125854,0,0,1.2394499778747559,0,1,0.8149279356002808,0.49337321519851685,0.30409783124923706,0,-0.547508180141449,0.8274468779563904,0.12476206570863724,0,-0.1900707483291626,-0.26816800236701965,0.9444360733032227,0,0,1.4628150463104248,0,1,0.9742228388786316,0.028945963829755783,-0.2237216681241989,0,-0.05009499564766884,0.9947310090065002,-0.0894438773393631,0,0.21995367109775543,0.09834590554237366,0.9705398082733154,0,0,1.8628530502319336,0,1,0.9969879388809204,0.04063701629638672,-0.0660603940486908,0,-0.011855714954435825,0.9215854406356812,0.3879941403865814,0,0.0766463577747345,-0.38604211807250977,0.9192913770675659,0,0,0.5151039958000183,0,1,0.9117130041122437,-0.38015785813331604,-0.15575742721557617,0,0.4107310473918915,0.8351923823356628,0.36572203040122986,0,-0.008945083245635033,-0.397408127784729,0.9175984263420105,0,0,0.21173200011253357,0,1,0.6992676258087158,-0.2845802307128906,-0.6557735800743103,0,0.679412305355072,0.5498553514480591,0.485858291387558,0,0.22231519222259521,-0.7852856516838074,0.5778429508209229,0,-0.09657900035381317,0.22366200387477875,0.018028000369668007,1,0.4797062277793884,0.09146104753017426,0.8726499080657959,0,-0.8587508201599121,-0.1551821082830429,0.48833027482032776,0,0.18008211255073547,-0.9836429953575134,0.004099929705262184,0,-0.6075040102005005,0.945747971534729,0.000686999992467463,1,0.9321062564849854,0.3621842563152313,-0.0009720574598759413,0,-0.2585914433002472,0.6673792004585266,0.6983810067176819,0,0.25359153747558594,-0.6507132053375244,0.7157260179519653,0,0,1.2394499778747559,0,1,0.6689141988754272,-0.686755895614624,-0.28446489572525024,0,0.7291897535324097,0.6805443167686462,0.0717063695192337,0,0.1443464457988739,-0.25539442896842957,0.9560010433197021,0,0,1.462831974029541,0,1,0.8726950883865356,-0.4193485677242279,0.2501014173030853,0,0.46319779753685,0.8730509877204895,-0.1524105817079544,0,-0.15443821251392365,0.2488536536693573,0.9561487436294556,0,0,1.8628220558166504,0,1,0.9877899885177612,-0.1200610026717186,0.09927699714899063,0,0.035326000303030014,0.7932680249214172,0.6078479886054993,0,-0.15173199772834778,-0.5969190001487732,0.7878230214118958,0,0,0.27894100546836853,0,1,0.9979199767112732,-0.03600500151515007,0.053474001586437225,0,-0.02267399989068508,0.5804539918899536,0.8139770030975342,0,-0.06034599989652634,-0.813497006893158,0.5784299969673157,0,0,0.3043909966945648,0,1,0.9970809817314148,-0.01194700039923191,0.07540600001811981,0,-0.02538900077342987,0.879580020904541,0.4750730097293854,0,-0.07200200110673904,-0.4756009876728058,0.8767099976539612,0,0.006897000130265951,0.2651579976081848,0.06799700111150742,1,-0.6991792321205139,-0.1452053040266037,0.7000457048416138,0,0.6268039345741272,-0.5954809784889221,0.5025131106376648,0,0.34389564394950867,0.7901379466056824,0.5073633193969727,0,0.7677279710769653,-0.38479098677635193,0.04862099885940552,1,0.9822690486907959,-0.10653596371412277,-0.15426479279994965,0,-0.10989097505807877,0.33948785066604614,-0.934169352054596,0,0.15189377963542938,0.9345573782920837,0.321760892868042,0,0,2.8149828910827637,0,1,0.8654100894927979,-0.3852318227291107,0.3204108476638794,0,-0.1667431890964508,0.38159945607185364,0.9091631770133972,0,-0.47250667214393616,-0.8402252793312073,0.2660055160522461,0,0,2.666728973388672,0,1,0.9838648438453674,0.08473651111125946,0.15757295489311218,0,-0.16131317615509033,0.8010590076446533,0.5764399766921997,0,-0.07737904042005539,-0.5925580859184265,0.8018027544021606,0,0,0.5788760185241699,0,1,-0.9306880235671997,0.36313900351524353,-0.044157326221466064,0,-0.33672067523002625,-0.8032290935516357,0.49136805534362793,0,0.14296656847000122,0.4721798300743103,0.8698319792747498,0,-0.7677279710769653,-0.38479098677635193,0.06475500017404556,1,0.986581027507782,-0.02804902382194996,0.1608460694551468,0,0.1503620743751526,0.5400319695472717,-0.8281049728393555,0,-0.0636340081691742,0.8411769866943359,0.5370019674301147,0,0,2.815056085586548,0,1,0.7919718623161316,0.5799681544303894,-0.19083397090435028,0,0.024033883586525917,0.2827010154724121,0.9589070081710815,0,0.6100841760635376,-0.7640138864517212,0.20995205640792847,0,0,2.6650030612945557,0,1,0.9781609773635864,0.056698042899370193,-0.19996599853038788,0,0.09588199108839035,0.7305038571357727,0.6761441230773926,0,0.18441201746463776,-0.6805511116981506,0.7091138958930969,0,0,0.5352979898452759,0,1
