2.267,30,68,33
B0,mixamorig_Hips,-1,0.8066310286521912,0.12109441310167313,0.5762125253677368,0,-0.07156387716531754,0.99156254529953,-0.10718122124671936,0,-0.5844097137451172,0.04481726139783859,0.8085314035415649,0,0.07396697998046875,5.4671311378479,0.7925093770027161,1
B1,mixamorig_Spine,0,0.9914717674255371,0.05547862872481346,0.11789173632860184,0,-0.06802956759929657,0.992116391658783,0.1051911786198616,0,-0.1111222580075264,-0.11231692880392075,0.9874318838119507,0,0,0.6926249861717224,-0.010666999965906143,1
B2,mixamorig_Spine1,1,0.9904178380966187,0.0017981722485274076,0.13801373541355133,0,0.001622277544811368,0.9996654391288757,-0.02486126311123371,0,-0.13799935579299927,0.024838421493768692,0.9900904893875122,0,0,0.8081579804420471,0,1
B3,mixamorig_Spine2,2,0.992191731929779,0.027138272300362587,0.12163994461297989,0,-0.00010123324318556115,0.9761071801185608,-0.21718990802764893,0,-0.1246190145611763,0.21547579765319824,0.9684920310974121,0,0,0.9236099720001221,0,1
B4,mixamorig_Neck,3,0.9142868518829346,-0.014419512823224068,-0.40468230843544006,0,0.014155327342450619,0.9997842311859131,-0.003881660755723715,0,0.4045867621898651,-0.002230247249826789,0.9143744111061096,0,0,1.0390599966049194,0,1
B5,mixamorig_Head,4,0.8520548939704895,-0.31483688950538635,-0.41815945506095886,0,0.2576041519641876,0.9476646184921265,-0.18859505653381348,0,0.45565199851989746,0.05296589806675911,0.8885692954063416,0,0,0.4586620032787323,0.06377600133419037,1
B6,mixamorig_HeadTop_End,5,1,0,0,0,0,1,0,0,0,0,1,0,0,2.7444159984588623,0.38160499930381775,1
B7,mixamorig_LeftShoulder,3,0.051121801137924194,-0.00026809488190338016,-0.9986878037452698,0,0.9934343695640564,-0.10238439589738846,0.05087992921471596,0,-0.10226557403802872,-0.99474036693573,-0.004958834033459425,0,0.6075040102005005,0.945813000202179,-0.003561000106856227,1
B8,mixamorig_LeftArm,7,0.910713791847229,-0.3803321421146393,0.16057150065898895,0,0.32235652208328247,0.8980873823165894,0.298920601606369,0,-0.25790444016456604,-0.2205163687467575,0.9406644105911255,0,0,1.2394499778747559,0,1
B9,mixamorig_LeftForeArm,8,0.7756777405738831,0.4320865273475647,-0.45963552594184875,0,-0.30997058749198914,0.8954703211784363,0.31868067383766174,0,0.5493178963661194,-0.10486222803592682,0.828926682472229,0,0,1.4628150463104248,0,1
B10,mixamorig_LeftHand,9,0.9420044422149658,0.08328759670257568,0.3250778913497925,0,-0.13383443653583527,0.9815500974655151,0.13625997304916382,0,-0.3077120780944824,-0.17187081277370453,0.9357827305793762,0,0,1.8628530502319336,0,1
B11,mixamorig_LeftHandIndex1,10,0.9814881682395935,0.11065363138914108,0.15526947379112244,0,-0.08864656835794449,0.9859809875488281,-0.1402297019958496,0,-0.16862455010414124,0.12385232746601105,0.9775373339653015,0,0,0.5151039958000183,0,1
B12,mixamorig_LeftHandIndex2,11,0.9193759560585022,-0.3932507038116455,-0.00913317035883665,0,0.3915368914604187,0.9170805811882019,-0.07517854124307632,0,0.03794069588184357,0.06554209440946579,0.9971140027046204,0,0,0.21173200011253357,0,1
B13,mixamorig_LeftHandIndex3,12,0.802670419216156,-0.5205188989639282,-0.2910878658294678,0,0.5928387641906738,0.749748170375824,0.2938925325870514,0,0.06526464223861694,-0.40846744179725647,0.9103842973709106,0,-0.09657900035381317,0.22366200387477875,0.018028000369668007,1
B14,mixamorig_LeftHandIndex4,13,1,0,0,0,0,1,0,0,0,0,1,0,-0.025630999356508255,0.01486000046133995,-0.010502000339329243,1
B15,mixamorig_RightShoulder,3,-0.20355713367462158,-0.17355038225650787,0.9635464549064636,0,-0.958543598651886,0.23557300865650177,-0.1600666642189026,0,-0.199201300740242,-0.9561993479728699,-0.21434731781482697,0,-0.6075040102005005,0.945747971534729,0.000686999992467463,1
B16,mixamorig_RightArm,15,0.39627161622047424,0.1402040719985962,-0.9056835770606995,0,-0.4028846025466919,0.9135327935218811,-0.035606421530246735,0,0.8240074515342712,0.3780975639820099,0.4198344051837921,0,0,1.2394499778747559,0,1
B17,mixamorig_RightForeArm,16,0.4535582661628723,-0.8638433218002319,0.18041132390499115,0,0.8818677067756653,0.462271124124527,-0.006533362902700901,0,-0.07182852178812027,0.1675649732351303,0.9796647429466248,0,0,1.462831974029541,0,1
B18,mixamorig_RightHand,17,0.7555213570594788,-0.13782848417758942,-0.624348521232605,0,-0.19040124118328094,0.8849218487739563,-0.4193655550479889,0,0.6156253814697266,0.43005335330963135,0.6469544172286987,0,0,1.8628220558166504,0,1
B19,mixamorig_RightHandIndex1,18,0.9877899885177612,-0.12006024271249771,0.09927724301815033,0,0.035326000303030014,0.7932680249214172,0.6078469753265381,0,-0.15173199772834778,-0.596917986869812,0.7878237366676331,0,0,0.27894100546836853,0,1
B20,mixamorig_RightHandIndex2,19,0.9979199767112732,-0.03600500151515007,0.053474754095077515,0,-0.02267500013113022,0.5804539918899536,0.8139770030975342,0,-0.060346998274326324,-0.8134967684745789,0.5784299969673157,0,0,0.3043909966945648,0,1
B21,mixamorig_RightHandIndex3,20,0.9970809817314148,-0.01194700039923191,0.07540600001811981,0,-0.02538900077342987,0.879580020904541,0.4750730097293854,0,-0.07200175523757935,-0.4756009876728058,0.8767099976539612,0,0.006897000130265951,0.2651579976081848,0.06799700111150742,1
B22,mixamorig_RightHandIndex4,21,1,0,0,0,0,1,0,0,0,0,1,0,0.00851100031286478,0.07186800241470337,0.08019299805164337,1
B23,mixamorig_LeftUpLeg,0,-0.9373781681060791,-0.06233598664402962,0.34047678112983704,0,0.23938080668449402,-0.8260510563850403,0.5090093016624451,0,0.25008106231689453,0.5598063468933105,0.7894405722618103,0,0.7677279710769653,-0.38479098677635193,0.04862099885940552,1
B24,mixamorig_LeftLeg,23,0.9620411396026611,-0.1898927092552185,-0.1951247602701187,0,-0.029720371589064598,0.6390203833580017,-0.7684862017631531,0,0.2706814110279083,0.7453675270080566,0.6091058254241943,0,0,2.8149828910827637,0,1
B25,mixamorig_LeftFoot,24,0.8567900061607361,-0.14554093778133392,0.4945995807647705,0,-0.34668442606925964,0.547382652759552,0.761621356010437,0,-0.3816591799259186,-0.8240880370140076,0.4185650944709778,0,0,2.666728973388672,0,1
B26,mixamorig_LeftToeBase,25,0.9325240254402161,-0.09631307423114777,0.347944974899292,0,-0.15914997458457947,0.7553742527961731,0.6356260180473328,0,-0.3240497410297394,-0.6481514573097229,0.6891197562217712,0,0,0.5788760185241699,0,1
B27,mixamorig_LeftToe_End,26,1,0,0,0,0,1,0,0,0,0,1,0,0,0.32979699969291687,0,1
B28,mixamorig_RightUpLeg,0,-0.7804105877876282,0.5762823224067688,-0.2415919452905655,0,-0.5673405528068542,-0.8156729936599731,-0.1113487184047699,0,-0.26122167706489563,0.04997548460960388,0.9635686874389648,0,-0.7677279710769653,-0.38479098677635193,0.06475500017404556,1
B29,mixamorig_RightLeg,28,0.9918544888496399,-0.05963018909096718,0.1125374287366867,0,0.10902254283428192,0.854330837726593,-0.5079746842384338,0,-0.06584389507770538,0.5161069631576538,0.8538747429847717,0,0,2.815056085586548,0,1
B30,mixamorig_RightFoot,29,0.7889251708984375,0.5150776505470276,-0.3333492875099182,0,0.023124584928154945,0.5185030102729797,0.8537940382957458,0,0.6136784553527832,-0.6810270547866821,0.39763885736465454,0,0,2.6650030612945557,0,1
B31,mixamorig_RightToeBase,30,0.9421355128288269,0.13779018819332123,-0.30132436752319336,0,0.1203714981675148,0.707840621471405,0.6955018043518066,0,0.3092794120311737,-0.6913555264472961,0.6504395604133606,0,0,0.5352979898452759,0,1
B32,mixamorig_RightToe_End,31,1,0,0,0,0,1,0,0,0,0,1,0,0,0.3322939872741699,0,1
@28,0,1,2,3,4,5,7,8,9,10,11,12,13,15,16,17,18,19,20,21,23,24,25,26,28,29,30,31
K0.000,0.637598991394043,0.040178000926971436,0.769320011138916,0,-0.1268559992313385,0.990481972694397,0.053408000618219376,0,-0.7598519921302795,-0.13164499402046204,0.6366279721260071,0,0.033305998891592026,5.2179670333862305,0.004046999849379063,1,0.9981859922409058,-0.025217000395059586,-0.05467899888753891,0,0.034363001585006714,0.9842519760131836,0.17340099811553955,0,0.04944499954581261,-0.1749659925699234,0.9833319783210754,0,0,0.6926249861717224,-0.010666999965906143,1,0.9925029873847961,-0.06239800155162811,-0.1050959974527359,0,0.07285699993371964,0.9924349784851074,0.09881599992513657,0,0.09813500195741653,-0.10573200136423111,0.9895399808883667,0,0,0.8081579804420471,0,1,0.9925029873847961,-0.06235700100660324,-0.10512000322341919,0,0.05111299827694893,0.9930030107498169,-0.10644999891519547,0,0.11102300137281418,0.10027900338172913,0.9887459874153137,0,0,0.9236099720001221,0,1,0.9866660237312317,0.004459000192582607,-0.16269800066947937,0,0.004573000129312277,0.9984710216522217,0.055093999952077866,0,0.1626950055360794,-0.05510399863123894,0.9851359724998474,0,0,1.0390599966049194,0,1,0.9176599979400635,-0.08968300372362137,-0.3871150016784668,0,0.05649900063872337,0.9937490224838257,-0.0962890014052391,0,0.39333000779151917,0.06648799777030945,0.9169899821281433,0,0,0.4586620032787323,0.06377600133419037,1,0.27300599217414856,-0.031950999051332474,-0.9614819884300232,0,0.9451500177383423,-0.17740100622177124,0.27426400780677795,0,-0.1793310046195984,-0.9836199879646301,-0.018232999369502068,0,0.6075040102005005,0.945813000202179,-0.003561000106856227,1,0.9826059937477112,-0.01996999979019165,0.18462400138378143,0,-0.0983320027589798,0.7874240279197693,0.6085180044174194,0,-0.15752899646759033,-0.6160879731178284,0.7717639803886414,0,0,1.2394499778747559,0,1,0.8311390280723572,0.43101799488067627,0.3513279855251312,0,-0.49030300974845886,0.866096019744873,0.09736599773168564,0,-0.2623170018196106,-0.25318199396133423,0.9311760067939758,0,0,1.4628150463104248,0,1,0.9982320070266724,0.04650700092315674,-0.037018001079559326,0,-0.050537001341581345,0.9918860197067261,-0.11665300279855728,0,0.03129199892282486,0.11831700056791306,0.9924830198287964,0,0,1.8628530502319336,0,1,0.994297981262207,0.10037700086832047,0.036006998270750046,0,-0.10056599974632263,0.994924008846283,0.0034620000515133142,0,-0.03547700121998787,-0.007062999997287989,0.9993460178375244,0,0,0.5151039958000183,0,1,0.9185420274734497,-0.3948740065097809,-0.018851999193429947,0,0.3949289917945862,0.9187110066413879,-0.0008759999764151871,0,0.01766500063240528,-0.006641000043600798,0.9998220205307007,0,0,0.21173200011253357,0,1,0.7821890115737915,-0.47383299469947815,-0.40455299615859985,0,0.6089770197868347,0.7186269760131836,0.3357419967651367,0,0.13163800537586212,-0.5089769959449768,0.8506550192832947,0,-0.09657900035381317,0.22366200387477875,0.018028000369668007,1,0.41367799043655396,0.08195199817419052,0.9067270159721375,0,-0.8979189991950989,-0.12777000665664673,0.4212070107460022,0,0.1503710001707077,-0.9884120225906372,0.0207310002297163,0,-0.6075040102005005,0.945747971534729,0.000686999992467463,1,0.8073070049285889,0.5897719860076904,0.02059200033545494,0,-0.41406700015068054,0.5412420034408569,0.7318500280380249,0,0.42048001289367676,-0.5993549823760986,0.6811540126800537,0,0,1.2394499778747559,0,1,0.6640589833259583,-0.7011889815330505,-0.259537011384964,0,0.7397649884223938,0.666549026966095,0.09197700023651123,0,0.10850100219249725,-0.2530750036239624,0.961342990398407,0,0,1.462831974029541,0,1,0.8143640160560608,-0.5803269743919373,-0.005683999974280596,0,0.5754070281982422,0.8061059713363647,0.13819900155067444,0,-0.07561899721622467,-0.11581499874591827,0.9903879761695862,0,0,1.8628220558166504,0,1,0.9877899885177612,-0.12005999684333801,0.09927699714899063,0,0.035326000303030014,0.793267011642456,0.6078479886054993,0,-0.15173199772834778,-0.5969190001487732,0.7878230214118958,0,0,0.27894100546836853,0,1,0.9979199767112732,-0.03600500151515007,0.05347499996423721,0,-0.02267500013113022,0.5804539918899536,0.8139770030975342,0,-0.060346998274326324,-0.813497006893158,0.5784299969673157,0,0,0.3043909966945648,0,1,0.9970809817314148,-0.01194700039923191,0.0754069983959198,0,-0.02538900077342987,0.879580020904541,0.4750730097293854,0,-0.07200200110673904,-0.4756009876728058,0.876708984375,0,0.006897000130265951,0.2651579976081848,0.06799700111150742,1,-0.6478599905967712,0.015348999761044979,0.7616050243377686,0,0.5893930196762085,-0.6232929825782776,0.5139279961585999,0,0.48259100317955017,0.7818379998207092,0.39476001262664795,0,0.7677279710769653,-0.38479098677635193,0.04862099885940552,1,0.9348530173301697,-0.21448999643325806,-0.2829200029373169,0,-0.07211299985647202,0.6655529737472534,-0.7428590059280396,0,0.3476339876651764,0.7148659825325012,0.6067259907722473,0,0,2.8149828910827637,0,1,0.9160630106925964,-0.1626179963350296,0.366582989692688,0,-0.1914689987897873,0.6258350014686584,0.7560889720916748,0,-0.35237398743629456,-0.762814998626709,0.5421680212020874,0,0,2.666728973388672,0,1,0.9593520164489746,-0.082007996737957,0.2700349986553192,0,-0.11032400280237198,0.7717229723930359,0.626317024230957,0,-0.2597549855709076,-0.630649983882904,0.7313060164451599,0,0,0.5788760185241699,0,1,-0.9072530269622803,0.346127986907959,-0.23893000185489655,0,-0.41999199986457825,-0.7757499814033508,0.47097599506378174,0,-0.022331999614834785,0.5276439785957336,0.8491719961166382,0,-0.7677279710769653,-0.38479098677635193,0.06475500017404556,1,0.9913259744644165,-0.031210999935865402,0.12766699492931366,0,0.12380500137805939,0.547756016254425,-0.8274270296096802,0,-0.04410500079393387,0.8360559940338135,0.5468689799308777,0,0,2.815056085586548,0,1,0.8056809902191162,0.5573279857635498,-0.200655996799469,0,0.046785999089479446,0.27781400084495544,0.9594950079917908,0,0.5904989838600159,-0.7824349999427795,0.19775499403476715,0,0,2.6650030612945557,0,1,0.9787189960479736,0.0462459996342659,-0.1999260038137436,0,0.09713499993085861,0.7538059949874878,0.649878978729248,0,0.180759996175766,-0.6554679870605469,0.7332720160484314,0,0,0.5352979898452759,0,1
K0.033,0.6266818642616272,0.04719506576657295,0.7778450846672058,0,-0.11578988283872604,0.9927229881286621,0.03305580094456673,0,-0.770625114440918,-0.11078279465436935,0.6275869011878967,0,0.03368702158331871,5.22907018661499,0.016145246103405952,1,0.998691976070404,-0.01942792348563671,-0.04729786142706871,0,0.027302902191877365,0.9847180247306824,0.17200098931789398,0,0.043233878910541534,-0.17306797206401825,0.9839609861373901,0,0,0.6926249861717224,-0.010666999965906143,1,0.9930499792098999,-0.06189596280455589,-0.1000998392701149,0,0.07149294018745422,0.9928759932518005,0.09531695395708084,0,0.09348684549331665,-0.10181093961000443,0.990401029586792,0,0,0.8081579804420471,0,1,0.9930850267410278,-0.05923093482851982,-0.10136385262012482,0,0.04815894737839699,0.9929419755935669,-0.1083880290389061,0,0.10706785321235657,0.10275604575872421,0.9889270067214966,0,0,0.9236099720001221,0,1,0.9837899208068848,-0.0002550506906118244,-0.17932730913162231,0,0.00920806359499693,0.9987519979476929,0.049093976616859436,0,0.17909030616283417,-0.04994998872280121,0.9825639128684998,0,0,1.0390599966049194,0,1,0.9129079580307007,-0.10469125956296921,-0.3945111036300659,0,0.07289227098226547,0.9928249716758728,-0.09479201585054398,0,0.4016041159629822,0.05777989327907562,0.9139889478683472,0,0,0.4586620032787323,0.06377600133419037,1,0.2547156810760498,-0.031158961355686188,-0.9665140509605408,0,0.949673056602478,-0.18038198351860046,0.2560926675796509,0,-0.1823209822177887,-0.9831029772758484,-0.01635497249662876,0,0.6075040102005005,0.945813000202179,-0.003561000106856227,1,0.9827280044555664,-0.02458917163312435,0.18341293931007385,0,-0.09423083811998367,0.786516010761261,0.610338032245636,0,-0.15926505625247955,-0.6170799732208252,0.7706149816513062,0,0,1.2394499778747559,0,1,0.8324030637741089,0.44567322731018066,0.32936355471611023,0,-0.5010842084884644,0.859143853187561,0.103858083486557,0,-0.23668350279331207,-0.25149089097976685,0.9384741187095642,0,0,1.4628150463104248,0,1,0.9981639981269836,0.050286080688238144,-0.03377766162157059,0,-0.05346304923295975,0.9934629797935486,-0.10086271166801453,0,0.02848467230796814,0.10248369723558426,0.9943270683288574,0,0,1.8628530502319336,0,1,0.9943289756774902,0.10092300921678543,0.03351994976401329,0,-0.10109701007604599,0.9948700070381165,0.0035150207113474607,0,-0.032992951571941376,-0.006884015630930662,0.9994320273399353,0,0,0.5151039958000183,0,1,0.9185889959335327,-0.39455801248550415,-0.022774048149585724,0,0.3946110010147095,0.918844997882843,-0.002345010405406356,0,0.02185104787349701,-0.006833009421825409,0.9997379779815674,0,0,0.21173200011253357,0,1,0.7837479710578918,-0.47606703639030457,-0.39887192845344543,0,0.6080710291862488,0.7189249992370605,0.336743026971817,0,0.1264469474554062,-0.5064650177955627,0.8529390096664429,0,-0.09657900035381317,0.22366200387477875,0.018028000369668007,1,0.366382360458374,0.06988181918859482,0.9278362393379211,0,-0.9190952181816101,-0.12822802364826202,0.3725883364677429,0,0.14501196146011353,-0.9892799854278564,0.017247922718524933,0,-0.6075040102005005,0.945747971534729,0.000686999992467463,1,0.8077549934387207,0.5893189907073975,0.015347088687121868,0,-0.4116421341896057,0.5452030897140503,0.7302768230438232,0,0.4219978153705597,-0.5962018966674805,0.682979166507721,0,0,1.2394499778747559,0,1,0.6616945862770081,-0.7118014693260193,-0.23558375239372253,0,0.7461044192314148,0.6561563611030579,0.11307960748672485,0,0.0740891769528389,-0.25059419870376587,0.9652529358863831,0,0,1.462831974029541,0,1,0.8343172073364258,-0.5400831699371338,0.11056838184595108,0,0.5362924337387085,0.8415913581848145,0.06413806974887848,0,-0.127693772315979,0.005785378161817789,0.9917967319488525,0,0,1.8628220558166504,0,1,0.9877899885177612,-0.1200610026717186,0.09927699714899063,0,0.035326000303030014,0.793267011642456,0.6078479886054993,0,-0.15173199772834778,-0.5969190001487732,0.7878230214118958,0,0,0.27894100546836853,0,1,0.9979199767112732,-0.03600500151515007,0.05347499996423721,0,-0.02267500013113022,0.5804550051689148,0.8139770030975342,0,-0.060346998274326324,-0.8134959936141968,0.5784310102462769,0,0,0.3043909966945648,0,1,0.9970809817314148,-0.01194700039923191,0.07540600001811981,0,-0.02538900077342987,0.879580020904541,0.4750730097293854,0,-0.07200100272893906,-0.4756009876728058,0.8767099976539612,0,0.006897000130265951,0.2651579976081848,0.06799700111150742,1,-0.6492109894752502,-0.010525243356823921,0.7605350017547607,0,0.5848819613456726,-0.6461362242698669,0.49032777547836304,0,0.48624804615974426,0.7631497979164124,0.4256342947483063,0,0.7677279710769653,-0.38479098677635193,0.04862099885940552,1,0.9404390454292297,-0.20861895382404327,-0.26842784881591797,0,-0.06297890841960907,0.6690030097961426,-0.7405869960784912,0,0.334078848361969,0.7133809924125671,0.6160180568695068,0,0,2.8149828910827637,0,1,0.9144049882888794,-0.16793404519557953,0.3683220148086548,0,-0.19130201637744904,0.622594952583313,0.7588010430335999,0,-0.35674402117729187,-0.7643130421638489,0.5371779203414917,0,0,2.666728973388672,0,1,0.9596139788627625,-0.08314400911331177,0.2687549591064453,0,-0.10831497609615326,0.7724840044975281,0.6257290244102478,0,-0.25963398814201355,-0.6295679807662964,0.7322800159454346,0,0,0.5788760185241699,0,1,-0.90767502784729,0.356682151556015,-0.22114282846450806,0,-0.41952404379844666,-0.7852320671081543,0.4554227888584137,0,-0.011206886731088161,0.5061507821083069,0.862372100353241,0,-0.7677279710769653,-0.38479098677635193,0.06475500017404556,1,0.9896870255470276,-0.027137907221913338,0.14065608382225037,0,0.13194701075553894,0.5549781322479248,-0.8213339447975159,0,-0.055772144347429276,0.8314219117164612,0.5528351068496704,0,0,2.815056085586548,0,1,0.8005199432373047,0.5608850121498108,-0.21113009750843048,0,0.055375076830387115,0.2815600633621216,0.9579449892044067,0,0.5967430472373962,-0.7785450220108032,0.1943349838256836,0,0,2.6650030612945557,0,1,0.9791139960289001,0.04302895441651344,-0.19870896637439728,0,0.09798801690340042,0.7564799785614014,0.6466339826583862,0,0.1781429499387741,-0.6525999903678894,0.7364640831947327,0,0,0.5352979898452759,0,1
K0.067,0.6154941320419312,0.05382593348622322,0.7863019108772278,0,-0.103919118642807,0.9944970011711121,0.013267196714878082,0,-0.7812609076499939,-0.08987721055746078,0.6177000999450684,0,0.0360419787466526,5.242393970489502,0.04069375619292259,1,0.9993640184402466,-0.011882075108587742,-0.03360813856124878,0,0.017428098246455193,0.9853100180625916,0.16988401114940643,0,0.031095121055841446,-0.17036202549934387,0.9848909974098206,0,0,0.6926249861717224,-0.010666999965906143,1,0.9947739839553833,-0.058197036385536194,-0.083897165954113,0,0.06579405814409256,0.9936910271644592,0.09082404524087906,0,0.07808215916156769,-0.09586905688047409,0.9923269748687744,0,0,0.8081579804420471,0,1,0.9948499798774719,-0.05273106321692467,-0.08656314760446548,0,0.04293005168437958,0.9928460121154785,-0.11141397058963776,0,0.0918191522359848,0.1071239560842514,0.9899970293045044,0,0,0.9236099720001221,0,1,0.9774340391159058,-0.00532294949516654,-0.21117468178272247,0,0.015531937591731548,0.9987879991531372,0.0467110238969326,0,0.21066968142986298,-0.04893701151013374,0.9763310551643372,0,0,1.0390599966049194,0,1,0.9049660563468933,-0.13083074986934662,-0.4048708975315094,0,0.10000073164701462,0.9902979731559753,-0.09648698568344116,0,0.4135668873786926,0.046830106526613235,0.9092690348625183,0,0,0.4586620032787323,0.06377600133419037,1,0.22186332941055298,-0.02721603959798813,-0.9746979475021362,0,0.958268940448761,-0.17872200906276703,0.22311432659626007,0,-0.18027201294898987,-0.9835230112075806,-0.013571027666330338,0,0.6075040102005005,0.945813000202179,-0.003561000106856227,1,0.9831479787826538,-0.04164982959628105,0.1780010610818863,0,-0.07805716246366501,0.7848359942436218,0.6147679686546326,0,-0.1653069406747818,-0.6183019876480103,0.7683590054512024,0,0,1.2394499778747559,0,1,0.8356739282608032,0.4701857566833496,0.28385645151138306,0,-0.5159769058227539,0.849195122718811,0.11241191625595093,0,-0.18819448351860046,-0.24040310084819794,0.9522548913955688,0,0,1.4628150463104248,0,1,0.9982979893684387,0.05832592025399208,0.0001206630768137984,0,-0.058166950941085815,0.9957249760627747,-0.07175128906965256,0,-0.0043046739883720875,0.07162230461835861,0.9974229335784912,0,0,1.8628530502319336,0,1,0.9943860173225403,0.10182899236679077,0.02876504696905613,0,-0.10202999413013458,0.9947659969329834,0.005579979624599218,0,-0.028046049177646637,-0.008482984267175198,0.9995710253715515,0,0,0.5151039958000183,0,1,0.9186229705810547,-0.3941740095615387,-0.027535952627658844,0,0.3942349851131439,0.9190030097961426,-0.0033849896863102913,0,0.026639951393008232,-0.0077459909953176975,0.9996150135993958,0,0,0.21173200011253357,0,1,0.7853389978408813,-0.4781399667263031,-0.3932230472564697,0,0.6071400046348572,0.7189549803733826,0.3383559584617615,0,0.12092804908752441,-0.5044659972190857,0.8549219965934753,0,-0.09657900035381317,0.22366200387477875,0.018028000369668007,1,0.3033786118030548,0.05236417427659035,0.9514297842979431,0,-0.9424097537994385,-0.1310509741306305,0.30771565437316895,0,0.14079904556274414,-0.9899920225143433,0.00959007628262043,0,-0.6075040102005005,0.945747971534729,0.000686999992467463,1,0.8092920184135437,0.5869089961051941,0.02416791208088398,0,-0.4270038604736328,0.5595479011535645,0.7103331685066223,0,0.4033781886100769,-0.5851871371269226,0.7034507989883423,0,0,1.2394499778747559,0,1,0.6182084083557129,-0.7575265169143677,-0.2096942514181137,0,0.7859755754470825,0.5931436419487,0.17441938817501068,0,-0.0077481865882873535,-0.2726427912712097,0.9620840549468994,0,0,1.462831974029541,0,1,0.8540478348731995,-0.4570828378200531,0.2483496218919754,0,0.4782145619392395,0.8777636289596558,-0.02902207337319851,0,-0.2047262340784073,0.14354963600635529,0.9682352542877197,0,0,1.8628220558166504,0,1,0.9877899885177612,-0.12005999684333801,0.09927699714899063,0,0.035326000303030014,0.7932680249214172,0.6078479886054993,0,-0.1517309993505478,-0.5969190001487732,0.7878230214118958,0,0,0.27894100546836853,0,1,0.9979199767112732,-0.03600500151515007,0.05347499996423721,0,-0.02267500013113022,0.5804529786109924,0.8139780163764954,0,-0.060346998274326324,-0.813497006893158,0.5784299969673157,0,0,0.3043909966945648,0,1,0.9970809817314148,-0.01194700039923191,0.07540600001811981,0,-0.02538900077342987,0.879580020904541,0.4750719964504242,0,-0.07200100272893906,-0.475600004196167,0.8767099976539612,0,0.006897000130265951,0.2651579976081848,0.06799700111150742,1,-0.6493129730224609,-0.03485775738954544,0.7597219944000244,0,0.5801560878753662,-0.6686097383499146,0.46516522765159607,0,0.49174293875694275,0.7427961826324463,0.454360693693161,0,0.7677279710769653,-0.38479098677635193,0.04862099885940552,1,0.9456719160079956,-0.20363104343414307,-0.2534531354904175,0,-0.05406209081411362,0.6702219843864441,-0.7401890158653259,0,0.3205951154232025,0.7136790156364441,0.6228019595146179,0,0,2.8149828910827637,0,1,0.9134650230407715,-0.1723969578742981,0.3685919940471649,0,-0.1920499950647354,0.6159330606460571,0.764030933380127,0,-0.3587449789047241,-0.7687039375305176,0.5295250415802002,0,0,2.666728973388672,0,1,0.9601979851722717,-0.08380099385976791,0.26645204424858093,0,-0.1059340238571167,0.773410975933075,0.6249909996986389,0,-0.25845101475715637,-0.6283419728279114,0.7337499856948853,0,0,0.5788760185241699,0,1,-0.9057009816169739,0.3716738522052765,-0.20387418568134308,0,-0.4239169657230377,-0.7939539551734924,0.43581122159957886,0,0.00011288749374216422,0.48114022612571716,0.8766438961029053,0,-0.7677279710769653,-0.38479098677635193,0.06475500017404556,1,0.9885560274124146,-0.01781509257853031,0.14979791641235352,0,0.1333869844675064,0.567038893699646,-0.8128190636634827,0,-0.07046084851026535,0.8234980702400208,0.5629258751869202,0,0,2.815056085586548,0,1,0.7967420816421509,0.5622820258140564,-0.22144989669322968,0,0.06323492527008057,0.28686395287513733,0.9558820128440857,0,0.6010019183158875,-0.7755950093269348,0.19300101697444916,0,0,2.6650030612945557,0,1,0.979764997959137,0.03843304514884949,-0.19642803072929382,0,0.09932898730039597,0.7586519718170166,0.6438800096511841,0,0.17376604676246643,-0.6503620147705078,0.7394829392433167,0,0,0.5352979898452759,0,1
K0.100,0.5976639986038208,0.061964001506567,0.7993490099906921,0,-0.08781299740076065,0.9960700273513794,-0.011555999517440796,0,-0.7969239950180054,-0.06328599900007248,0.6007559895515442,0,0.04169899970293045,5.257351875305176,0.08002500236034393,1,0.999891996383667,-0.0026960005052387714,-0.014467000961303711,0,0.005096000619232655,0.9856929779052734,0.16847500205039978,0,0.013806001283228397,-0.16853000223636627,0.9855999946594238,0,0,0.6926249861717224,-0.010666999965906143,1,0.9970160126686096,-0.05111299827694893,-0.057851001620292664,0,0.05611500144004822,0.9944999814033508,0.08843199908733368,0,0.053011998534202576,-0.09141500294208527,0.9944009780883789,0,0,0.8081579804420471,0,1,0.9971619844436646,-0.04265499860048294,-0.06203199923038483,0,0.03548099845647812,0.9930210113525391,-0.11247500032186508,0,0.06639599800109863,0.10995499789714813,0.9917160272598267,0,0,0.9236099720001221,0,1,0.9652019739151001,-0.006291999947279692,-0.2614290118217468,0,0.019370999187231064,0.9986839890480042,0.04747999832034111,0,0.2607870101928711,-0.050891999155282974,0.9640539884567261,0,0,1.0390599966049194,0,1,0.8859909772872925,-0.18099400401115417,-0.426921010017395,0,0.1490889936685562,0.9829810261726379,-0.10733199864625931,0,0.43908199667930603,0.03144599869847298,0.8978970050811768,0,0,0.4586620032787323,0.06377600133419037,1,0.1701900064945221,-0.02147500030696392,-0.9851769804954529,0,0.9696589708328247,-0.17439399659633636,0.17131100594997406,0,-0.17548799514770508,-0.9844419956207275,-0.008856999687850475,0,0.6075040102005005,0.945813000202179,-0.003561000106856227,1,0.9834079742431641,-0.07026199996471405,0.1672469973564148,0,-0.049674998968839645,0.7824059724807739,0.6207849979400635,0,-0.17447300255298615,-0.6187930107116699,0.7659339904785156,0,0,1.2394499778747559,0,1,0.8430569767951965,0.4926699995994568,0.21571199595928192,0,-0.524092972278595,0.8426110148429871,0.12382499873638153,0,-0.12075600028038025,-0.2174450010061264,0.9685739874839783,0,0,1.4628150463104248,0,1,0.9943299889564514,0.09006199985742569,0.056536994874477386,0,-0.08856599777936935,0.9956640005111694,-0.028433002531528473,0,-0.05885299667716026,0.023264002054929733,0.9979959726333618,0,0,1.8628530502319336,0,1,0.9944249987602234,0.10295700281858444,0.022796999663114548,0,-0.1031780019402504,0.9946249723434448,0.008728000335395336,0,-0.021776000037789345,-0.011032000184059143,0.999701976776123,0,0,0.5151039958000183,0,1,0.9186429977416992,-0.39372798800468445,-0.0327490009367466,0,0.3938100039958954,0.9191820025444031,-0.004195000045001507,0,0.03175399824976921,-0.00904299970716238,0.9994549751281738,0,0,0.21173200011253357,0,1,0.7869369983673096,-0.4801129996776581,-0.38758501410484314,0,0.6061779856681824,0.7188500165939331,0.34029799699783325,0,0.11523400247097015,-0.5027379989624023,0.8567240238189697,0,-0.09657900035381317,0.22366200387477875,0.018028000369668007,1,0.21289700269699097,0.03048800118267536,0.9765989780426025,0,-0.9676240086555481,-0.1321060061454773,0.21506500244140625,0,0.13557100296020508,-0.9907670021057129,0.0013760003494098783,0,-0.6075040102005005,0.945747971534729,0.000686999992467463,1,0.8263199925422668,0.5624979734420776,0.028108999133110046,0,-0.4346979856491089,0.6052550077438354,0.6668609976768494,0,0.35809600353240967,-0.563260018825531,0.7446519732475281,0,0,1.2394499778747559,0,1,0.516910970211029,-0.831758975982666,-0.20243500173091888,0,0.8473209738731384,0.46347200870513916,0.25930601358413696,0,-0.12185699492692947,-0.3055660128593445,0.9443410038948059,0,0,1.462831974029541,0,1,0.8684509992599487,-0.3063279986381531,0.3898159861564636,0,0.38156598806381226,0.9150069952011108,-0.13103200495243073,0,-0.3165459930896759,0.2625350058078766,0.9115229845046997,0,0,1.8628220558166504,0,1,0.9877899885177612,-0.12005999684333801,0.09927699714899063,0,0.035326000303030014,0.7932680249214172,0.6078479886054993,0,-0.1517309993505478,-0.5969190001487732,0.7878230214118958,0,0,0.27894100546836853,0,1,0.9979199767112732,-0.03600500151515007,0.053474001586437225,0,-0.02267500013113022,0.5804539918899536,0.8139770030975342,0,-0.060346998274326324,-0.8134959936141968,0.5784299969673157,0,0,0.3043909966945648,0,1,0.9970809817314148,-0.01194700039923191,0.07540600001811981,0,-0.02538900077342987,0.879580020904541,0.4750730097293854,0,-0.07200200110673904,-0.4756009876728058,0.8767099976539612,0,0.006897000130265951,0.2651579976081848,0.06799700111150742,1,-0.6496670246124268,-0.06582699716091156,0.7573630213737488,0,0.5737869739532471,-0.6959890127182007,0.43170300126075745,0,0.49869900941848755,0.7150290012359619,0.48993200063705444,0,0.7677279710769653,-0.38479098677635193,0.04862099885940552,1,0.9515479803085327,-0.19708700478076935,-0.2360360026359558,0,-0.045527998358011246,0.6688389778137207,-0.7420120239257812,0,0.3041110038757324,0.7168059945106506,0.6274600028991699,0,0,2.8149828910827637,0,1,0.910485029220581,-0.1812240034341812,0.37171998620033264,0,-0.19478000700473785,0.6049910187721252,0.7720410227775574,0,-0.36480000615119934,-0.7753350138664246,0.5155360102653503,0,0,2.666728973388672,0,1,0.9604899883270264,-0.08467499911785126,0.2651219964027405,0,-0.1043189987540245,0.7736150026321411,0.6250090003013611,0,-0.25802600383758545,-0.6279720067977905,0.7342159748077393,0,0,0.5788760185241699,0,1,-0.9014880061149597,0.3929370045661926,-0.18143600225448608,0,-0.43250301480293274,-0.802282989025116,0.41144001483917236,0,0.016107000410556793,0.4493800103664398,0.8931949734687805,0,-0.7677279710769653,-0.38479098677635193,0.06475500017404556,1,0.9871640205383301,-0.0033110007643699646,0.15967600047588348,0,0.13156700134277344,0.583636999130249,-0.8012850284576416,0,-0.09053999930620193,0.8120080232620239,0.5765810012817383,0,0,2.815056085586548,0,1,0.7941380143165588,0.561896026134491,-0.23155200481414795,0,0.06978499889373779,0.29417601227760315,0.9531999826431274,0,0.603717029094696,-0.7731320261955261,0.19440500438213348,0,0,2.6650030612945557,0,1,0.9809280037879944,0.03199300169944763,-0.19171899557113647,0,0.10105899721384048,0.7586119771003723,0.6436579823493958,0,0.16603299975395203,-0.6507570147514343,0.740909993648529,0,0,0.5352979898452759,0,1
K0.133,0.5668306350708008,0.07594215869903564,0.8203262090682983,0,-0.06930781155824661,0.9966080188751221,-0.04437132179737091,0,-0.8209142088890076,-0.03170470893383026,0.570171594619751,0,0.04987109452486038,5.273324012756348,0.1353367120027542,1,0.9999390244483948,0.006556106731295586,0.008902248926460743,0,-0.007946145720779896,0.9860190153121948,0.16644495725631714,0,-0.007687228731811047,-0.16650597751140594,0.9860110282897949,0,0,0.6926249861717224,-0.010666999965906143,1,0.9987670183181763,-0.04369289427995682,-0.023546626791357994,0,0.0455588661134243,0.9952870011329651,0.08560393005609512,0,0.019695637747645378,-0.08657091856002808,0.996051013469696,0,0,0.8081579804420471,0,1,0.9990530014038086,-0.0321628674864769,-0.029317641630768776,0,0.028621908277273178,0.9930570125579834,-0.11409605294466019,0,0.0327836312353611,0.11314805597066879,0.9930369853973389,0,0,0.9236099720001221,0,1,0.9457277655601501,-0.004331931937485933,-0.32493069767951965,0,0.025172045454382896,0.9978830218315125,0.059962160885334015,0,0.32398369908332825,-0.0648871660232544,0.9438347220420837,0,0,1.0390599966049194,0,1,0.8549976348876953,-0.24409455060958862,-0.45759934186935425,0,0.20842452347278595,0.9696518182754517,-0.1278051882982254,0,0.47490835189819336,0.01389879547059536,0.8799248337745667,0,0,0.4586620032787323,0.06377600133419037,1,0.11295056343078613,-0.015329943969845772,-0.9934820532798767,0,0.9789250493049622,-0.16950000822544098,0.11391056329011917,0,-0.17014101147651672,-0.9854109883308411,-0.0041379802860319614,0,0.6075040102005005,0.945813000202179,-0.003561000106856227,1,0.9819559454917908,-0.12112975865602493,0.14522169530391693,0,0.005374842323362827,0.7854981422424316,0.6188408136367798,0,-0.18903221189975739,-0.6068936586380005,0.7719761729240417,0,0,1.2394499778747559,0,1,0.8456499576568604,0.5176932215690613,0.12988698482513428,0,-0.5326040387153625,0.8343399167060852,0.14216122031211853,0,-0.03477400541305542,-0.18939664959907532,0.981285035610199,0,0,1.4628150463104248,0,1,0.9881208539009094,0.1123422384262085,0.10486459732055664,0,-0.11413335055112839,0.9934019446372986,0.011213602498173714,0,-0.10291250050067902,-0.02304871380329132,0.9944228529930115,0,0,1.8628530502319336,0,1,0.9944220185279846,0.10415101051330566,0.016659947112202644,0,-0.10435700416564941,0.99446702003479,0.012031025253236294,0,-0.015314944088459015,-0.013703019358217716,0.9997889995574951,0,0,0.5151039958000183,0,1,0.9186429977416992,-0.3932560086250305,-0.03802504763007164,0,0.39336198568344116,0.9193699955940247,-0.00496600940823555,0,0.03691205009818077,-0.010395010933279991,0.9992640018463135,0,0,0.21173200011253357,0,1,0.7885140180587769,-0.4820520281791687,-0.38193193078041077,0,0.6051890254020691,0.7187409996986389,0.34228402376174927,0,0.10951194167137146,-0.5010359883308411,0.8584700226783752,0,-0.09657900035381317,0.22366200387477875,0.018028000369668007,1,0.12702809274196625,0.007670755498111248,0.9918690323829651,0,-0.9828490614891052,-0.13379894196987152,0.1269080638885498,0,0.1336849182844162,-0.990979015827179,-0.009457116946578026,0,-0.6075040102005005,0.945747971534729,0.000686999992467463,1,0.8495423197746277,0.5275083780288696,0.0035552578046917915,0,-0.4280085861682892,0.6853281259536743,0.5891807675361633,0,0.308361679315567,-0.502055823802948,0.8079937100410461,0,0,1.2394499778747559,0,1,0.35371193289756775,-0.9076704382896423,-0.22588041424751282,0,0.9008661508560181,0.26561567187309265,0.3433465361595154,0,-0.2516481876373291,-0.324933797121048,0.9116416573524475,0,0,1.462831974029541,0,1,0.8614116907119751,-0.09308282285928726,0.4993044137954712,0,0.23495717346668243,0.9445821046829224,-0.22926068305969238,0,-0.45029401779174805,0.3148026168346405,0.8355445265769958,0,0,1.8628220558166504,0,1,0.9877899885177612,-0.12005999684333801,0.09927699714899063,0,0.035326000303030014,0.7932680249214172,0.6078469753265381,0,-0.1517309993505478,-0.5969190001487732,0.7878230214118958,0,0,0.27894100546836853,0,1,0.9979199767112732,-0.03600500151515007,0.05347499996423721,0,-0.02267500013113022,0.5804539918899536,0.8139770030975342,0,-0.060346998274326324,-0.8134959936141968,0.5784310102462769,0,0,0.3043909966945648,0,1,0.9970809817314148,-0.01194700039923191,0.07540600001811981,0,-0.02538900077342987,0.879580020904541,0.4750730097293854,0,-0.07200100272893906,-0.4756009876728058,0.8767099976539612,0,0.006897000130265951,0.2651579976081848,0.06799700111150742,1,-0.654758095741272,-0.10469240695238113,0.7485527992248535,0,0.5601158142089844,-0.7321823835372925,0.38752955198287964,0,0.5075050592422485,0.6730144619941711,0.5380425453186035,0,0.7677279710769653,-0.38479098677635193,0.04862099885940552,1,0.9592570662498474,-0.18468382954597473,-0.2138187140226364,0,-0.037488903850317,0.6668919920921326,-0.7442110180854797,0,0.28003770112991333,0.7219050526618958,0.6327970623970032,0,0,2.8149828910827637,0,1,0.9018508791923523,-0.20054727792739868,0.3826831877231598,0,-0.20062309503555298,0.5900708436965942,0.7820271253585815,0,-0.38264328241348267,-0.7820470333099365,0.49192166328430176,0,0,2.666728973388672,0,1,0.9600989818572998,-0.08600099384784698,0.2661080062389374,0,-0.10462703555822372,0.7719789147377014,0.6269780397415161,0,-0.25935098528862,-0.6298030614852905,0.7321789264678955,0,0,0.5788760185241699,0,1,-0.8937918543815613,0.4216883182525635,-0.15269169211387634,0,-0.44667017459869385,-0.8064290285110474,0.38750380277633667,0,0.040270283818244934,0.41455063223838806,0.909135103225708,0,-0.7677279710769653,-0.38479098677635193,0.06475500017404556,1,0.9838489294052124,0.01845124363899231,0.17804820835590363,0,0.1310729682445526,0.6031532287597656,-0.7867818474769592,0,-0.12190736085176468,0.7974117994308472,0.5909931659698486,0,0,2.815056085586548,0,1,0.7918919920921326,0.5600690245628357,-0.2433711141347885,0,0.07692604511976242,0.3038701117038727,0.9496029615402222,0,0.6057969927787781,-0.770703911781311,0.19754807651042938,0,0,2.6650030612945557,0,1,0.9821230173110962,0.025102932006120682,-0.18655793368816376,0,0.10286901146173477,0.7584159970283508,0.6436010003089905,0,0.15764491260051727,-0.6512870192527771,0.7422760128974915,0,0,0.5352979898452759,0,1
